delta_t_s,640x360_size_byte,640x360_bitrate,seg_len_s,segment_mapper,320x180_size_byte,320x180_bitrate,480x272_size_byte,480x272_bitrate,512x288_size_byte,512x288_bitrate,960x544_size_byte,960x544_bitrate,1280x720_size_byte,1280x720_bitrate,320x180_vmaf_score,480x272_vmaf_score,512x288_vmaf_score,640x360_vmaf_score,960x544_vmaf_score,1280x720_vmaf_score
00:00:10.040333,1761748,1403736.0,10.040333,1,230676,184049.0,483348,385649.0,946580,754221.0,2769428,2206642.0,4694548,3740551.0,39.3576493495935,60.92234142276421,82.2979531020408,88.67168648979593,94.58654587755109,100.0
00:00:20.075333,1734676,1382900.0,10.035,2,239700,191760.0,507412,405929.0,946580,754622.0,2772436,2210213.0,4679508,3730549.0,17.024910938775506,30.25930400000001,78.56630999999996,86.90280730612248,93.89152424489804,100.0
00:00:30.105000,1743700,1390833.0,10.029667,3,239700,191053.0,504404,402035.0,949588,757423.0,2811540,2242578.0,4811860,3838101.0,15.2318662601626,30.77127121951218,82.19845281632651,90.34443338775516,96.42036763265303,100.0
00:00:40.129333,1809876,1444386.0,10.024333,4,221652,177321.0,459284,367427.0,973652,777030.0,2760404,2202962.0,4583252,3657701.0,45.25825702040819,69.95051755102041,80.3398650612245,86.7673955510204,93.85813155102039,100.0
00:00:50.169666,1686548,1343818.0,10.040333,5,233684,186947.0,489364,391491.0,919508,732651.0,2742356,2185071.0,4667476,3718981.0,45.71699032520324,63.81626276422764,83.19052865306124,89.79707832653062,93.98181342857133,100.0
00:01:00.204666,1743700,1390094.0,10.035,6,242708,193553.0,519444,414243.0,955604,761816.0,2760404,2200621.0,4670484,3723355.0,32.27299930894308,48.75729223577236,82.80883869387752,89.38696481632655,93.41479946938779,100.0
00:01:10.234333,1746708,1393233.0,10.029667,7,227668,182134.0,483348,386678.0,934548,745426.0,2751380,2194593.0,4661460,3718137.0,40.73329677551019,56.71852657142855,84.30239640816326,90.17413428571426,94.8279079591837,100.0
00:01:20.258666,1764756,1408377.0,10.024333,8,233684,186947.0,468308,374646.0,952596,760226.0,2784468,2222167.0,4721620,3768127.0,30.049116178861766,43.93698406504063,81.89971406504071,88.85884825203257,94.81951313008129,100.0
00:01:30.298999,1731668,1379769.0,10.040333,9,239700,191249.0,513428,409649.0,973652,775792.0,2829588,2254577.0,4664468,3716584.0,21.320552448979598,34.886061265306104,81.13030930612246,88.96048963265308,95.01128065306123,100.0
00:01:40.333999,1743700,1390094.0,10.035,10,233684,186947.0,465300,372240.0,916500,730642.0,2700244,2152660.0,4685524,3735345.0,12.586745894308944,22.151630894308934,84.7723116734694,90.90495555102038,95.794535755102,100.0
00:01:50.363666,1761748,1405229.0,10.029667,11,242708,193450.0,510420,406830.0,949588,757423.0,2769428,2208988.0,4682516,3734932.0,7.764036300813004,16.11222036585367,84.85468257142855,91.56634020408164,96.63186844897963,100.0
00:02:00.387999,1731668,1381971.0,10.024333,12,233684,186947.0,489364,391491.0,943572,753025.0,2769428,2210164.0,4691540,3744121.0,20.458244938775508,33.305816693877546,83.68419187755097,90.00635628571429,95.40786518367348,100.0
00:02:10.428332,1752724,1396546.0,10.040333,13,227668,182134.0,465300,372240.0,961620,766205.0,2766420,2204245.0,4679508,3728567.0,24.1160667073171,39.45996654471545,81.08496436734698,88.02935461224492,94.75063179591838,100.0
00:02:20.463332,1803860,1438054.0,10.035,14,242708,193553.0,519444,414243.0,970644,773806.0,2829588,2255775.0,4751700,3788101.0,26.740833591836754,38.868879836734706,84.36449612244895,90.17211383673462,95.15889632653058,100.0
00:02:30.492999,1692564,1350046.0,10.029667,15,239700,191760.0,492372,393897.0,910484,726232.0,2721300,2170600.0,4628372,3691745.0,11.420382682926828,21.58938678861789,83.76435885714288,90.3707199591837,95.75135616326534,100.0
00:02:40.517332,1785812,1425181.0,10.024333,16,233684,186947.0,483348,386678.0,955604,762627.0,2796500,2231769.0,4718612,3765726.0,17.864590081300808,29.051605934959355,83.31954048979594,89.68408273469386,95.2556873469388,100.0
00:02:50.557665,1731668,1379769.0,10.040333,17,236692,188849.0,498388,397649.0,946580,754221.0,2736340,2180278.0,4637396,3695013.0,12.319336530612249,20.905891755102033,84.37791833333327,90.571863495935,95.58410475609759,100.0
00:03:00.592665,1758740,1402084.0,10.035,18,221652,177321.0,465300,372240.0,964628,769010.0,2802516,2234193.0,4715604,3759325.0,33.84310239837398,46.38310089430895,83.86079126530612,89.69014599999996,94.91432004081628,100.0
00:03:10.622332,1710612,1364441.0,10.029667,19,233684,186258.0,483348,385252.0,916500,731031.0,2736340,2182596.0,4652436,3710939.0,30.599697836734688,42.58870669387752,84.20798281632653,90.30271502040819,95.56252473469385,100.0
00:03:20.646665,1749716,1396375.0,10.024333,20,245716,196572.0,519444,415555.0,955604,762627.0,2772436,2212564.0,4709588,3758524.0,7.947228902439022,16.29609451219511,84.4904842857143,91.00579281632659,95.93277089795916,100.0
00:03:30.686998,1758740,1401339.0,10.040333,21,236692,189353.0,492372,393897.0,952596,759015.0,2775444,2211435.0,4646420,3702203.0,16.74956674796748,34.83244422764228,76.5844719183673,87.94354375510206,94.96497102040821,100.0
00:03:40.721998,1906132,1519587.0,10.035,22,233684,186357.0,492372,392654.0,1015764,809776.0,3022100,2409247.0,5085588,4054280.0,12.148601142857139,21.149501755102044,78.5474391428571,89.0188507755102,95.0232719591837,100.0
00:03:50.751665,1569236,1251675.0,10.029667,23,221652,177321.0,456276,365020.0,877396,699840.0,2540820,2026643.0,4309524,3437421.0,26.68558426829268,36.435414999999985,84.71038510204082,90.28143893877558,95.13306477551028,100.0
00:04:00.775998,1746708,1393974.0,10.024333,24,233684,186947.0,486356,389084.0,937556,748224.0,2727316,2176556.0,4685524,3739320.0,28.27912832653061,40.050723959183664,83.85482310204084,89.9200619183674,95.2682048979592,100.0
00:04:10.816331,1761748,1403736.0,10.040333,25,245716,196049.0,522452,416849.0,961620,766205.0,2775444,2211435.0,4700564,3745345.0,11.186133292682927,21.55857142276423,83.61044236734699,90.65837204081636,96.13796926530607,100.0
00:04:20.851331,1740692,1387696.0,10.035,26,224660,179728.0,468308,374646.0,934548,745030.0,2760404,2200621.0,4652436,3708967.0,9.016863170731714,17.589693902439024,84.32540524390238,90.5687503252033,95.51829792682933,100.0
00:04:30.880998,1767764,1410028.0,10.029667,27,233684,186258.0,483348,385252.0,949588,757423.0,2778452,2216186.0,4718612,3763723.0,11.537503428571428,20.43920138775511,85.01229453061228,90.78499551020411,95.52863628571424,100.0
00:04:40.905331,1737684,1386772.0,10.024333,28,236692,189353.0,492372,393897.0,943572,753025.0,2772436,2212564.0,4682516,3736919.0,14.326530528455278,23.603239959349583,85.13348518367349,90.8204683673469,95.41618583673477,100.0
00:04:50.945664,1746708,1391753.0,10.040333,29,227668,182134.0,495380,396304.0,949588,756618.0,2769428,2206642.0,4664468,3716584.0,36.78378391836735,57.8779306530612,78.83197465306122,86.48722502040815,93.96267314285723,100.0
00:05:00.980664,1734676,1382900.0,10.035,30,242708,193553.0,507412,404648.0,943572,752224.0,2763412,2203019.0,4685524,3735345.0,1.4621567073170731,3.847437764227641,85.5115602040817,91.75763342857142,96.64609620408163,100.0
00:05:11.010331,1785812,1424423.0,10.029667,31,233684,186947.0,486356,389084.0,952596,759822.0,2790484,2225783.0,4733652,3775720.0,13.306647073170724,22.234529552845526,84.16110877551016,90.07189118367339,95.2833800408163,100.0
00:05:21.034664,1707604,1362767.0,10.024333,32,230676,184540.0,477332,381865.0,943572,753025.0,2748372,2193360.0,4634388,3698510.0,23.70551971428571,35.04179073469386,83.02735273469395,89.20914669387753,94.99270216326532,100.0
00:05:31.074997,1743700,1389356.0,10.040333,33,239700,191249.0,501396,400049.0,934548,744635.0,2766420,2204245.0,4700564,3745345.0,14.159382967479667,21.283737357723574,82.40297355102042,89.46346710204085,93.7848523265306,100.0
00:05:41.109997,1761748,1404482.0,10.035,34,224660,179728.0,459284,367427.0,970644,773806.0,2769428,2207815.0,4652436,3708967.0,20.760279877551028,31.299513265306103,83.05768661224491,89.06039453061217,94.67430971428566,100.0
00:05:51.139664,1773780,1414826.0,10.029667,35,242708,193450.0,507412,404433.0,955604,762221.0,2799508,2232981.0,4757716,3794914.0,4.621601747967479,10.75061853658537,84.01980686991871,90.25810613821147,95.51866686991872,100.0
00:06:01.163997,1710612,1365167.0,10.024333,36,242708,194166.0,507412,405929.0,931540,743423.0,2742356,2188559.0,4637396,3700911.0,5.944518658536586,13.912631707317077,83.67299738775513,90.12196787755104,95.40286142857138,100.0
00:06:11.204330,1776788,1415720.0,10.040333,37,224660,179728.0,465300,372240.0,976660,778189.0,2808532,2237799.0,4712596,3754932.0,15.322120244897963,23.463761469387745,83.40591359183668,89.6992908979591,95.13747151020411,100.0
00:06:21.239330,1737684,1385298.0,10.035,38,230676,183958.0,501396,399850.0,922516,735438.0,2784468,2219805.0,4772756,3804887.0,24.00849170731708,49.26435394308941,68.43784746938776,78.0382137959184,88.74512273469385,100.0
00:06:23.668997,443116,1459018.0,2.429667,39,67116,223720.0,136300,454333.0,253612,835051.0,734892,2419729.0,1294380,4261917.0,24.00849170731708,49.26435394308941,68.43784746938776,78.0382137959184,88.74512273469385,100.0
