delta_t_s,640x360_size_byte,640x360_bitrate,seg_len_s,segment_mapper,320x180_size_byte,320x180_bitrate,480x272_size_byte,480x272_bitrate,512x288_size_byte,512x288_bitrate,960x544_size_byte,960x544_bitrate,1280x720_size_byte,1280x720_bitrate,320x180_vmaf_score,480x272_vmaf_score,512x288_vmaf_score,640x360_vmaf_score,960x544_vmaf_score,1280x720_vmaf_score
00:00:10.080000,1704972,1353152.0,10.08,92,231052,184841.0,474700,379760.0,952972,756326.0,2676556,2124250.0,4574604,3630638.0,25.40568095617529,42.55546131474105,75.12563124000005,81.46420072289148,89.70847506024101,100.0
00:00:20.160333,1732044,1374592.0,10.080333,93,240076,192060.0,501772,401417.0,952972,756301.0,2751756,2183861.0,4703948,3733168.0,18.587608600000003,32.25079240000001,74.80166453815255,81.2949473092369,89.78171614457828,100.0
00:00:30.240333,1819276,1443869.0,10.08,94,231052,184258.0,483724,385757.0,904844,718130.0,2968332,2355819.0,4761100,3778650.0,15.438005617529877,30.663449800796812,75.1646327309237,84.16921257028106,93.87046771084336,100.0
00:00:40.320333,1762124,1398511.0,10.08,95,243084,194467.0,516812,413449.0,1007116,802482.0,2715660,2155285.0,4803212,3812073.0,16.716783200000002,30.65155984000002,70.28486465863445,82.90976759036143,91.89395325301206,100.0
00:00:50.400333,1698956,1348377.0,10.08,96,228044,182435.0,462668,370134.0,892812,709683.0,2799884,2222130.0,4682892,3716580.0,5.0715176095617505,13.979886533864535,46.62624212851404,79.34021895161293,90.42502923387094,100.0
00:01:00.480666,1798220,1427111.0,10.080333,97,243084,193949.0,516812,412349.0,983052,780174.0,2781836,2207733.0,4776140,3790462.0,5.531787719999999,11.940765080000002,33.335120763052245,81.08475453815258,91.26631867469881,100.0
00:01:10.560666,1680908,1334053.0,10.08,98,228044,182435.0,468684,374947.0,904844,720991.0,2649484,2102765.0,4481356,3556631.0,3.373048844621514,7.152592031872512,16.277538835341367,85.50325485943776,93.92359883534134,100.0
00:01:20.640666,1834316,1455806.0,10.08,99,231052,184160.0,483724,385552.0,940940,747544.0,2857036,2267488.0,4776140,3790587.0,2.3060259200000006,4.437406960000004,33.39091674698797,83.66931566265062,92.52117128514057,100.0
00:01:30.720666,1741068,1381800.0,10.08,100,240076,192060.0,498764,399011.0,961996,763488.0,2769804,2198257.0,4718988,3745228.0,28.250722310756977,45.84541976095618,67.7536718875502,85.93351282258071,93.22496028225807,100.0
00:01:40.800999,1695948,1345946.0,10.080333,101,237068,189654.0,507788,406230.0,986060,782561.0,2706636,2148052.0,4589644,3642454.0,8.106780720000003,12.547012759999992,29.698414698795176,84.75566457831319,93.90156012048188,100.0
00:01:50.880999,1825292,1448644.0,10.08,102,231052,184258.0,483724,385757.0,937932,747356.0,2962316,2351044.0,5034828,3995895.0,6.534621553784858,14.835427011952197,41.32246951807227,79.98765204819274,90.38743080321281,100.0
00:02:00.960999,1710988,1357926.0,10.08,103,240076,192060.0,498764,399011.0,928908,737985.0,2730700,2167222.0,4415180,3504111.0,23.914302240000016,52.335763960000016,62.994496746987956,82.9880753413655,92.65315538152612,100.0
00:02:11.040999,1671884,1326892.0,10.08,104,237068,189654.0,480716,384572.0,949964,753939.0,2553228,2026371.0,4463308,3542307.0,24.709540557768936,51.088847888446224,68.24020243999998,81.82547802419356,90.79427435483873,100.0
00:02:21.121332,1795212,1424724.0,10.080333,105,240076,191549.0,504780,402749.0,958988,761076.0,2872076,2279350.0,4872396,3866853.0,5.109556160000001,12.547146079999997,46.785425943775095,74.92010253012049,87.66045566265065,100.0
00:02:31.241332,1762124,1392983.0,10.12,106,231052,184841.0,486732,389385.0,937932,741448.0,2766796,2187190.0,4637772,3666222.0,2.6949229600000018,8.052821320000003,22.71747983935744,88.21485365461841,95.04125096385543,100.0
00:02:41.321332,1735052,1377025.0,10.08,107,234060,186557.0,489740,390347.0,943948,752149.0,2745740,2179158.0,4643788,3685546.0,1.294857609561753,3.7093514342629494,25.87031955823293,87.88509441767064,94.6577037751003,100.0
00:02:51.401332,1771148,1405673.0,10.08,108,240076,192060.0,498764,399011.0,955980,756887.0,2808908,2229292.0,4797196,3807298.0,2.95477576,7.875414480000002,18.84444285140562,83.91935080645159,92.96866116935483,100.0
00:03:01.481665,1695948,1345946.0,10.080333,109,231052,184841.0,480716,384572.0,928908,737204.0,2712652,2152827.0,4613708,3661552.0,4.108381354581672,8.987074621513942,22.716333253012042,87.40029457831326,95.39747859437747,100.0
00:03:11.561665,1807244,1434320.0,10.08,110,231052,184258.0,477708,380960.0,913868,725292.0,2838988,2253165.0,4758092,3776263.0,8.017064999999999,17.3957386,36.16376686746986,88.26000136546185,95.11218634538153,100.0
00:03:21.641665,1668876,1324504.0,10.08,111,234060,187248.0,489740,391792.0,958988,761101.0,2676556,2124250.0,4538508,3601990.0,8.946783346613545,17.803420000000003,48.406259638554204,86.6961489558233,93.65790192771084,100.0
00:03:31.721665,1786188,1417609.0,10.08,112,246092,196873.0,513804,411043.0,989068,788101.0,2796876,2219742.0,4758092,3776263.0,4.8326255200000015,7.982871200000004,10.399466104417671,76.35678431451615,86.94540008064521,100.0
00:03:41.801998,1774156,1408013.0,10.080333,113,237068,189149.0,492748,393149.0,955980,761711.0,2814924,2233992.0,4697932,3728394.0,7.606081992031879,11.577752589641442,24.731221124498,81.32051646586348,90.79471574297186,100.0
00:03:51.881998,1713996,1360314.0,10.08,114,234060,187248.0,489740,391792.0,937932,747728.0,2766796,2195869.0,4761100,3778650.0,3.981211159999999,6.072716520000002,9.764606506024098,78.71904216867468,90.78018453815268,100.0
00:04:01.961998,1774156,1408060.0,10.08,115,228044,181762.0,480716,383155.0,928908,737985.0,2772812,2200644.0,4637772,3680771.0,8.831323346613548,14.762926414342614,19.27435875502008,84.55806497991973,94.30618152610447,100.0
00:04:12.041998,1723020,1367476.0,10.08,116,237068,189654.0,483724,386979.0,922892,735372.0,2742732,2176771.0,4658828,3697482.0,7.379154120000003,15.007318119999995,32.05005279999999,80.82650080645168,90.60833141129041,100.0
00:04:22.122331,1750092,1388916.0,10.080333,117,237068,189654.0,504780,403824.0,983052,783282.0,2757772,2188635.0,4667852,3704522.0,5.465401912350596,11.072663187251003,21.627301767068264,80.71620526104424,90.44784012048189,100.0
00:04:32.202331,1915532,1520263.0,10.08,118,240076,191454.0,495756,395352.0,949964,754313.0,3064588,2432212.0,5188236,4117647.0,5.8298089999999965,10.010390599999996,11.51558112449799,66.98488337349397,80.25247016064257,100.0
00:04:42.282331,1572620,1248111.0,10.08,119,231052,184841.0,468684,374947.0,907852,720517.0,2429900,1928492.0,4078284,3236733.0,8.157515879999998,16.5877636,41.69268096385542,83.03613321285141,91.84379100401604,100.0
00:04:52.362331,1738060,1379412.0,10.08,120,231052,184841.0,483724,386979.0,937932,744390.0,2766796,2195869.0,4691916,3723742.0,11.758339482071717,22.893267131474104,47.56659815261046,86.30673306451618,93.44357213709674,100.0
00:05:02.442664,1729036,1372205.0,10.080333,121,243084,193949.0,516812,412349.0,995084,789723.0,2772812,2200571.0,4670860,3706909.0,2.633535639999998,7.150976440000006,34.74530502008034,83.53131397590357,92.01206803212858,100.0
00:05:12.522664,1810252,1436707.0,10.08,122,237068,189654.0,492748,394198.0,952972,759340.0,2808908,2229292.0,4779148,3792974.0,6.208430039840637,9.697141992031865,20.911825100401597,84.20900506024104,92.59702000000001,100.0
00:05:22.602664,1762124,1398511.0,10.08,123,234060,186557.0,474700,378360.0,904844,718867.0,2841996,2255552.0,4697932,3728517.0,12.422069440000003,23.361445320000005,40.741807469879525,85.34642100401608,93.29479626506024,100.0
00:05:32.682664,1723020,1367476.0,10.08,124,240076,192060.0,507788,406230.0,986060,782587.0,2751756,2183933.0,4734028,3757165.0,15.264168286852593,23.841226334661364,41.99348975903615,86.81208132530121,94.27332493975908,100.0
00:05:42.762997,1753100,1391303.0,10.080333,125,228044,182435.0,471692,377353.0,925900,734816.0,2691596,2136116.0,4595660,3647228.0,3.2799673599999988,9.7730544,17.50738132530121,81.82990354838705,92.08075794354842,100.0
