delta_t_s,640x360_size_byte,640x360_bitrate,seg_len_s,segment_mapper,320x180_size_byte,320x180_bitrate,480x272_size_byte,480x272_bitrate,512x288_size_byte,512x288_bitrate,960x544_size_byte,960x544_bitrate,1280x720_size_byte,1280x720_bitrate,320x180_vmaf_score,480x272_vmaf_score,512x288_vmaf_score,640x360_vmaf_score,960x544_vmaf_score,1280x720_vmaf_score
00:00:10.035000,1731668,1380502.0,10.035,6,227668,181559.0,459284,366267.0,928532,740234.0,2697236,2150262.0,4646420,3704171.0,34.59953868525893,55.04867374501992,75.07141843999997,84.35762847999993,92.39418764000003,100.0
00:00:20.064667,1764756,1407628.0,10.029667,7,239700,191760.0,498388,398710.0,946580,755024.0,2772436,2211388.0,4715604,3761324.0,45.586446199999976,68.19743732,77.88543396,84.75075079999999,91.82957836000001,100.0
00:00:30.089000,1734676,1384372.0,10.024333,8,236692,189353.0,498388,398710.0,940564,750624.0,2763412,2205363.0,4667476,3724916.0,37.85392796812751,58.508088764940226,75.82603895999996,83.38603311999996,91.06143716000003,100.0
00:00:40.129333,1861012,1482828.0,10.040333,9,236692,188849.0,495380,395249.0,1015764,809346.0,3013076,2400777.0,5151764,4104855.0,24.788034399999997,41.54946772000003,68.04924515999997,76.95219548000001,89.55825176000002,100.0
00:00:50.164333,1608340,1282184.0,10.035,10,227668,182134.0,474324,379459.0,874388,697070.0,2549844,2032760.0,4423828,3526718.0,14.159781992031876,41.415557250996024,62.39708952,73.95856375999999,88.77282483999998,100.0
00:01:00.194000,1942228,1549186.0,10.029667,11,242708,193450.0,519444,414023.0,1048852,836599.0,3091284,2465712.0,5025428,4008450.0,15.73105592,42.784444640000025,66.53392843999998,77.347402,90.78497220000004,100.0
00:01:10.218333,1638420,1307554.0,10.024333,12,227668,182134.0,474324,379459.0,883412,705014.0,2483668,1982111.0,4141076,3304819.0,33.329801792828704,65.29594948207173,78.15490507999995,86.01468004000006,93.86114452000001,100.0
00:01:20.258666,1704596,1358198.0,10.040333,13,233684,186947.0,483348,386678.0,934548,744635.0,2712276,2161104.0,4691540,3738154.0,23.499591600000013,53.655353919999996,81.20319311999997,88.20135576000001,93.89304775999997,100.0
00:01:30.293666,1722644,1373308.0,10.035,14,233684,186357.0,492372,392654.0,925524,737836.0,2772436,2210213.0,4691540,3740141.0,22.366905896414345,38.25517521912353,74.16308300000001,83.04998784000003,91.83665428,100.0
00:01:40.323333,1870036,1491603.0,10.029667,15,248724,198979.0,522452,417961.0,1009748,805408.0,3004052,2396132.0,5187860,4138011.0,14.763786160000002,25.016304240000007,67.87548423999999,77.37476280000004,89.67669572,100.0
00:01:50.347666,1731668,1381971.0,10.024333,16,221652,177321.0,447252,357801.0,949588,757826.0,2691220,2147749.0,4393748,3506466.0,15.369300996015939,27.98353247011952,80.12261231999996,89.15780207999998,95.8483624,100.0
00:02:00.387999,1830932,1458861.0,10.040333,17,239700,191249.0,507412,404849.0,970644,773395.0,2892756,2304908.0,4926164,3925100.0,13.511751480000001,23.030935720000013,85.20278444000004,93.48023675999998,98.0838692,100.0
00:02:10.422999,1677524,1337338.0,10.035,18,242708,194166.0,510420,408336.0,925524,737836.0,2673172,2131078.0,4456916,3553096.0,20.470300996015936,35.27740179282868,84.92711072000002,92.17841516000003,97.07957975999999,100.0
00:02:20.452666,1707604,1362042.0,10.029667,19,227668,181462.0,462292,368470.0,904468,721434.0,2697236,2151406.0,4667476,3722935.0,20.150920440000007,32.44134707999999,73.98506095999996,83.95664912000005,92.7030178000001,100.0
00:02:30.476999,1638420,1307554.0,10.024333,20,230676,184540.0,489364,391491.0,898452,717016.0,2616020,2087735.0,4408788,3518468.0,26.577657529880472,57.98796860557773,71.43473543999998,81.3230894,92.37412531999996,100.0
00:02:40.517332,1752724,1396546.0,10.040333,21,236692,189353.0,507412,405929.0,967636,770999.0,2805524,2235403.0,4772756,3802866.0,22.889791280000008,54.795724359999994,68.12224952,78.88669824000003,91.58216043999998,100.0
00:02:50.552332,1948244,1553159.0,10.035,22,239700,191154.0,513428,409445.0,1036820,826563.0,3052180,2433227.0,5058516,4032698.0,24.371283227091638,51.07930494023905,72.40383919999996,81.06917372000001,92.32842416,100.0
00:03:00.581999,1560212,1244477.0,10.029667,23,218644,174915.0,456276,365020.0,850324,678247.0,2510740,2002650.0,4345620,3466212.0,31.27812072,51.448437879999986,80.27171315999989,87.97974423999999,95.27792687999997,100.0
00:03:10.606332,1719636,1372369.0,10.024333,24,230676,184540.0,486356,389084.0,934548,745823.0,2718292,2169354.0,4586260,3660101.0,23.405207211155393,50.1681089641434,74.22841472000003,84.67185960000003,95.36957919999998,100.0
00:03:20.646665,1972308,1571508.0,10.040333,25,242708,193649.0,522452,416849.0,1048852,835710.0,3148436,2508630.0,5356308,4267832.0,22.03730612000001,41.181195400000014,79.61592156000003,88.37247787999998,96.05051131999998,100.0
00:03:30.681665,1695572,1351726.0,10.035,26,233684,186947.0,483348,386678.0,928532,740234.0,2700244,2152660.0,4604308,3670599.0,30.7033971314741,56.0156321115538,77.36229351999995,86.13049696,95.15005699999998,100.0
00:03:40.711332,1575252,1256474.0,10.029667,27,224660,179065.0,468308,373265.0,856340,683045.0,2465620,1966661.0,4098964,3269471.0,38.11720443999997,57.59741007999998,83.53261432000001,90.54569936,96.08915708000005,100.0
00:03:50.735665,1776788,1417980.0,10.024333,28,236692,189353.0,519444,415555.0,961620,767428.0,2820564,2250973.0,4781780,3816138.0,14.94727223107569,27.632848366533874,77.10497804000005,86.18559543999999,94.86444331999999,100.0
00:04:00.775998,1746708,1391753.0,10.040333,29,233684,186947.0,474324,379459.0,946580,754221.0,2766420,2204245.0,4679508,3728567.0,6.989423560000001,17.12701212,73.81862388000005,83.94143127999995,93.54273287999996,100.0
00:04:10.810998,1752724,1397288.0,10.035,30,236692,188755.0,489364,390255.0,949588,757020.0,2775444,2212611.0,4685524,3735345.0,0.2599401992031873,5.5776486852589615,71.90781708000003,81.60838404,92.16199112000001,100.0
00:04:20.840665,1854996,1479607.0,10.029667,31,251732,201385.0,531476,425180.0,997716,795811.0,2901780,2314557.0,4844948,3864493.0,8.86613936,18.53224008000001,77.29897059999999,86.28594311999997,93.9035164,100.0
00:04:30.864998,1644436,1312355.0,10.024333,32,227668,182134.0,480340,384272.0,922516,736221.0,2691220,2147749.0,4535124,3619292.0,17.748384701195214,25.996678565737056,79.02372531999997,87.34307811999996,94.05912147999999,100.0
00:04:40.905331,1737684,1384562.0,10.040333,33,227668,181649.0,471316,376049.0,928532,739841.0,2706260,2156310.0,4715604,3757328.0,8.344573839999997,14.769692799999998,73.05572316,83.25753912,92.77309828,100.0
00:04:50.940331,1752724,1397288.0,10.035,34,233684,186947.0,480340,384272.0,937556,747428.0,2778452,2215009.0,4646420,3704171.0,10.194328207171315,19.39815211155379,77.27660015999997,85.9396795200001,94.26612012000002,100.0
00:05:00.969998,1746708,1393233.0,10.029667,35,239700,191053.0,501396,399638.0,946580,755024.0,2778452,2216186.0,4682516,3734932.0,0.70642828,2.3553551200000005,73.51716379999998,82.7189854000001,92.67633564000008,100.0
00:05:10.994331,1749716,1396375.0,10.024333,36,239700,191760.0,504404,403523.0,952596,760226.0,2778452,2217366.0,4706580,3756124.0,4.619391274900399,11.266172270916341,72.70343431999997,82.07569631999996,92.58501031999998,100.0
00:05:21.034664,1873044,1492415.0,10.040333,37,236692,189353.0,492372,393897.0,1009748,804553.0,2940884,2343256.0,4974292,3963447.0,4.688219879999998,8.260857399999997,73.77295459999996,85.41036720000007,95.50521859999999,100.0
00:05:31.069664,1617364,1289378.0,10.035,38,227668,181559.0,468308,373463.0,877396,699468.0,2570900,2049546.0,4354644,3471564.0,11.506681799999996,23.96722099999999,73.01264904,82.06272447999999,91.34264299999997,100.0
00:05:41.099331,1746708,1393233.0,10.029667,39,245716,196572.0,516436,413148.0,949588,757423.0,2781460,2218586.0,4700564,3749328.0,4.783590756972112,12.957211832669321,70.52890992,80.41159436,90.32802263999992,100.0
00:05:51.123664,1752724,1398775.0,10.024333,40,224660,179728.0,459284,367427.0,943572,753025.0,2760404,2202962.0,4670484,3727317.0,12.227815919999998,21.848758719999996,70.19428548,80.38230384000006,90.01520988000001,100.0
00:06:01.163997,1854996,1478035.0,10.040333,41,236692,188849.0,489364,390449.0,982676,782982.0,2853652,2273750.0,4856980,3869975.0,12.98789131474103,23.74786155378485,74.78995592000001,82.49301267999996,90.71535268000001,100.0
00:06:11.198997,1605332,1279786.0,10.035,42,233684,186947.0,492372,393897.0,898452,716254.0,2646100,2109496.0,4450900,3548300.0,21.80326811999999,61.48066767999997,69.14679144,80.80495244000005,92.81846336000001,100.0
00:06:21.228664,1776788,1417225.0,10.029667,43,245716,195848.0,522452,416420.0,964628,769419.0,2820564,2249776.0,4772756,3806910.0,11.248738844621519,34.09506876494024,70.70165836,81.04331864000001,91.51412380000005,100.0
00:06:31.252997,1746708,1393974.0,10.024333,44,233684,186947.0,483348,386678.0,949588,757826.0,2769428,2210164.0,4685524,3739320.0,10.856824799999995,24.75274447999999,71.99840151999997,80.83201300000002,90.43220343999995,100.0
