delta_t_s,640x360_size_byte,640x360_bitrate,seg_len_s,segment_mapper,320x180_size_byte,320x180_bitrate,480x272_size_byte,480x272_bitrate,512x288_size_byte,512x288_bitrate,960x544_size_byte,960x544_bitrate,320x180_vmaf_score,480x272_vmaf_score,512x288_vmaf_score,640x360_vmaf_score,960x544_vmaf_score
00:00:10.040333,1746708,1391753.0,10.040333,1,236692,188849.0,498388,397649.0,946580,754221.0,2769428,2206642.0,59.21149876494027,75.3152078486056,85.01147412000002,89.67110360000001,100.0
00:00:20.075333,1725652,1375706.0,10.035,2,236692,189353.0,498388,398710.0,937556,747428.0,2742356,2186232.0,56.733286839999984,69.63728768000001,85.16792256000001,89.85543272000001,100.0
00:00:30.105000,1788820,1426823.0,10.029667,3,239700,191053.0,498388,397240.0,970644,774218.0,2802516,2235381.0,5.438465458167331,10.99485346613546,78.08040031999997,88.79686264000003,100.0
00:00:40.129333,1722644,1374769.0,10.024333,4,236692,189353.0,492372,393897.0,931540,743423.0,2751380,2195761.0,6.170544959999999,14.080380240000002,75.68195316000002,86.44172559999997,100.0
00:00:50.169666,1794836,1430100.0,10.040333,5,236692,189353.0,492372,393897.0,967636,770999.0,2847636,2268957.0,6.565653027888449,12.883298525896409,72.45223876000004,83.51742803999993,100.0
00:01:00.204666,1740692,1387696.0,10.035,6,233684,186357.0,489364,390255.0,946580,754622.0,2772436,2210213.0,0.32763508,0.86604736,78.52248276000007,89.50503575999996,100.0
00:01:10.234333,1752724,1398031.0,10.029667,7,224660,179728.0,453268,362614.0,955604,762221.0,2736340,2182596.0,1.291719561752988,3.5949612350597606,71.94677308,83.71306963999996,100.0
00:01:20.258666,1719636,1372369.0,10.024333,8,236692,189353.0,495380,396304.0,955604,762627.0,2766420,2207763.0,2.30351132,4.2433600799999995,80.99536883999995,88.56447615999997,100.0
00:01:30.298999,1722644,1372579.0,10.040333,9,233684,186449.0,486356,388049.0,913492,727857.0,2718292,2165897.0,5.145347131474099,7.580235537848607,83.99161088000005,90.42054476000001,100.0
00:01:40.333999,1764756,1406880.0,10.035,10,239700,191760.0,519444,415555.0,949588,757020.0,2778452,2215009.0,5.115518080000001,8.796310359999998,71.96930136000003,83.52454171999999,100.0
00:01:50.363666,1761748,1405229.0,10.029667,11,233684,186258.0,492372,392445.0,958612,764621.0,2835604,2261773.0,17.073909601593616,25.948674223107577,72.79916795999999,83.66711111999996,100.0
00:02:00.387999,1785812,1425181.0,10.024333,12,224660,179728.0,462292,369833.0,970644,774630.0,2796500,2231769.0,10.944629639999995,19.48439979999999,70.26645355999993,81.48586888000006,100.0
00:02:10.428332,1722644,1372579.0,10.040333,13,236692,189353.0,492372,393897.0,931540,742238.0,2712276,2161104.0,4.581681553784861,8.033133067729086,73.97376508,84.42827291999998,100.0
00:02:20.463332,1737684,1385298.0,10.035,14,236692,188755.0,507412,404648.0,937556,747428.0,2805524,2236591.0,1.2443877599999995,2.124329839999999,75.28850691999996,88.0991388,100.0
00:02:30.492999,1755732,1400430.0,10.029667,15,224660,179728.0,462292,369833.0,949588,757423.0,2787476,2223384.0,0.3725590438247013,1.0160019521912347,73.34821631999995,85.19145628000004,100.0
00:02:40.517332,1743700,1391573.0,10.024333,16,233684,186947.0,495380,396304.0,952596,760226.0,2721300,2171755.0,4.868350960000002,8.510750280000003,84.49648840000003,91.51262956000006,100.0
00:02:50.557665,1716628,1367785.0,10.040333,17,230676,184049.0,486356,388049.0,955604,761412.0,2754388,2194658.0,19.878325896414328,27.72707709163346,81.02152448,88.82250595999999,100.0
00:03:00.592665,1743700,1390094.0,10.035,18,230676,184540.0,495380,396304.0,919508,733040.0,2781460,2217407.0,5.600887120000001,9.0589538,83.10689643999994,90.41790896,100.0
00:03:10.622332,1749716,1395632.0,10.029667,19,239700,191053.0,480340,382855.0,949588,757423.0,2736340,2182596.0,32.73777545816734,38.174789641434245,85.05747580000003,89.74056751999998,100.0
00:03:20.646665,1752724,1398775.0,10.024333,20,242708,194166.0,510420,408336.0,949588,757826.0,2760404,2202962.0,32.278353120000006,38.01428972000001,85.79895004000001,90.63440972000001,100.0
00:03:30.686998,1755732,1398943.0,10.040333,21,236692,189353.0,492372,393897.0,958612,763808.0,2841620,2264163.0,26.419858764940233,32.7772528685259,83.97023200000002,89.52510240000002,100.0
00:03:40.721998,1731668,1380502.0,10.035,22,233684,186357.0,492372,392654.0,940564,749826.0,2685204,2140670.0,13.024962520000004,18.77739564,80.99329411999994,88.76705903999999,100.0
00:03:50.751665,1746708,1393233.0,10.029667,23,227668,182134.0,465300,372240.0,949588,757423.0,2775444,2213787.0,29.477222479999963,34.89143764,85.63458088000002,90.41920108000001,100.0
00:04:00.775998,1743700,1391573.0,10.024333,24,239700,191760.0,498388,398710.0,946580,755425.0,2763412,2205363.0,32.15381354581672,37.65883286852593,86.13745275999999,90.55939356,100.0
00:04:10.816331,1770772,1410926.0,10.040333,25,239700,191249.0,510420,407249.0,961620,766205.0,2823572,2249783.0,7.262248,9.78700684,78.28748316000001,87.34160604000004,100.0
00:04:20.851331,1719636,1370910.0,10.035,26,221652,177321.0,453268,362614.0,937556,747428.0,2709268,2159854.0,20.202839920318727,25.724914143426297,78.74753952000002,86.48090352000004,100.0
00:04:30.880998,1761748,1405229.0,10.029667,27,236692,188655.0,489364,390048.0,943572,752624.0,2778452,2216186.0,29.069936839999976,37.72110123999999,79.47200996000001,85.27711144000001,100.0
00:04:40.905331,1731668,1381971.0,10.024333,28,239700,191760.0,516436,413148.0,952596,760226.0,2763412,2205363.0,29.53772573705178,40.273382430278836,79.12093032000004,85.57836127999998,100.0
00:04:50.945664,1749716,1394149.0,10.040333,29,230676,184540.0,483348,386678.0,937556,747031.0,2757396,2197055.0,21.773623319999995,28.323495200000004,80.59457508000004,86.41665888000001,100.0
00:05:00.980664,1776788,1416472.0,10.035,30,239700,191154.0,495380,395052.0,967636,771408.0,2838612,2262969.0,5.8621317529880494,7.137083306772909,78.70225627999999,87.80525659999995,100.0
00:05:11.010331,1713620,1366840.0,10.029667,31,227668,182134.0,471316,377052.0,952596,759822.0,2709268,2161003.0,17.658801440000012,22.120727640000005,80.99152484000005,87.04683591999995,100.0
00:05:21.034664,1776788,1417980.0,10.024333,32,239700,191760.0,516436,413148.0,943572,753025.0,2787476,2224567.0,3.430272629482072,3.8950982071713147,83.81393784000002,91.20544871999995,100.0
00:05:31.074997,1710612,1362992.0,10.040333,33,230676,184049.0,483348,385649.0,943572,751825.0,2769428,2206642.0,0.020887760000000002,0.14856708000000002,80.94022403999992,89.41161984000009,100.0
00:05:41.109997,1752724,1397288.0,10.035,34,230676,184540.0,468308,374646.0,955604,761816.0,2826580,2253377.0,4.512254900398405,8.152297250996016,78.88117228000002,86.92365191999993,100.0
00:05:51.139664,1764756,1407628.0,10.029667,35,242708,193450.0,516436,411625.0,934548,745426.0,2715284,2165801.0,16.892455000000005,22.63649356,75.91711356000008,84.11836264000004,100.0
00:06:01.163997,1752724,1398775.0,10.024333,36,233684,186947.0,486356,389084.0,946580,755425.0,2775444,2214965.0,0.09897932270916335,0.325986374501992,74.64456468,83.36007307999998,100.0
00:06:11.204330,1782804,1420513.0,10.040333,37,227668,182134.0,465300,372240.0,973652,775792.0,2841620,2264163.0,1.1688155999999998,2.0637800000000004,74.92549256000002,83.58478732,100.0
00:06:21.239330,1710612,1363716.0,10.035,38,242708,193553.0,513428,409445.0,934548,745030.0,2712276,2162252.0,9.990823107569724,13.969679482071713,80.30201863999997,87.22453879999998,100.0
00:06:31.268997,1731668,1381236.0,10.029667,39,224660,179728.0,477332,381865.0,928532,740628.0,2748372,2192194.0,0.39917448,1.1056964399999993,74.72786776000004,86.72214359999997,100.0
00:06:41.293330,1794836,1432383.0,10.024333,40,239700,191760.0,495380,396304.0,976660,779431.0,2793492,2229368.0,1.4792102788844623,2.5384224302788847,83.51428348000006,91.83673512,100.0
00:06:51.333663,1716628,1367785.0,10.040333,41,236692,188849.0,486356,388049.0,916500,730254.0,2790484,2223419.0,3.044076040000002,5.92744116,75.90448432000007,85.60704508000012,100.0
00:07:01.368663,1710612,1363716.0,10.035,42,227668,182134.0,474324,379459.0,955604,761816.0,2694228,2147864.0,0.7699482071713143,1.2146591633466133,89.53024187999993,94.31231047999995,100.0
00:07:11.398330,1752724,1398031.0,10.029667,43,236692,188655.0,513428,409228.0,937556,747826.0,2760404,2201791.0,1.0757208399999996,1.5794030000000006,83.56227331999995,90.78864944000004,100.0
00:07:21.422663,1764756,1408377.0,10.024333,44,236692,189353.0,495380,396304.0,952596,760226.0,2811540,2243772.0,0.6193068,0.8374381999999999,76.79413987999997,88.06555011999998,100.0
00:07:31.462996,1812884,1444481.0,10.040333,45,227668,182134.0,471316,377052.0,982676,782982.0,2889748,2302511.0,0.014102151394422311,0.12154996015936255,79.03987447999992,89.36406256,100.0
00:07:41.497996,1698580,1354124.0,10.035,46,227668,181559.0,471316,375862.0,931540,742632.0,2679188,2135874.0,6.8854553199999975,9.559632599999997,83.97004223999996,90.75400460000004,100.0
00:07:51.527663,1716628,1369240.0,10.029667,47,233684,186947.0,489364,391491.0,955604,762221.0,2796500,2230582.0,8.067478047808768,12.094517848605584,77.28637364000001,85.707649,100.0
