delta_t_s,640x360_size_byte,640x360_bitrate,seg_len_s,segment_mapper,320x180_size_byte,320x180_bitrate,480x272_size_byte,480x272_bitrate,512x288_size_byte,512x288_bitrate,960x544_size_byte,960x544_bitrate,1280x720_size_byte,1280x720_bitrate,320x180_vmaf_score,480x272_vmaf_score,512x288_vmaf_score,640x360_vmaf_score,960x544_vmaf_score,1280x720_vmaf_score
00:00:10.080000,1735052,1377025.0,10.08,47,234060,187248.0,486732,389385.0,931916,742562.0,2694604,2138574.0,4637772,3680771.0,26.65313,47.169791872509926,63.22619256000002,81.67126116000003,91.87141,100.0
00:00:20.160000,1762124,1398511.0,10.08,48,234060,187248.0,489740,391792.0,949964,758126.0,2799884,2222130.0,4718988,3745228.0,11.32955553784861,25.157334223107586,34.12340578313256,85.09336771084342,94.42090971887548,100.0
00:00:30.240333,1807244,1434273.0,10.080333,49,234060,186749.0,477708,381149.0,925900,734816.0,2866060,2274575.0,4881420,3874014.0,1.735651912350597,5.909828486055775,10.597304,85.85092024096384,94.94233473895589,100.0
00:00:40.320333,1689932,1341215.0,10.08,50,231052,184841.0,480716,384572.0,928908,737228.0,2667532,2117088.0,4481356,3556631.0,3.4240889641434245,10.228514183266936,17.91939831325301,88.19671080321288,95.34137855421692,100.0
00:00:50.400333,1777164,1410447.0,10.08,51,237068,188955.0,498764,397540.0,952972,756326.0,2875084,2281812.0,4746060,3766714.0,10.50609684,23.227492759999986,42.769895180722884,83.30520248995984,92.26024991967871,100.0
00:01:00.480333,1732044,1374638.0,10.08,52,237068,189654.0,492748,394198.0,952972,756326.0,2661516,2112314.0,4700940,3730904.0,15.125015577689245,26.441861713147404,53.88614491999997,86.91561369477908,93.34721369477913,100.0
00:01:10.560666,1717004,1362656.0,10.080333,53,240076,192060.0,510796,408636.0,995084,789723.0,2775820,2202958.0,4670860,3706909.0,6.264447290836652,10.219588167330674,29.623635261044182,84.58094261044175,92.7750255823293,100.0
00:01:20.640666,1762124,1398511.0,10.08,54,225036,179460.0,465676,371364.0,925900,734841.0,2736716,2171996.0,4637772,3680771.0,8.00273597609562,17.60054593625499,43.10045036144581,80.49774626506029,89.39448991967876,100.0
00:01:30.720666,1783180,1415222.0,10.08,55,240076,192060.0,513804,411043.0,968012,768263.0,2826956,2243615.0,4712972,3740453.0,17.39286276000001,34.63626599999999,58.805463600000024,79.15094590361447,89.97543313253014,100.0
00:01:40.800666,1726028,1369863.0,10.08,56,234060,187248.0,492748,394198.0,949964,753939.0,2772812,2200644.0,4734028,3757165.0,5.8376888047808775,16.069799123505973,32.97274943775099,83.05975008032132,91.0509452208835,100.0
00:01:50.880999,1792204,1422337.0,10.080333,57,231052,184349.0,477708,381149.0,940940,746753.0,2832972,2248316.0,4797196,3807172.0,1.668751593625498,5.057966852589645,18.163898232931736,87.2342866666667,93.20739831325292,100.0
00:02:00.960999,1729036,1372250.0,10.08,58,231052,184841.0,474700,379760.0,904844,720991.0,2733708,2169609.0,4586636,3640187.0,1.412247250996016,3.5501327490039842,18.94357135999999,87.09479691999996,94.31794572000004,100.0
00:02:11.040999,1750092,1388961.0,10.08,59,240076,191352.0,498764,397540.0,946956,752323.0,2763788,2193482.0,4661836,3699869.0,17.509283067729083,25.981991553784873,61.94273827309239,87.10093080321283,93.64528827309242,100.0
00:02:21.120999,1774156,1408060.0,10.08,60,234060,187248.0,492748,394198.0,983052,780200.0,2802892,2224517.0,4734028,3757165.0,1.6835792799999998,6.008877800000002,39.24706220883531,83.88103819277106,93.24685698795174,100.0
00:02:31.201332,1735052,1376979.0,10.080333,61,237068,189654.0,486732,389385.0,910860,722880.0,2712652,2152827.0,4610700,3659164.0,7.620982270916338,15.551575219123515,47.30451436000001,84.61985317269081,92.59151502008037,100.0
00:02:41.281332,1701964,1350765.0,10.08,62,237068,189055.0,498764,397751.0,980044,777812.0,2751756,2183933.0,4712972,3740453.0,4.582861912350598,10.350816015936259,26.031493775100408,86.64505465863454,94.26524799196778,100.0
00:02:51.361332,1756108,1393736.0,10.08,63,237068,189654.0,501772,401417.0,961996,763488.0,2784844,2210193.0,4673868,3709419.0,3.3072737450199186,8.548749641434263,30.704374879999992,86.95937598393579,93.1771009638554,100.0
00:03:01.441332,1720012,1365088.0,10.08,64,234060,187248.0,492748,394198.0,952972,756326.0,2727692,2164834.0,4619724,3666447.0,3.8491657599999995,6.504052320000001,33.60877534136544,86.8157938554217,93.52714333333329,100.0
00:03:11.521665,1762124,1398464.0,10.080333,65,234060,186749.0,492748,393149.0,946956,751527.0,2826956,2243541.0,4743052,3764202.0,4.934237529880479,8.305073545816732,41.954104096385564,83.99193273092365,93.25421164658638,100.0
00:03:21.601665,1732044,1374638.0,10.08,66,234060,187248.0,483724,386979.0,928908,740165.0,2706636,2148123.0,4568588,3625863.0,1.7227066533864546,3.07541486055777,33.514209960000024,82.91386413654618,91.47517658634538,100.0
00:03:31.681665,1819276,1443869.0,10.08,67,228044,181762.0,471692,375962.0,907852,721256.0,2893132,2296136.0,4989708,3960085.0,3.4498643824701225,6.552216414342631,9.951826546184744,85.35313361445775,93.38447855421684,100.0
00:03:41.761665,1680908,1334053.0,10.08,68,231052,184841.0,486732,389385.0,940940,746777.0,2682572,2129025.0,4538508,3601990.0,5.6428639043824695,12.827129243027887,29.01549172690763,87.35113076305217,94.46120538152616,100.0
00:03:51.841998,1768140,1403239.0,10.080333,69,240076,192060.0,498764,399011.0,977036,775399.0,2769804,2198184.0,4595660,3647228.0,0.3582102,1.48438028,12.753270799999997,89.3412829317269,94.86326538152613,100.0
00:04:01.921998,1780172,1412834.0,10.08,70,240076,191454.0,507788,404948.0,961996,763488.0,2845004,2257939.0,4752076,3771488.0,2.1206876494023903,5.208223426294816,17.90120373493976,81.76253392000002,91.74848763999998,100.0
00:04:12.001998,1735052,1377025.0,10.08,71,225036,180028.0,474700,379760.0,952972,759340.0,2658508,2109926.0,4646796,3687933.0,3.5805575298804784,8.061688964143425,30.745172168674685,83.33055662650602,92.42926040160647,100.0
00:04:22.081998,1695948,1345990.0,10.08,72,231052,184841.0,474700,379760.0,892812,709683.0,2781836,2207806.0,4613708,3661673.0,3.068696892430279,9.813094422310762,36.64140312000001,84.76544915662652,92.73205594377514,100.0
00:04:32.162331,1762124,1398464.0,10.080333,73,240076,191549.0,495756,395549.0,952972,756301.0,2784844,2210120.0,4706956,3735555.0,5.7479753600000025,15.406327079999997,30.882435903614436,86.63184220883527,93.72504662650604,100.0
00:04:42.242331,1750092,1388961.0,10.08,74,237068,189654.0,501772,401417.0,983052,780200.0,2781836,2207806.0,4697932,3728517.0,1.026432470119522,4.7365998804780896,19.1070761445783,87.37263590361445,93.71899012048202,100.0
00:04:52.362331,1789196,1414384.0,10.12,75,237068,188955.0,498764,397540.0,968012,771324.0,2838988,2244259.0,4854348,3837429.0,3.073757091633467,11.318362430278883,16.938528032128517,85.02926289156628,93.8978473895582,100.0
00:05:02.402331,1876428,1495161.0,10.04,76,234060,187248.0,486732,389385.0,937932,748524.0,2965324,2362807.0,4893452,3899164.0,3.073757091633467,11.318362430278883,16.938528032128517,85.02926289156628,93.8978473895582,100.0
00:05:12.482664,1614732,1281490.0,10.080333,77,228044,182435.0,468684,374947.0,904844,718106.0,2565260,2035853.0,4418188,3506382.0,0.5309498804780876,5.799829402390437,16.891507751004013,83.39406839357426,91.6160987550201,100.0
00:05:22.562664,1771148,1405673.0,10.08,78,237068,189055.0,492748,392954.0,961996,763488.0,2778828,2205419.0,4673868,3709419.0,1.8769912799999993,6.016284560000001,18.37316812,84.7522783935743,91.42655734939758,100.0
00:05:32.642664,1689932,1341215.0,10.08,79,231052,184841.0,483724,386979.0,928908,737228.0,2703628,2145736.0,4586636,3640187.0,2.3143004780876506,8.97995577689243,22.047043935742966,85.16384265060243,91.99352582329314,100.0
00:05:42.722664,1744076,1384187.0,10.08,80,234060,187248.0,492748,394198.0,949964,753939.0,2754764,2186320.0,4676876,3711806.0,7.118834422310757,16.748527091633466,37.42871804000002,86.38611783132532,93.46473550200808,100.0
00:05:52.802997,1774156,1408013.0,10.080333,81,240076,191549.0,510796,407549.0,1004108,800059.0,2817932,2236380.0,4776140,3790462.0,2.9462129083665314,10.077443027888446,22.203249799196772,86.14868959999995,93.32192307999995,100.0
00:06:02.882997,1771148,1405673.0,10.08,82,231052,184841.0,486732,389385.0,952972,759718.0,2769804,2198257.0,4661836,3699869.0,7.249186759999998,11.037641079999997,15.950225502008037,84.56667465863455,94.41389883534139,100.0
00:06:12.962997,1720012,1365088.0,10.08,83,237068,188955.0,486732,387950.0,901836,716477.0,2760780,2191095.0,4643788,3685546.0,3.3459439043824726,8.549732390438242,18.56543256,83.42120309236944,91.28375959839359,100.0
00:06:23.042997,1732044,1374638.0,10.08,84,237068,189654.0,495756,396604.0,974028,773038.0,2769804,2198257.0,4694924,3726130.0,3.6842354581673313,7.674840717131471,12.93619602409639,86.46582248995985,92.96580787148584,100.0
00:06:33.123330,1852364,1470081.0,10.080333,85,240076,192060.0,498764,399011.0,971020,767579.0,2872076,2279350.0,4908492,3895499.0,3.9336192430278887,6.129073505976096,15.689296305220886,84.60808895582328,91.73599365461847,100.0
00:06:43.203330,1692940,1343603.0,10.08,86,231052,184258.0,483724,385757.0,898828,713355.0,2679564,2126638.0,4514444,3582892.0,3.857153466135459,5.9054158167330675,7.411093719999998,80.28082116465869,90.71742208835336,100.0
00:06:53.283330,1759116,1396123.0,10.08,87,231052,184841.0,465676,372540.0,925900,737768.0,2817932,2236453.0,4773132,3788200.0,0.7741274400000004,2.652845799999999,11.489734056224897,87.0211524899598,95.81735373493977,100.0
00:07:03.363330,1789196,1419996.0,10.08,88,243084,194467.0,519820,415856.0,1007116,800542.0,2793868,2217355.0,4761100,3778650.0,0.02269394422310757,0.19676139442231075,3.7548418875502003,85.67700429718877,94.68067710843376,100.0
00:07:13.443663,1662860,1319686.0,10.080333,89,231052,184349.0,483724,385949.0,904844,718106.0,2655500,2107470.0,4481356,3556514.0,4.184787490039842,8.333281075697212,33.833708640000005,82.34440445783136,91.13467767068265,100.0
00:07:23.523663,1723020,1367476.0,10.08,90,234060,187248.0,495756,396604.0,961996,766530.0,2760780,2191095.0,4637772,3680771.0,1.3330238247011947,3.715937131474106,21.343836626506036,85.43590457831326,92.52492333333325,100.0
00:07:33.603663,1798220,1427158.0,10.08,91,237068,188955.0,486732,387950.0,961996,764272.0,2838988,2253165.0,4779148,3792974.0,4.71429912,10.725835199999993,22.444836987951813,86.09629803212849,92.64057751004019,100.0
