delta_t_s,640x360_size_byte,640x360_bitrate,seg_len_s,segment_mapper,320x180_size_byte,320x180_bitrate,480x272_size_byte,480x272_bitrate,512x288_size_byte,512x288_bitrate,960x544_size_byte,960x544_bitrate,1280x720_size_byte,1280x720_bitrate,320x180_vmaf_score,480x272_vmaf_score,512x288_vmaf_score,640x360_vmaf_score,960x544_vmaf_score,1280x720_vmaf_score
00:00:10.040333,1822284,1451970.0,10.040333,1,237068,189149.0,504780,402749.0,971020,770625.0,2875084,2290827.0,4860364,3872671.0,23.02612781376518,47.589866518218585,62.69258186991867,79.74771317073177,91.12616967479671,100.0
00:00:20.075333,1744076,1390394.0,10.035,2,237068,189654.0,489740,391792.0,919884,732975.0,2848012,2270462.0,4860364,3874729.0,30.59656854251012,64.36537530364375,68.15311036437247,77.58126469635626,91.76949975708497,100.0
00:00:30.105000,1608716,1283166.0,10.029667,3,243084,193750.0,495756,395142.0,946956,755323.0,2514124,2005349.0,4201612,3351347.0,23.00330967611336,47.2399027935223,53.892017845528464,82.60699654471546,94.98411418699187,100.0
00:00:40.129333,1801228,1437484.0,10.024333,4,243084,194467.0,510796,408636.0,1016140,810938.0,2835980,2263276.0,4881420,3895656.0,11.208888663967606,24.02112089068824,46.33914520325203,84.60050772357727,94.42994113821146,100.0
00:00:50.169666,1771148,1411226.0,10.040333,5,231052,184841.0,471692,377353.0,916876,730554.0,2832972,2257273.0,4688908,3736057.0,9.784096680161943,26.61706647773281,49.17070886639677,75.05323651821861,87.08249902834001,100.0
00:01:00.204666,1927564,1536672.0,10.035,6,237068,189055.0,495756,395352.0,931916,742932.0,3037516,2421537.0,5257420,4191266.0,26.228410566801625,55.02174740890688,69.34967577235776,80.9419896747967,91.78431853658536,100.0
00:01:10.234333,1593676,1271169.0,10.029667,7,234060,187248.0,480716,384572.0,934924,742764.0,2559244,2041339.0,4204620,3353746.0,29.50794170040485,59.74282906882592,71.51610329268296,83.74809369918697,92.7695704878049,100.0
00:01:20.258666,1759116,1403876.0,10.024333,8,237068,189654.0,495756,396604.0,958988,764133.0,2715660,2167254.0,4595660,3667603.0,20.173411097560972,43.961974105691034,61.34673975708499,81.7016752631579,92.0045870445344,100.0
00:01:30.298999,1641804,1308166.0,10.040333,9,234060,186749.0,489740,390749.0,931916,742537.0,2712652,2161404.0,4715980,3757628.0,18.528709230769238,40.14189518218624,50.1197563414634,70.78266260162601,81.54348296747962,100.0
00:01:40.333999,1828300,1457538.0,10.035,10,240076,192060.0,507788,406230.0,1001100,798086.0,2841996,2265666.0,4728012,3769217.0,10.148679149797566,27.241033441295556,46.328734349593475,70.82369601626017,83.94545296747965,100.0
00:01:50.363666,1789196,1427122.0,10.029667,11,228044,181762.0,459660,366372.0,874764,694969.0,2872076,2290864.0,4854348,3871991.0,29.29097704453444,62.763619352226705,70.24542785425098,81.69115044534418,92.83048012145754,100.0
00:02:00.387999,1726028,1377470.0,10.024333,12,240076,192060.0,513804,411043.0,980044,780911.0,2775820,2215265.0,4743052,3785230.0,32.72764526315791,63.99002740890689,71.3180227642277,83.49520337398376,93.8089462195122,100.0
00:02:10.428332,1741068,1387259.0,10.040333,13,240076,192060.0,498764,399011.0,983052,783282.0,2667532,2125453.0,4433228,3532335.0,10.993163198380566,26.883879473684207,45.56604178137649,80.8700049797571,91.59624291497981,100.0
00:02:20.463332,1713996,1366414.0,10.035,14,234060,186656.0,465676,371364.0,898828,716554.0,2817932,2246482.0,4737036,3776411.0,32.4004162348178,62.94799785425097,72.2441433739837,83.88307536585367,92.94630817073177,100.0
00:02:30.492999,1744076,1391133.0,10.029667,15,234060,187248.0,507788,406230.0,986060,786514.0,2724684,2173299.0,4595660,3665653.0,28.601787813765156,57.66964700404851,68.77674589430893,82.42116040650406,92.08672727642274,100.0
00:02:40.517332,1738060,1387072.0,10.024333,16,231052,184841.0,483724,386979.0,925900,738921.0,2709644,2162453.0,4637772,3701211.0,15.45140792682927,36.414099756097556,48.063128542510135,83.51321672064783,93.22007939271256,100.0
00:02:50.557665,1704972,1358498.0,10.040333,17,237068,189149.0,486732,388349.0,901836,718570.0,2706636,2156610.0,4550540,3625808.0,18.42970412955464,38.21167388663967,54.164860528455364,78.57039707317068,90.23473052845522,100.0
00:03:00.592665,1975692,1575040.0,10.035,18,240076,192060.0,498764,399011.0,977036,778902.0,3142796,2505467.0,5305548,4229634.0,29.258437246963584,57.1910086234818,65.61574869918698,81.62625313008131,92.96547471544721,100.0
00:03:10.622332,1515468,1208788.0,10.029667,19,231052,184160.0,477708,380757.0,916876,731331.0,2390796,1906979.0,4096332,3267372.0,30.531227165991876,59.49655178137647,67.23047983805667,83.20023668016199,94.11511109311739,100.0
00:03:20.646665,1744076,1391873.0,10.024333,20,237068,189654.0,489740,391792.0,913868,729319.0,2772812,2212865.0,4664844,3722816.0,34.00285643724698,67.12395040485828,72.29932711382112,82.65111418699189,93.66382020325197,100.0
00:03:30.686998,1741068,1387259.0,10.040333,21,243084,194467.0,498764,399011.0,971020,773695.0,2772812,2209338.0,4694924,3740851.0,34.40288700404858,67.19145396761135,72.13586967479674,82.63562369918698,93.66406439024388,100.0
00:03:40.721998,1741068,1387996.0,10.035,22,237068,189055.0,495756,395352.0,937932,747728.0,2772812,2210512.0,4694924,3742839.0,25.05605570850205,49.66807744939271,62.23378898785425,81.82615429149807,92.86500599190283,100.0
00:03:50.751665,1837324,1465511.0,10.029667,23,237068,189654.0,507788,406230.0,1004108,800910.0,2899148,2312458.0,4914508,3919977.0,4.8128302834008085,12.346738380566807,33.29878430894309,79.47319361788611,90.90150975609758,100.0
00:04:00.775998,1735052,1384672.0,10.024333,24,231052,184841.0,486732,389385.0,943948,753325.0,2778828,2217666.0,4740044,3782830.0,3.9187684552845545,10.538095975609751,30.42430093495933,78.2796843089431,89.00848540650401,100.0
00:04:07.176331,1150748,1438360.0,6.400333,25,149084,187517.0,314524,395606.0,600284,750315.0,1782428,2227919.0,2973596,3716801.0,3.9187684552845545,10.538095975609751,30.42430093495933,78.2796843089431,89.00848540650401,100.0
