delta_t_s,640x360_size_byte,640x360_bitrate,seg_len_s,segment_mapper,320x180_size_byte,320x180_bitrate,480x272_size_byte,480x272_bitrate,512x288_size_byte,512x288_bitrate,960x544_size_byte,960x544_bitrate,1280x720_size_byte,1280x720_bitrate,320x180_vmaf_score,480x272_vmaf_score,512x288_vmaf_score,640x360_vmaf_score,960x544_vmaf_score,1280x720_vmaf_score
00:00:10.120333,1789196,1414337.0,10.120333,1,243084,193949.0,507788,405149.0,974028,776092.0,2854028,2256074.0,4743052,3749324.0,21.022597936507925,40.570710000000005,45.46335344,88.29946304,95.92953704000003,100.0
00:00:20.200333,1780172,1412834.0,10.08,2,231052,184841.0,483724,386979.0,931916,739982.0,2851020,2262714.0,4755084,3773876.0,28.546424900398407,52.147496494023926,61.272829359999974,81.36750364000002,91.02508136000002,100.0
00:00:30.280333,1726028,1369863.0,10.08,3,243084,193750.0,519820,414323.0,1004108,800086.0,2691596,2136187.0,4634764,3678384.0,15.127382896825388,27.156858492063495,32.476919280000004,83.35612064,95.11611055999998,100.0
00:00:40.360333,1780172,1412834.0,10.08,4,243084,194467.0,486732,389385.0,904844,722118.0,2787852,2212580.0,4652812,3692707.0,24.707701150793653,46.987906071428604,54.62847679999998,82.86735032,92.30643799999994,100.0
00:00:50.440666,1729036,1372205.0,10.080333,5,228044,182435.0,471692,377353.0,928908,737204.0,2784844,2210120.0,4737036,3759428.0,27.736071513944218,49.838617569721144,59.136281679999996,82.02433111999999,91.39884368,100.0
00:01:00.520665,1753100,1391349.0,10.08,6,228044,181859.0,486732,388156.0,949964,753939.0,2727692,2164834.0,4676876,3711806.0,24.229851944444444,42.65678761904763,55.84938652,81.89336340000004,91.37946835999998,100.0
00:01:10.600666,1723020,1367476.0,10.08,7,243084,194467.0,513804,411043.0,1004108,796911.0,2781836,2207806.0,4637772,3680771.0,3.544941150793651,16.033382658730154,25.389035039999996,82.03481891999999,91.16400588,100.0
00:01:20.680666,1750092,1388961.0,10.08,8,234060,187248.0,489740,391792.0,946956,751552.0,2784844,2210193.0,4679884,3714193.0,8.829511314741037,23.212744143426306,35.73741952000001,78.99146920000001,88.53828684000004,100.0
00:01:30.760999,1783180,1415175.0,10.080333,9,240076,191549.0,495756,395549.0,952972,759315.0,2857036,2267413.0,4842316,3842980.0,6.274653928571432,16.568758611111107,23.26787227999999,83.37565284000001,93.00474540000002,100.0
00:01:40.840999,1704972,1353152.0,10.08,10,222028,177622.0,456652,365321.0,868748,689824.0,2652492,2105152.0,4688908,3721355.0,1.780476984126984,10.509420634920634,15.90293440000002,81.39232891999997,91.61639108,100.0
00:01:50.920999,1819276,1443869.0,10.08,11,246092,196147.0,522828,416720.0,1022156,811234.0,2890124,2293749.0,4749068,3769101.0,5.275549442231074,13.527121235059761,21.583883599999993,84.32459288000003,93.41239503999999,100.0
00:02:01.000999,1704972,1353152.0,10.08,12,225036,180028.0,465676,372540.0,883788,704213.0,2811916,2231679.0,4682892,3716580.0,9.442923730158721,25.902902500000003,40.28371031999998,79.49754764000004,89.09805452000005,100.0
00:02:11.081332,1759116,1396077.0,10.080333,13,234060,187248.0,492748,394198.0,955980,758689.0,2703628,2145665.0,4535500,3599484.0,19.00348015873017,35.99509380952382,53.9485144,80.06105696000004,90.71684340000004,100.0
00:02:21.161332,1720012,1365088.0,10.08,14,243084,193853.0,516812,412144.0,1001100,794523.0,2685580,2131412.0,4634764,3678384.0,10.573412948207173,26.045303585657365,40.10917476000002,83.80610844000002,92.99484155999997,100.0
00:02:31.241332,1756108,1393736.0,10.08,15,231052,184841.0,486732,389385.0,952972,756326.0,2775820,2203031.0,4694924,3726130.0,10.941698690476182,26.22135718253968,41.06725863999999,83.73788124000002,92.80289139999994,100.0
00:02:41.321332,1735052,1377025.0,10.08,16,231052,184841.0,480716,384572.0,937932,744390.0,2784844,2210193.0,4700940,3730904.0,11.960792261904759,26.372275634920634,46.76071268000004,83.71931119999996,92.81515736000003,100.0
00:02:51.401665,1768140,1403239.0,10.080333,17,237068,189149.0,489740,390749.0,937932,744365.0,2775820,2202958.0,4589644,3642454.0,8.577636613545824,21.426686533864547,40.89324404,81.63580072000002,91.39016080000003,100.0
00:03:01.481665,1747084,1386574.0,10.08,18,237068,189654.0,501772,401417.0,968012,768263.0,2745740,2179158.0,4767116,3783425.0,11.08188448412699,26.44420674603175,40.34707272000001,83.74669396000002,92.85536775999995,100.0
00:03:11.561665,1741068,1381800.0,10.08,19,234060,186557.0,489740,390347.0,946956,751552.0,2775820,2203031.0,4673868,3709419.0,11.703727103174607,27.195974047619053,41.13614540000001,83.88163871999994,92.90010567999995,100.0
00:03:21.641665,1756108,1393736.0,10.08,20,234060,187248.0,486732,389385.0,946956,751552.0,2793868,2217355.0,4709964,3738066.0,12.328870956175301,26.802939243027893,44.72660520000001,82.66077419999999,92.33100259999998,100.0
00:03:31.721998,1762124,1398464.0,10.080333,21,228044,182435.0,474700,379760.0,989068,514425.0,2781836,2207733.0,4737036,3759428.0,12.341219801587302,26.23762960317463,14.244498480000006,81.67139516000005,91.71065043999991,100.0
00:03:41.801998,1720012,1365088.0,10.08,22,243084,193853.0,516812,412144.0,995084,789749.0,2718668,2157673.0,4595660,3647349.0,9.163529285714285,23.364168095238075,18.61981428,83.62869163999997,92.79622936000004,100.0
00:03:51.881998,1744076,1384187.0,10.08,23,237068,189654.0,489740,391792.0,946956,751552.0,2772812,2200644.0,4694924,3726130.0,9.557294382470111,23.4337466932271,16.782600279999993,83.83237588,92.91471571999999,100.0
00:04:01.961998,1786188,1417609.0,10.08,24,234060,187248.0,489740,391792.0,946956,751552.0,2814924,2234066.0,4715980,3742841.0,7.1050252777777745,20.705765833333334,6.69514696,80.92852031999998,90.66389412000004,100.0
00:04:12.042331,1704972,1353107.0,10.080333,25,231052,184349.0,471692,376349.0,940940,746753.0,2730700,2167150.0,4640780,3683037.0,0.9461041666666665,6.4949716666666655,7.915057319999997,78.11629795999995,89.48460435999996,100.0
00:04:22.122331,1825292,1448644.0,10.08,26,240076,192060.0,507788,406230.0,946956,754546.0,2908172,2308073.0,5022796,3986346.0,8.9477796812749,21.902663107569722,8.239193239999993,82.49160699999996,91.97813464000002,100.0
00:04:32.202331,1662860,1319730.0,10.08,27,225036,179365.0,465676,371167.0,895820,711697.0,2628428,2086053.0,4339980,3444428.0,22.10990126984129,46.48319638888888,28.21224456000001,81.04022567999998,91.87011824000001,100.0
00:04:42.282331,1710988,1357926.0,10.08,28,240076,192060.0,501772,401417.0,937932,744390.0,2703628,2145736.0,4607692,3656898.0,5.508036587301588,18.193198492063498,10.66687092,79.78960268,89.07331935999993,100.0
00:04:52.362664,1849356,1467694.0,10.080333,29,240076,192060.0,513804,411043.0,1025164,813595.0,2992396,2374839.0,4956620,3933695.0,18.075757171314752,35.772449123505965,14.03334184,80.46912440000001,91.11977104000002,100.0
00:05:02.442664,1701964,1350765.0,10.08,30,231052,184258.0,483724,385757.0,943948,749165.0,2643468,2097990.0,4526476,3592441.0,18.433607579365074,37.03186134920633,46.57997552000001,84.01243371999995,92.84289228000004,100.0
00:05:12.522664,1735052,1377025.0,10.08,31,231052,184841.0,480716,384572.0,937932,744390.0,2745740,2179158.0,4682892,3716580.0,22.65730301587302,42.84463936507935,46.121401920000004,83.87733847999998,92.76713888000002,100.0
00:05:22.602664,1756108,1393736.0,10.08,32,240076,192060.0,495756,396604.0,952972,756326.0,2793868,2217355.0,4721996,3747615.0,17.574264462151397,33.3162332270916,17.678473280000006,83.36698127999999,91.97811756000003,100.0
00:05:32.682997,1732044,1374592.0,10.080333,33,231052,184349.0,489740,390749.0,949964,753914.0,2727692,2164763.0,4613708,3661552.0,12.06693531746031,24.719565158730163,22.727456479999994,80.27365911999999,90.64713639999995,100.0
00:05:42.762997,1756108,1393736.0,10.08,34,237068,189654.0,489740,391792.0,937932,744390.0,2766796,2195869.0,4694924,3726130.0,23.813336230158743,44.98846884920637,48.238843280000026,84.01283572000003,92.65301007999999,100.0
00:05:52.842997,1789196,1419996.0,10.08,35,234060,186557.0,483724,385552.0,943948,749165.0,2784844,2210193.0,4715980,3742841.0,24.72708824701196,45.91503342629485,48.59370047999998,83.88682740000003,92.60631332,100.0
00:06:02.922997,1741068,1381800.0,10.08,36,237068,189654.0,492748,394198.0,949964,753939.0,2766796,2195869.0,4691916,3723742.0,24.17459460317459,45.12144805555557,49.28589152,83.86553335999997,92.57420628000001,100.0
00:06:13.003330,1738060,1379367.0,10.080333,37,237068,189654.0,492748,394198.0,952972,756301.0,2793868,2217282.0,4676876,3711683.0,22.093936613545836,42.641374501992004,46.64294080000001,83.90665588000002,92.68176172,100.0
00:06:23.083330,1729036,1372250.0,10.08,38,234060,186656.0,486732,388156.0,946956,751552.0,2781836,2207806.0,4694924,3726130.0,16.840743452380938,32.769837142857156,18.60391435999999,82.16578436000005,91.73054055999998,100.0
00:06:33.163330,1735052,1377025.0,10.08,39,228044,182435.0,477708,382166.0,943948,749165.0,2733708,2169609.0,4679884,3714193.0,15.540698611111111,35.66982269841269,30.419351719999998,78.71871463999997,90.54658996,100.0
00:06:43.243330,1789196,1419996.0,10.08,40,237068,189654.0,495756,396604.0,949964,753939.0,2772812,2200644.0,4725004,3750003.0,13.328601992031873,28.44005059760955,27.998352279999985,80.48667147999996,91.39959651999997,100.0
00:06:53.323663,1741068,1381754.0,10.080333,41,237068,189149.0,492748,393149.0,943948,749140.0,2757772,2188635.0,4613708,3661552.0,5.902144166666668,14.706761904761898,22.406569919999992,82.64816155999996,92.25221056000001,100.0
00:07:03.403663,1750092,1388961.0,10.08,42,240076,192060.0,495756,396604.0,946956,751552.0,2808908,2229292.0,4749068,3769101.0,2.2869816666666667,3.945038174603176,0.0,79.01439375999998,89.8713166,100.0
00:07:13.483663,1747084,1386574.0,10.08,43,228044,181762.0,480716,383155.0,919884,730066.0,2878092,2284200.0,4917516,3902790.0,7.622395776892429,17.294908087649404,18.90257610441767,76.58820799196783,89.27970297188755,100.0
00:07:23.563663,1756108,1393736.0,10.08,44,231052,184841.0,468684,374947.0,925900,734841.0,2628428,2086053.0,4484364,3559019.0,22.445339166666674,45.42893575396826,40.454049839999975,76.92208227999997,89.97313232000003,100.0
00:07:33.643996,1717004,1362656.0,10.080333,45,234060,187248.0,489740,391792.0,955980,758689.0,2769804,2198184.0,4625740,3671100.0,6.263644285714284,13.15929642857143,16.66727396,82.66675787999999,93.71272255999999,100.0
00:07:43.723996,1765132,1400898.0,10.08,46,240076,191454.0,513804,409745.0,995084,789749.0,2799884,2222130.0,4721996,3747615.0,4.142097768924302,16.910219402390435,19.97792256000001,85.15763728000005,95.14705096000003,100.0
00:07:53.803996,1756108,1393736.0,10.08,47,225036,180028.0,462668,370134.0,892812,708580.0,2781836,2207806.0,4634764,3678384.0,21.67229,49.92372,74.22483,86.22148,95.20426,100.0
