delta_t_s,640x360_size_byte,640x360_bitrate,seg_len_s,segment_mapper,320x180_size_byte,320x180_bitrate,480x272_size_byte,480x272_bitrate,512x288_size_byte,512x288_bitrate,960x544_size_byte,960x544_bitrate,320x180_vmaf_score,480x272_vmaf_score,512x288_vmaf_score,640x360_vmaf_score,960x544_vmaf_score
00:00:10.080333,1882444,1493953.0,10.080333,1,240076,191549.0,510796,407549.0,977036,778488.0,3004428,2384387.0,10.874381507936516,21.11914591269843,80.87375274900398,91.22221152000007,100.0
00:00:20.160333,1686924,1338828.0,10.08,2,234060,187248.0,465676,372540.0,904844,718486.0,2634444,2090828.0,21.194538968253976,33.07620023809524,38.23118216000002,89.20944128000005,100.0
00:00:30.240333,1741068,1381800.0,10.08,3,240076,191352.0,495756,395142.0,949964,753939.0,2760780,2191095.0,44.79226163346612,58.887182231075705,72.86347444000003,89.07386371999999,100.0
00:00:40.320333,1726028,1369863.0,10.08,4,231052,184841.0,486732,389385.0,943948,749165.0,2754764,2186320.0,42.04863329365079,52.952750555555575,69.20221467999997,88.68174604000001,100.0
00:00:50.400666,1750092,1388916.0,10.080333,5,234060,187248.0,495756,396604.0,952972,756301.0,2760780,2191022.0,39.29884253968257,49.176624682539675,69.59790220000001,88.92823115999998,100.0
00:01:00.480666,1768140,1403285.0,10.08,6,243084,193853.0,510796,407346.0,986060,782587.0,2823948,2241228.0,4.18186972111554,8.024876812749005,30.296273239999987,91.66100080000001,100.0
00:01:10.560666,1732044,1374638.0,10.08,7,237068,189654.0,495756,396604.0,952972,756326.0,2742732,2176771.0,7.363504206349201,12.600382380952382,45.57218412000001,89.19082512000001,100.0
00:01:20.640666,1738060,1379412.0,10.08,8,225036,180028.0,459660,367728.0,898828,713355.0,2733708,2169609.0,15.543996812749004,25.039911713147404,56.57432808764943,88.26467588000004,100.0
00:01:30.680999,1768140,1408829.0,10.040333,9,246092,196349.0,525836,419549.0,1013132,807249.0,2805900,2235702.0,8.370245634920627,13.429365238095235,47.766663839999985,89.76006428000002,100.0
00:01:40.755999,1726028,1370543.0,10.075,10,225036,180028.0,456652,365321.0,895820,711321.0,2733708,2170686.0,8.23361178571429,12.480399484126977,54.37527940000001,89.83955739999998,100.0
00:01:50.835999,1738060,1379412.0,10.08,11,243084,193750.0,507788,404732.0,937932,744390.0,2766796,2195869.0,50.696139800796786,66.78611151394422,76.4264239200001,86.44688344000001,100.0
00:02:00.915999,1747084,1386574.0,10.08,12,240076,192060.0,495756,396604.0,949964,753939.0,2769804,2198257.0,52.089059563492086,70.26344400793651,78.08034724000001,85.7383532,100.0
00:02:10.996332,1798220,1427111.0,10.080333,13,231052,184841.0,495756,396604.0,986060,785679.0,2857036,2267413.0,26.216004701195217,35.60663569721117,51.28417435999998,86.92434044,100.0
00:02:21.076332,1777164,1410447.0,10.08,14,225036,179460.0,465676,371364.0,901836,716098.0,2869068,2277038.0,7.11420365079365,11.716805158730159,23.77991680000001,89.53520068000002,100.0
00:02:31.156332,1674892,1329279.0,10.08,15,240076,192060.0,498764,399011.0,949964,753939.0,2601356,2064568.0,12.61426535714286,19.490977777777786,47.55823430278885,89.64457832,100.0
00:02:41.236332,1750092,1388961.0,10.08,16,234060,187248.0,489740,391792.0,965004,765876.0,2787852,2212580.0,23.745242749003975,32.991529362549805,55.022338919999996,90.05406355999997,100.0
00:02:51.316665,1840332,1460532.0,10.080333,17,240076,191549.0,507788,405149.0,955980,758689.0,2899148,2300835.0,12.065767261904758,15.424452103174604,35.61677652000001,90.87271967999993,100.0
00:03:01.396665,1665868,1322117.0,10.08,18,234060,187248.0,489740,391792.0,949964,753939.0,2622412,2081279.0,19.616338844621495,28.310982111553795,64.50234075999992,89.69182948000004,100.0
00:03:11.476665,1747084,1386574.0,10.08,19,234060,186557.0,495756,395142.0,965004,765876.0,2754764,2186320.0,16.00267857142858,24.456395515873044,51.680223360000014,89.66393308000002,100.0
00:03:21.556665,1741068,1381800.0,10.08,20,237068,189654.0,489740,391792.0,946956,751552.0,2766796,2195869.0,8.178252817460315,11.812950793650801,28.533924560000003,93.14544907999995,100.0
00:03:31.636998,1765132,1400852.0,10.080333,21,234060,187248.0,486732,389385.0,934924,744934.0,2817932,2236380.0,2.8097834661354595,3.8651450199203183,23.591748000000006,92.51030060000006,100.0
00:03:41.716998,1732044,1374638.0,10.08,22,231052,184258.0,471692,376162.0,910860,723263.0,2814924,2234066.0,24.56361611111111,34.77026051587301,55.318785139442184,89.26808644000009,100.0
00:03:51.796998,1756108,1393736.0,10.08,23,240076,192060.0,495756,396604.0,952972,756326.0,2754764,2186320.0,37.09020549800796,47.78114143426294,64.58438659999999,91.34902348,100.0
00:04:01.876998,1774156,1408060.0,10.08,24,243084,194467.0,507788,406230.0,977036,778514.0,2775820,2203031.0,4.743487857142861,6.804557341269848,24.774311559999987,90.72542015999997,100.0
00:04:11.957331,1750092,1388916.0,10.080333,25,231052,184349.0,471692,376349.0,916876,727655.0,2718668,2157601.0,20.851232301587302,29.485463849206344,39.27044115999999,92.10998220000008,100.0
00:04:22.037331,1732044,1374638.0,10.08,26,237068,189654.0,489740,391792.0,940940,746777.0,2763788,2193482.0,39.9663632669323,52.151685059760965,72.61706095999998,89.91860560000002,100.0
00:04:32.117331,1798220,1427158.0,10.08,27,243084,193750.0,513804,409527.0,983052,783308.0,2860044,2269876.0,22.66402738095239,31.082551031746046,58.82697520000005,87.39618415999989,100.0
00:04:42.197331,1741068,1381800.0,10.08,28,231052,184841.0,486732,389385.0,949964,758126.0,2742732,2176771.0,12.298289960317456,15.796699007936507,50.080305320000015,93.22061731999992,100.0
00:04:52.277664,1768140,1403239.0,10.080333,29,228044,182435.0,471692,377353.0,907852,720493.0,2742732,2176699.0,12.298012509960156,18.010812111553783,28.16402701195219,90.15967887999994,100.0
00:05:02.357664,1765132,1400898.0,10.08,30,246092,196252.0,519820,414543.0,1016140,803272.0,3007436,2386853.0,18.82004996031746,27.144617857142876,69.28508344000004,86.39839391999999,100.0
00:05:12.437664,1689932,1341215.0,10.08,31,228044,182435.0,453644,362915.0,877772,696644.0,2502092,1985787.0,21.949518764940244,33.81975701195219,65.10490464000006,85.69250364000001,100.0
00:05:22.517664,1683916,1336441.0,10.08,32,231052,184841.0,489740,391792.0,937932,744390.0,2733708,2169609.0,6.541180317460316,12.09147559523809,57.21002803999998,89.01891524000001,100.0
