delta_t_s,640x360_size_byte,640x360_bitrate,seg_len_s,segment_mapper,320x180_size_byte,320x180_bitrate,480x272_size_byte,480x272_bitrate,512x288_size_byte,512x288_bitrate,960x544_size_byte,960x544_bitrate,1280x720_size_byte,1280x720_bitrate,320x180_vmaf_score,480x272_vmaf_score,512x288_vmaf_score,640x360_vmaf_score,960x544_vmaf_score,1280x720_vmaf_score
00:00:10.040333,1933204,1540350.0,10.040333,1,242708,193649.0,498388,397649.0,1036820,826123.0,3073236,2448712.0,5187860,4133615.0,11.049783319838062,19.93582012145748,78.42023226720646,89.30888514170039,96.36350659919026,100.0
00:00:20.075333,1614356,1286980.0,10.035,2,239700,191760.0,510420,408336.0,889428,709060.0,2546836,2030362.0,4363668,3478758.0,0.954727004048583,7.966552591093122,68.14349534412956,81.51678076923082,92.56633603238868,100.0
00:00:30.105000,1767764,1410028.0,10.029667,3,236692,188655.0,492372,392445.0,943572,752624.0,2853652,2276168.0,4814868,3840500.0,0.23818778225806456,2.7204907258064503,71.01038550607291,85.2204394736843,95.29113809716597,100.0
00:00:40.129333,1698580,1355565.0,10.024333,4,230676,184540.0,486356,389084.0,922516,736221.0,2631060,2099738.0,4417812,3525670.0,4.705536639676113,7.550219838056678,67.08061008130079,83.35023873983741,93.26553418699193,100.0
00:00:50.169666,1767764,1408530.0,10.040333,5,239700,191760.0,495380,396304.0,949588,756618.0,2823572,2249783.0,4769748,3800469.0,2.267980404858299,5.619499473684212,64.07489542510118,79.1596304048583,91.25649453441305,100.0
00:01:00.204666,1803860,1438054.0,10.035,6,236692,188755.0,483348,385457.0,976660,778602.0,2826580,2253377.0,4793812,3821673.0,2.05352625,5.157184798387099,68.28196570850204,82.45793380566803,92.88605959514167,100.0
00:01:10.234333,1713620,1366840.0,10.029667,7,236692,189353.0,471316,377052.0,925524,738229.0,2748372,2192194.0,4598292,3667752.0,2.2922619433198372,5.402534412955465,75.64171769230768,88.52690125506075,96.49922777327942,100.0
00:01:20.258666,1710612,1365167.0,10.024333,8,233684,186947.0,513428,410742.0,928532,741022.0,2685204,2142948.0,4598292,3669704.0,0.6150226315789474,2.6613004453441294,67.7324981376518,83.00592372469639,93.27218578947364,100.0
00:01:30.298999,1830932,1458861.0,10.040333,9,227668,181649.0,474324,378449.0,988692,787776.0,2913812,2321685.0,4950228,3944273.0,3.5481766532258074,12.484801370967741,63.40458646341463,78.37773560975616,90.59011747967477,100.0
00:01:40.333999,1749716,1394890.0,10.035,10,239700,191760.0,507412,405929.0,934548,745030.0,2817556,2246183.0,4760724,3795295.0,2.3383091497975705,10.311676558704455,62.73954696356278,78.2579365182186,90.23153052631571,100.0
00:01:50.363666,1713620,1366840.0,10.029667,11,236692,188655.0,495380,394843.0,934548,745426.0,2658132,2120215.0,4508052,3595774.0,5.613130080971661,8.254399190283406,62.320284008097126,80.28872821862348,91.51075643724697,100.0
00:02:00.387999,1803860,1439585.0,10.024333,12,227668,182134.0,486356,389084.0,973652,777030.0,2898772,2313388.0,4890068,3902558.0,1.2289078542510121,3.3487791497975716,66.22697469635627,80.82447291497978,92.00348384615378,100.0
00:02:10.428332,1623380,1293486.0,10.040333,13,242708,194166.0,489364,391491.0,886420,706287.0,2543828,2026887.0,4285460,3414595.0,5.75278302419355,17.461824717741933,63.6730404048583,79.20282910931179,90.66407089068827,100.0
00:02:20.463332,1815892,1447646.0,10.035,14,230676,183958.0,486356,387856.0,970644,773806.0,2883732,2298939.0,4908116,3912798.0,4.092329230769229,7.37347668016194,59.473029878048756,77.79605154471543,90.0244236178862,100.0
00:02:30.492999,1782804,1422024.0,10.029667,15,236692,189353.0,486356,389084.0,967636,771819.0,2808532,2240179.0,4763732,3799712.0,2.9412058704453456,7.9341904048583,68.19802356275306,82.7940377327935,92.12036894736839,100.0
00:02:40.517332,1647444,1314756.0,10.024333,16,230676,184540.0,477332,381865.0,919508,733820.0,2610004,2082934.0,4357652,3477659.0,19.3332185483871,35.21519959677418,73.37608720647773,83.6007911740891,92.2608362348178,100.0
00:02:50.557665,1761748,1403736.0,10.040333,17,230676,184049.0,486356,388049.0,931540,742238.0,2796500,2228212.0,4736660,3774105.0,18.516402145748973,30.933013319838043,72.3222509311741,82.96685574898788,92.82057838056684,100.0
00:03:00.592665,1761748,1404482.0,10.035,18,242708,194166.0,519444,415555.0,952596,759418.0,2769428,2207815.0,4658452,3713763.0,4.368232024291499,6.956353562753034,62.12104686991867,79.66993130081298,90.97655800813006,100.0
00:03:10.622332,1782804,1422024.0,10.029667,19,233684,186258.0,489364,390048.0,961620,767020.0,2835604,2261773.0,4835924,3857295.0,3.534370120967742,5.292750443548389,62.804323805667984,80.28683299595143,91.7114053441295,100.0
00:03:20.646665,1716628,1369968.0,10.024333,20,224660,179728.0,456276,365020.0,925524,738621.0,2706260,2159752.0,4568212,3645698.0,1.2131683805668014,2.022690769230769,74.49429360323884,88.26284923076916,96.60139684210526,100.0
00:03:30.686998,1761748,1403736.0,10.040333,21,245716,196572.0,522452,417961.0,955604,761412.0,2817556,2244990.0,4736660,3774105.0,3.9402809311740903,6.669639433198379,55.55525898785424,75.17968663967612,87.8709531174089,100.0
00:03:40.721998,1734676,1382900.0,10.035,22,224660,179160.0,462292,368666.0,949588,757020.0,2721300,2169446.0,4613332,3677793.0,1.667101376518219,2.793499635627529,65.82888186234818,82.65363319838056,93.60457008097164,100.0
00:03:50.751665,1764756,1407628.0,10.029667,23,239700,191760.0,513428,410742.0,940564,750225.0,2808532,2240179.0,4790804,3821306.0,4.232930766129032,6.43024516129032,66.6590701219512,84.73119146341459,94.66405081300806,100.0
00:04:00.775998,1758740,1403576.0,10.024333,24,233684,186947.0,477332,381865.0,958612,765028.0,2787476,2224567.0,4703572,3753723.0,2.400707651821861,4.021488582995951,64.0471043319838,80.81040676113358,91.84009562753043,100.0
00:04:10.816331,1767764,1408530.0,10.040333,25,245716,196049.0,519444,414449.0,952596,759015.0,2805524,2235403.0,4766740,3798073.0,8.65114643724696,12.26969178137651,64.59889408906878,84.58502558704457,93.3560764777327,100.0
00:04:20.851331,1692564,1349328.0,10.035,26,224660,179728.0,468308,374646.0,910484,725846.0,2676180,2133476.0,4490004,3579475.0,2.6523983870967744,3.7216366935483864,62.270640850202405,78.66760287449391,90.73253477732787,100.0
00:04:30.880998,1782804,1422024.0,10.029667,27,245716,195848.0,501396,399638.0,958612,764621.0,2820564,2249776.0,4796820,3826105.0,2.151812105263158,4.013869999999999,71.80594838056678,89.94143190283397,97.52614635627535,100.0
00:04:40.905331,1716628,1369968.0,10.024333,28,221652,177321.0,459284,367427.0,946580,755425.0,2775444,2214965.0,4679508,3734519.0,20.62227117408906,42.772471659919034,70.32971378048786,81.06564121951217,91.87429898373986,100.0
00:04:50.945664,1740692,1386959.0,10.040333,29,233684,186947.0,489364,391491.0,928532,739841.0,2691220,2144327.0,4562196,3635095.0,19.52915487903226,35.87945391129031,72.31797214574898,82.4134656275304,92.55431129554658,100.0
00:05:00.980664,1743700,1390094.0,10.035,30,245716,195952.0,519444,414243.0,958612,764214.0,2766420,2205417.0,4679508,3730549.0,0.0,0.04579449392712551,70.45063724696355,81.30565894736846,92.17467898785422,100.0
00:05:11.010331,1749716,1395632.0,10.029667,31,233684,186947.0,489364,391491.0,952596,759822.0,2769428,2208988.0,4682516,3734932.0,0.0,0.017175668016194332,69.28471825910931,80.13438315789473,91.34094995951416,100.0
00:05:21.034664,1746708,1393974.0,10.024333,32,233684,186947.0,486356,389084.0,946580,755425.0,2769428,2210164.0,4682516,3736919.0,0.0,0.009661417004048583,69.79180682926827,80.25746707317072,91.40783967479676,100.0
00:05:31.074997,1749716,1394149.0,10.040333,33,236692,188849.0,489364,390449.0,946580,754221.0,2802516,2233006.0,4727636,3766915.0,1.131527741935484,2.9793443145161276,73.8319494736842,83.41592518218621,92.74485457489881,100.0
00:05:41.109997,1749716,1394890.0,10.035,34,230676,184540.0,477332,381865.0,943572,752224.0,2745364,2188630.0,4655444,3711365.0,1.6248576923076925,5.3212040080971645,73.35651538461536,83.20069639676112,92.27089085020239,100.0
00:05:46.659664,975908,1406798.0,5.549667,35,136676,198081.0,293092,424771.0,536740,773725.0,1550436,2234996.0,2600228,3748301.0,1.6248576923076925,5.3212040080971645,73.35651538461536,83.20069639676112,92.27089085020239,100.0
