delta_t_s,1280x720_bitrate,1280x720_size_byte,640x360_bitrate,640x360_size_byte,854x480_bitrate,854x480_size_byte,seg_len_s,640x360_vmaf_score,854x480_vmaf_score,1280x720_vmaf_score
00:00:04.212544,2605596.0,1372024,406962.0,207928,1396036.0,713272,4.212544,16.457876249999995,17.26253229166667,100.0
00:00:08.286899,2634908.0,1341944,632702.0,322232,1406416.0,716280,4.074355,16.457876249999995,17.26253229166667,100.0
00:00:12.371421,2598892.0,1326904,837330.0,427512,1388733.0,716280,4.084522,6.555373437499996,7.461617395833336,100.0
00:00:16.442899,2890916.0,1471288,851834.0,433528,1519675.0,776440,4.071478,17.951533608247416,29.613051958762885,100.0
00:00:20.524543,2376689.0,1212600,655155.0,334264,1280095.0,653112,4.081644,59.68271416666665,73.17969489583332,100.0
00:00:24.718265,2559910.0,1341944,494193.0,259064,1389337.0,728312,4.193722,32.79916500000001,40.939511875000015,100.0
00:00:28.797031,2632058.0,1341944,779514.0,397432,1375396.0,701240,4.078766,8.210091041666667,26.93440239583334,100.0
00:00:32.987865,2756904.0,1444216,504577.0,259064,1447822.0,743352,4.190834,54.530863917525764,64.16351154639175,100.0
00:00:37.105454,2402695.0,1236664,318930.0,165816,1292297.0,665144,4.117589,72.96775510416667,77.62645708333336,100.0
00:00:41.316620,2612163.0,1375032,289215.0,147768,1391648.0,725304,4.211166,74.55528343750001,75.93114489583336,100.0
00:00:45.445742,2460091.0,1269752,296148.0,150776,1325388.0,677176,4.129122,52.41855010309278,57.419224639175276,100.0
00:00:49.612319,2466853.0,1284792,383813.0,195896,1334858.0,695224,4.166577,10.97773697916667,11.368500729166668,100.0
00:00:53.699719,2861993.0,1462264,615627.0,313208,1513787.0,773432,4.0874,0.19241510416666663,1.3183622916666666,100.0
00:00:57.863408,2665067.0,1387064,740497.0,385400,1410918.0,734328,4.163689,0.0089125,0.3214607291666666,100.0
00:01:01.950819,2555843.0,1305848,548259.0,280120,1348937.0,689208,4.087411,0.8600357731958764,2.203828556701031,100.0
00:01:06.153330,2623269.0,1378040,710752.0,373368,1437875.0,740344,4.202511,7.399759166666667,10.40322010416667,100.0
00:01:10.301085,2605685.0,1350968,764662.0,400440,1373520.0,719288,4.147755,13.798666979166669,17.236744479166664,100.0
00:01:14.471918,2764355.0,1441208,797189.0,418488,1453387.0,755384,4.170833,9.437053298969072,11.64961489583333,100.0
00:01:18.640007,2494825.0,1299832,722395.0,376376,1366603.0,698232,4.168089,0.0,0.0,100.0
00:01:22.795051,2491075.0,1293816,473828.0,247032,1302324.0,683192,4.155044,47.08575291666667,47.14552427083333,100.0
00:01:27.007584,2708428.0,1426168,656857.0,349304,1402138.0,737336,4.212533,15.295304791666666,14.76684822916667,100.0
00:01:31.178406,2435494.0,1269752,698633.0,355320,1319501.0,674168,4.170822,0.0,0.0,100.0
00:01:35.307517,2792287.0,1441208,763865.0,397432,1486539.0,773432,4.129111,0.0,0.0,100.0
00:01:39.478350,2585497.0,1347960,686211.0,361336,1354571.0,713272,4.170833,0.683016875,0.7033341666666667,100.0
00:01:43.565761,2602942.0,1329912,738712.0,376376,1360712.0,695224,4.087411,10.443556391752578,9.577590104166667,100.0
00:01:47.651950,2627277.0,1341944,492961.0,262072,1396454.0,713272,4.086189,44.17763999999999,44.51821319587628,100.0
00:01:51.766795,2492019.0,1281784,661565.0,340280,1345792.0,692216,4.114845,6.683630208333333,1.5470090625,100.0
00:01:56.016928,2741086.0,1456248,686881.0,361336,1515979.0,782456,4.250133,52.41041395833334,34.72276572916665,100.0
00:02:00.128894,2312345.0,1188536,636569.0,325240,1329178.0,683192,4.111966,50.82212257731957,34.780382812499994,100.0
00:02:04.209316,2684067.0,1369016,779197.0,397432,1401790.0,722296,4.080422,47.294805416666684,41.97059546391751,100.0
00:02:08.401805,2577882.0,1350968,689492.0,361336,1404472.0,743352,4.192489,31.744816354166662,30.493468645833328,100.0
00:02:12.572627,2233558.0,1164472,623374.0,328248,1174733.0,611000,4.170822,29.527702061855667,27.152072187499996,100.0
00:02:16.743449,3006685.0,1567544,669765.0,340280,1587362.0,827576,4.170822,39.409085833333336,27.60164773195876,100.0
00:02:20.997693,2104913.0,1119352,487754.0,256056,1183196.0,623032,4.254244,53.622249270833315,57.59304593749999,100.0
00:02:25.249337,2791052.0,1483320,778091.0,409464,1455309.0,773432,4.251644,43.55873938144331,47.464358750000024,100.0
00:02:29.404515,2166680.0,1125368,521385.0,268088,1164672.0,611000,4.155178,2.494481666666667,3.183675051546393,100.0
00:02:33.491915,2708922.0,1384056,814283.0,415480,1434389.0,740344,4.0874,37.281168645833326,43.77974812500002,100.0
00:02:37.644193,2591256.0,1344952,651298.0,331256,1426055.0,725304,4.152278,44.71352391752576,52.47190104166668,100.0
00:02:41.856726,2651303.0,1396088,538758.0,283128,1360939.0,722296,4.212533,59.58423416666667,68.13188391752574,100.0
00:02:45.964426,2519786.0,1293816,486968.0,250040,1373800.0,698232,4.1077,12.079193437499994,15.678230000000001,100.0
00:02:50.123993,2494151.0,1296824,713674.0,367352,1323833.0,695224,4.159567,16.4187425,26.225901354166666,100.0
00:02:54.294815,2527808.0,1317880,750769.0,391416,1356932.0,707256,4.170822,16.101806494845356,27.545350312500005,100.0
00:02:58.507348,2702715.0,1423160,766186.0,403448,1468820.0,773432,4.212533,18.026912499999998,28.155990515463934,100.0
00:03:02.636470,2518369.0,1299832,770007.0,397432,1358622.0,701240,4.129122,6.225502291666666,9.442880833333335,100.0
00:03:06.790281,2538160.0,1317880,736464.0,382392,1331388.0,698232,4.153811,44.16535082474225,60.1851984375,100.0
00:03:10.961114,2839359.0,1480312,648343.0,331256,1490234.0,761400,4.170833,36.889726875000015,47.06801239583334,100.0
00:03:15.090225,2116252.0,1092280,539494.0,277112,1177810.0,604984,4.129111,4.989498749999999,6.323847628865984,100.0
00:03:19.167892,3152092.0,1606648,933161.0,475640,1676739.0,854648,4.077667,8.703640833333331,11.830640104166664,100.0
00:03:23.274214,2286223.0,1173496,702682.0,364344,1254822.0,644088,4.106322,4.6199198969072155,6.628041562500002,100.0
00:03:27.390703,2607938.0,1341944,754316.0,385400,1341456.0,704248,4.116489,4.6199198969072155,6.628041562500002,100.0
00:03:31.559070,2546616.0,1326904,790114.0,403448,1359043.0,722296,4.168367,1.7156894791666673,4.6957321875,100.0
00:03:35.797803,2504340.0,1326904,751816.0,394424,1334496.0,686200,4.238733,0.6093011340206186,0.7297214583333332,100.0
00:03:39.879870,2871627.0,1465272,849624.0,433528,1512884.0,803512,4.082067,4.9665788541666664,26.8660403125,100.0
00:03:44.032303,2637520.0,1369016,621705.0,316216,1343209.0,683192,4.152433,14.882182604166665,26.280167319587626,100.0
00:03:48.244836,2348542.0,1236664,618459.0,328248,1277092.0,671160,4.212533,20.11816645833333,36.23060562500002,100.0
00:03:52.394380,2471180.0,1281784,604391.0,307192,1322940.0,686200,4.149544,7.264188350515464,25.210056874999992,100.0
00:03:56.565202,2804749.0,1462264,793270.0,412472,1481687.0,770424,4.170822,16.724246979166665,35.751031874999995,100.0
00:04:00.652613,2750126.0,1405112,660118.0,337272,1502008.0,767416,4.087411,4.542496249999999,15.738283195876289,100.0
00:04:04.767735,2252095.0,1158456,615126.0,313208,1246291.0,641080,4.115122,0.0,0.4572688541666667,100.0
00:04:09.018146,2638999.0,1402104,823222.0,424504,1353822.0,719288,4.250411,0.0,0.0,100.0
00:04:13.130379,2563823.0,1317880,771199.0,400440,1344711.0,698232,4.112233,0.0,0.0,100.0
00:04:17.301201,2539347.0,1323896,771263.0,397432,1374748.0,701240,4.170822,12.751803854166665,33.15827843750001,100.0
00:04:21.368845,2615591.0,1329912,721010.0,370360,1401133.0,734328,4.067644,0.0,1.1889744791666668,100.0
00:04:25.613489,2636915.0,1399096,788736.0,418488,1440631.0,734328,4.244644,0.7750150000000001,14.371534895833333,100.0
00:04:29.761656,2738852.0,1420152,807080.0,418488,1445203.0,749368,4.148167,17.385549479166674,28.47960268041237,100.0
00:04:33.932478,2377798.0,1239672,596975.0,307192,1323655.0,683192,4.170822,0.0,0.0,100.0
00:04:38.019889,2544069.0,1299832,742961.0,379384,1367373.0,698232,4.087411,0.008559381443298968,0.028107708333333332,100.0
00:04:42.175344,2913567.0,1513400,851992.0,442552,1497132.0,785464,4.155455,0.0,0.5389413541666667,100.0
00:04:46.304466,2378500.0,1227640,718992.0,367352,1274023.0,650104,4.129122,0.0,2.345992164948454,100.0
00:04:50.415333,2722726.0,1399096,779280.0,400440,1440754.0,740344,4.110867,2.2981356701030924,6.006081979166667,100.0
00:04:54.586155,2562426.0,1335928,735040.0,379384,1413698.0,722296,4.170822,0.0,0.0,100.0
00:04:58.798688,2554191.0,1344952,737623.0,388408,1351889.0,701240,4.212533,2.367226354166666,2.64854412371134,100.0
00:05:02.958543,2852637.0,1483320,817598.0,430520,1527635.0,788472,4.159855,0.0,0.0,100.0
00:05:07.129365,2522039.0,1314872,722060.0,376376,1299131.0,677176,4.170822,3.6890459793814427,8.623796562499999,100.0
00:05:11.328032,2682984.0,1408120,789529.0,418488,1459862.0,743352,4.198667,0.3483723958333333,1.7933325,100.0
00:05:15.453454,2654789.0,1369016,776531.0,400440,1432657.0,731320,4.125422,1.8709207291666665,3.3584236082474237,100.0
00:05:19.565832,2382333.0,1224632,739684.0,376376,1277636.0,650104,4.112378,0.0,0.0,100.0
00:05:23.730076,2641597.0,1375032,779119.0,397432,1404951.0,731320,4.164244,2.0419296874999993,2.3695283333333332,100.0
00:05:27.817487,2785450.0,1423160,823883.0,427512,1493943.0,767416,4.087411,0.5370638541666669,0.8368750515463919,100.0
00:05:31.978843,2487296.0,1293816,729214.0,376376,1309176.0,674168,4.161356,0.5448186458333334,1.5777883333333331,100.0
00:05:36.149665,2579735.0,1344952,760644.0,394424,1403767.0,713272,4.170822,0.024933505154639178,0.29211375,100.0
00:05:40.278787,2646582.0,1366008,736048.0,391416,1450376.0,746360,4.129122,0.0,0.0,100.0
00:05:44.407898,2611622.0,1347960,784172.0,400440,1310421.0,683192,4.129111,0.3567644791666667,0.3899307216494845,100.0
00:05:48.563487,2699215.0,1402104,798505.0,406456,1445549.0,743352,4.155589,4.155568041237114,4.331598645833334,100.0
00:05:52.776020,2445654.0,1287800,745906.0,388408,1329345.0,692216,4.212533,0.0,0.0,100.0
00:05:56.928720,2602582.0,1350968,789642.0,403448,1408505.0,734328,4.1527,3.850840312500001,4.3588519791666664,100.0
00:06:01.099553,2579728.0,1344952,781105.0,406456,1373883.0,716280,4.170833,8.090654895833332,12.733380103092784,100.0
00:06:05.291075,2595700.0,1359992,760370.0,394424,1359717.0,698232,4.191522,4.359701134020619,5.0731821875,100.0
00:06:09.503607,2588466.0,1363000,777611.0,409464,1398157.0,734328,4.212533,5.3077275,5.339324999999998,100.0
00:06:13.673753,2562842.0,1335928,754882.0,397432,1368339.0,713272,4.170145,3.9686379166666685,4.458772989690723,100.0
00:06:17.761153,2496977.0,1275768,751500.0,394424,1360287.0,716280,4.0874,3.4439948453608236,3.5301743750000014,100.0
00:06:21.886698,2654710.0,1369016,790331.0,403448,1394798.0,719288,4.125545,1.4941345833333335,1.658510104166666,100.0
00:06:26.082609,2736363.0,1435192,796525.0,409464,1454689.0,755384,4.195911,0.9828767708333332,2.3316496874999997,100.0
00:06:30.295142,2291417.0,1206584,710149.0,373368,1234609.0,650104,4.212533,0.10089916666666665,0.18464010309278356,100.0
00:06:34.404753,2705992.0,1390072,799343.0,406456,1438226.0,731320,4.109611,1.3411306185567011,1.6811081249999997,100.0
00:06:38.482809,2691525.0,1372024,803253.0,409464,1452346.0,740344,4.078056,3.564204374999999,4.444827708333333,100.0
00:06:42.631243,2553052.0,1323896,747307.0,391416,1350451.0,686200,4.148434,7.428366458333329,7.339207395833331,100.0
00:06:46.802065,2735514.0,1426168,816628.0,424504,1482083.0,770424,4.170822,1.2558788659793814,1.1345923711340204,100.0
00:06:50.931187,2483402.0,1281784,740868.0,382392,1323655.0,683192,4.129122,2.0145204166666666,2.317160833333334,100.0
00:06:55.003476,2648063.0,1347960,798481.0,406456,1424857.0,725304,4.072289,6.968569270833332,8.74869229166667,100.0
00:06:59.169343,2669450.0,1390072,776767.0,400440,1438992.0,734328,4.165867,0.8803920833333333,1.3580185567010314,100.0
00:07:03.256753,2520519.0,1287800,740790.0,388408,1337168.0,680184,4.087411,12.546356185567008,13.92787739583333,100.0
00:07:07.461454,2719197.0,1429176,838345.0,427512,1546183.0,788472,4.2047,18.6404634375,20.784455416666663,100.0
00:07:11.590565,2308572.0,1191544,686062.0,352312,1213238.0,623032,4.129111,0.0946221875,0.1487775,100.0
00:07:15.834087,2807735.0,1489336,808230.0,424504,1488250.0,758392,4.243522,1.5988077319587632,2.006428969072165,100.0
00:07:19.962643,2676089.0,1381048,781770.0,403448,1434581.0,740344,4.128556,0.8022954166666664,1.1365776041666666,100.0
00:07:24.203276,2440797.0,1293816,741651.0,385400,1332077.0,692216,4.240633,0.5325773958333334,0.5719497916666666,100.0
00:07:28.412376,2447649.0,1287800,777611.0,409464,1337433.0,704248,4.2091,0.08423927083333334,0.14272635416666665,100.0
00:07:32.525010,2704003.0,1390072,774931.0,406456,1397615.0,740344,4.112634,0.0,0.0,100.0
00:07:36.606099,2648250.0,1350968,767277.0,391416,1386406.0,707256,4.081089,0.0,0.0,100.0
00:07:40.674133,2627171.0,1335928,781570.0,397432,1402686.0,713272,4.068034,0.0,0.0,100.0
00:07:44.752333,2626523.0,1338936,779622.0,397432,1399189.0,713272,4.0782,0.0,0.0,100.0
00:07:48.817489,2670468.0,1356984,764365.0,388408,1374081.0,698232,4.065156,0.0,0.0,100.0
00:07:52.934512,2572530.0,1323896,626647.0,319224,1358469.0,713272,4.117023,0.7484445833333333,0.9058150000000001,100.0
00:07:57.061701,2694467.0,1390072,784121.0,400440,1420253.0,725304,4.127189,1.9136696874999997,2.5136471875,100.0
00:08:01.149101,2491089.0,1272760,757092.0,385400,1347993.0,686200,4.0874,20.37582381443299,23.589350206185568,100.0
00:08:05.315112,2553832.0,1329912,748209.0,397432,1356120.0,713272,4.166011,0.00028208333333333335,0.007801979166666666,100.0
00:08:09.384657,2992814.0,1522424,864065.0,439544,1544082.0,785464,4.069545,0.00028208333333333335,0.007801979166666666,100.0
00:08:13.547780,2428438.0,1263736,740597.0,385400,1335966.0,695224,4.163123,88.19685,93.19889,100.0
