delta_t_s,1280x720_bitrate,1280x720_size_byte,640x360_bitrate,640x360_size_byte,854x480_bitrate,854x480_size_byte,seg_len_s,640x360_vmaf_score,854x480_vmaf_score,1280x720_vmaf_score
00:00:04.087411,2261476.0,1155448,459948.0,235000,1207641.0,617016,4.087411,85.32690772151898,94.07070911392408,100.0
00:00:08.161766,2233286.0,1137400,473235.0,241016,1306010.0,665144,4.074355,84.78984493670883,93.0411525316456,100.0
00:00:10.327710,412464.0,111672,190261.0,51512,290253.0,78584,2.165944,87.54587303797473,94.11548670886077,100.0
00:00:14.407854,578724.0,295160,207161.0,105656,401789.0,204920,4.080144,85.00999179487184,95.08877833333337,100.0
00:00:18.391532,2797575.0,1393080,769918.0,391416,1503597.0,764408,3.983678,41.751317088607586,47.48480379746836,100.0
00:00:21.101876,2575897.0,872696,681477.0,222968,1370999.0,448568,2.710344,9.795453924050635,10.031320126582278,100.0
00:00:25.169153,2544829.0,1293816,704801.0,358328,1355615.0,689208,4.067277,2.996310379746835,3.4628386075949353,100.0
00:00:29.246597,2827669.0,1441208,832882.0,424504,1505680.0,767416,4.077444,4.895113589743591,5.413164936708861,100.0
00:00:30.891908,2473589.0,508728,659989.0,135736,1259647.0,259064,1.645311,14.713367721518992,16.088509871794866,100.0
00:00:34.962253,2631592.0,1338936,355460.0,180856,1384153.0,704248,4.070345,76.57412189873418,80.89366784810123,100.0
00:00:38.500565,436113.0,192888,184476.0,81592,320496.0,141752,3.538312,52.917865443037954,54.32673772151897,100.0
00:00:41.665509,2829375.0,1119352,373511.0,147768,1491196.0,589944,3.164944,39.668999230769224,42.01048683544304,100.0
00:00:45.746209,2294680.0,1170488,330970.0,168824,1250906.0,638072,4.0807,79.06908810126585,84.43942679487175,100.0
00:00:49.813854,2165978.0,1101304,266957.0,135736,1189846.0,604984,4.067645,38.41430303797468,39.32049468354431,100.0
00:00:51.472588,3135422.0,650104,480559.0,99640,1641155.0,340280,1.658734,10.088470506329116,10.653563291139243,100.0
00:00:55.556355,2287064.0,1167480,401433.0,204920,1226397.0,626040,4.083767,82.723501025641,87.92442278481015,100.0
00:00:59.627066,2063851.0,1050168,215341.0,63544,704638.0,207928,4.070711,21.247847594936708,21.007565189873425,100.0
00:01:01.288866,2449045.0,508728,287640.0,120696,1506304.0,632056,1.6618,40.306901518987345,40.735689487179464,100.0
00:01:05.375700,2791731.0,1426168,354026.0,180856,1461003.0,746360,4.086834,36.448350126582284,37.798644430379746,100.0
00:01:09.449478,2115461.0,1077240,325625.0,165816,1229404.0,626040,4.073778,76.75470000000001,80.77757556962023,100.0
00:01:12.073645,2412895.0,791480,202889.0,66552,1248286.0,409464,2.624167,53.26340278481014,54.30397392405063,100.0
00:01:16.147612,2682413.0,1366008,254729.0,129720,1441991.0,734328,4.073967,52.182899873417725,53.93249215189873,100.0
00:01:20.231745,1962796.0,1002040,259987.0,132728,1096661.0,559864,4.084133,82.89555151898733,88.13868948717952,100.0
00:01:21.883745,2332474.0,481656,322285.0,66552,1385646.0,286136,1.652,13.942587179487173,13.989217088607589,100.0
00:01:25.960778,2639079.0,1344952,472924.0,241016,1375981.0,701240,4.077033,3.674348227848101,4.39576088607595,100.0
00:01:30.047978,2597189.0,1326904,418759.0,213944,1407884.0,719288,4.0872,36.35640607594938,37.54596518987343,100.0
00:01:32.662345,2320690.0,758392,304899.0,99640,1179329.0,385400,2.614367,72.24715037974683,76.72622935897435,100.0
00:01:36.708034,1350953.0,683192,226769.0,114680,768043.0,388408,4.045689,64.69265487179489,65.99820518987342,100.0
00:01:39.786112,2870133.0,1104312,591437.0,162808,1517643.0,583928,3.078078,40.60505405063291,28.35780088607594,100.0
00:01:42.663268,2485098.0,893752,805879.0,376376,1305800.0,469624,2.877156,44.879027594936694,47.4567994936709,100.0
00:01:46.651391,2667745.0,1329912,443412.0,144760,1413301.0,719288,3.988123,56.41253911392406,30.47205189873418,100.0
00:01:49.384669,2545479.0,869688,500706.0,253048,1356276.0,451576,2.733278,71.63379205128206,73.20274423076924,100.0
00:01:52.408947,2682483.0,1014072,440996.0,171832,1425286.0,538808,3.024278,64.12091329113926,66.10073075949366,100.0
00:01:56.446592,2652904.0,1338936,414781.0,189880,1406971.0,644088,4.037645,55.50014000000001,56.54769658227848,100.0
00:02:00.475915,2550884.0,1284792,411039.0,114680,1392143.0,388408,4.029323,45.631420126582285,49.4531898734177,100.0
00:02:02.643249,2877075.0,779448,400337.0,201912,1396336.0,704248,2.167334,83.5523092307692,87.69018594936706,100.0
00:02:06.724794,2506454.0,1278776,346254.0,15416,1562369.0,69560,4.081545,78.45591784810128,91.83665269230771,100.0
00:02:10.793283,2579560.0,1311864,419339.0,213944,1333189.0,680184,4.068489,71.00479696202532,90.46559050632911,100.0
00:02:12.911650,2920861.0,773432,387820.0,156792,1355211.0,689208,2.118367,84.25924658227846,92.75882936708858,100.0
00:02:16.948961,2569678.0,1296824,424581.0,156792,1614496.0,427512,4.037311,63.01381202531647,71.06778645569618,100.0
00:02:19.393028,2994379.0,914808,449175.0,186872,1324028.0,550840,2.444067,47.515445641025636,47.83691166666668,100.0
00:02:23.430962,2479889.0,1251704,335607.0,132728,1537328.0,607992,4.037934,40.789749367088596,42.30464455696202,100.0
00:02:26.209317,2815985.0,977976,331057.0,168824,1345610.0,686200,2.778355,56.12783696202533,60.12338341772151,100.0
00:02:30.274939,2386055.0,1212600,327015.0,111672,1498543.0,511736,4.065622,67.58595772151901,78.86553101265818,100.0
00:02:33.599983,2801700.0,1164472,278928.0,141752,1279221.0,650104,3.325044,45.07003269230768,52.90934987341773,100.0
00:02:37.636516,2743058.0,1384056,464085.0,192888,1448344.0,601976,4.036533,46.963373291139256,55.435171538461525,100.0
00:02:40.705438,2306289.0,884728,530847.0,265080,1461325.0,737336,3.068922,50.42663835443038,52.23669835443039,100.0
00:02:43.656849,2797631.0,1032120,356283.0,138744,1208523.0,463608,2.951411,34.58615531645571,38.19818632911394,100.0
00:02:47.732994,2627847.0,1338936,416841.0,153784,1509396.0,556856,4.076145,61.08303692307689,71.64443835443038,100.0
00:02:51.819305,2538865.0,1296824,402183.0,204920,1393991.0,710264,4.086311,33.23710974683544,36.316416708860785,100.0
00:02:53.848861,2953820.0,749368,407072.0,207928,1343412.0,686200,2.029556,33.23710974683544,36.316416708860785,100.0
00:02:57.890228,2525418.0,1275768,535037.0,135736,1578433.0,400440,4.041367,27.38583113924052,30.711679240506335,100.0
00:03:01.923273,2578363.0,1299832,472273.0,186872,1323695.0,523768,4.033045,58.25482797468356,62.95701443037973,100.0
00:03:04.655040,2890436.0,987000,360408.0,183864,1356876.0,692216,2.731767,58.25482797468356,62.95701443037973,100.0
00:03:08.720507,1723204.0,875704,405542.0,180856,1491484.0,665144,4.065467,84.36947316455695,93.09522683544307,100.0
00:03:12.796140,2020028.0,1029112,255262.0,129720,1042505.0,529784,4.075633,87.73181846153838,87.81621784810119,100.0
00:03:14.462862,1922048.0,400440,225103.0,114680,1051713.0,535800,1.666722,87.73181846153838,87.81621784810119,100.0
00:03:18.531394,2514470.0,1278776,319438.0,66552,1026897.0,213944,4.068533,20.221999113924046,21.535049113924053,100.0
00:03:22.610095,2638001.0,1344952,757816.0,385400,1313794.0,668152,4.0787,19.971441392405065,21.756575897435894,100.0
00:03:25.215950,2891580.0,941880,773626.0,394424,1434417.0,731320,2.605855,35.316610128205134,39.061830253164565,100.0
00:03:29.294839,2537585.0,1293816,823032.0,268088,1469453.0,478648,4.078889,38.98232683544303,42.587021772151914,100.0
00:03:33.360672,2575326.0,1308856,761791.0,388408,1369455.0,698232,4.065833,34.791062531645565,37.71209101265824,100.0
00:03:35.017594,3109804.0,644088,758319.0,385400,1385689.0,704248,1.656922,44.92105329113924,47.74744076923076,100.0
00:03:39.099549,2594631.0,1323896,844167.0,174840,1555810.0,322232,4.081955,52.69501474358973,58.494521265822776,100.0
00:03:43.168449,2537900.0,1290808,737638.0,376376,1386112.0,707256,4.0689,31.30893177215189,39.58035240506329,100.0
00:03:45.662604,2818467.0,878712,710434.0,361336,1337332.0,680184,2.494155,47.65756924050634,59.52809734177214,100.0
00:03:48.786582,2527546.0,987000,830947.0,259064,1525614.0,475640,3.123978,59.92640392405066,72.44322088607593,100.0
00:03:52.163704,2651611.0,1119352,632608.0,247032,1325878.0,517752,3.377122,66.79975961538462,80.75515923076925,100.0
00:03:55.455137,2764510.0,1137400,585189.0,247032,1426009.0,601976,3.291433,71.70073620253164,85.05661645569621,100.0
00:03:58.855671,2682891.0,1140408,388402.0,159800,1455823.0,598968,3.400534,68.9284787341772,82.32293392405063,100.0
00:04:02.063881,2648703.0,1062200,298099.0,126712,1402038.0,595960,3.208211,52.39314379746834,65.16385329113923,100.0
00:04:05.265515,2654145.0,1062200,390976.0,156792,1396077.0,559864,3.201633,63.84925551282049,76.4112324050633,100.0
00:04:09.294748,2730111.0,1375032,481974.0,192888,1376397.0,550840,4.029233,39.73641329113926,43.19441256410256,100.0
00:04:13.255448,2570777.0,1272760,311308.0,156792,1428138.0,719288,3.9607,49.14945911392405,53.843552405063285,100.0
00:04:15.715804,2583326.0,794488,444285.0,219960,1373866.0,680184,2.460356,60.45915746835443,77.13317240506328,100.0
00:04:19.121171,2410557.0,1026104,490257.0,150776,1448765.0,445560,3.405367,68.37845037974684,83.70290506329117,100.0
00:04:23.186860,2551742.0,1296824,382473.0,162808,1294051.0,550840,4.065689,57.00950897435898,68.99115179487177,100.0
00:04:26.553682,2866998.0,1206584,509756.0,259064,1332469.0,677176,3.366822,36.12264582278481,43.4319446835443,100.0
00:04:30.627260,2635410.0,1341944,779959.0,328248,1516140.0,638072,4.073578,31.77286392405064,37.086438354430385,100.0
00:04:34.711005,2581708.0,1317880,792321.0,403448,1424406.0,725304,4.083745,25.418216962025326,29.896957088607607,100.0
00:04:36.237494,2871069.0,547832,772671.0,394424,1367826.0,698232,1.526489,40.45483923076924,50.34941101265824,100.0
00:04:39.762916,2649282.0,1167480,805948.0,153784,1483812.0,283128,3.525422,39.94936139240507,47.20345346153845,100.0
00:04:43.832572,2643863.0,1344952,663330.0,337272,1438324.0,731320,4.069656,31.8997453164557,37.87399670886075,100.0
00:04:46.577727,2648424.0,908792,567256.0,289144,1352120.0,689208,2.745155,20.060498607594937,22.312355189873415,100.0
00:04:50.614871,2641312.0,1332920,606308.0,165816,1431216.0,391416,4.037144,9.897558974358978,10.279232658227848,100.0
00:04:54.643693,2658714.0,1338936,763708.0,385400,1401497.0,707256,4.028822,25.644608860759497,26.979100886075955,100.0
00:04:56.435170,2607582.0,583928,721973.0,367352,1401825.0,713272,1.791477,17.87108594936709,20.033376923076922,100.0
00:05:00.470659,2588728.0,1305848,718803.0,156792,1408303.0,307192,4.035489,48.8237964556962,53.79897493670885,100.0
00:05:04.539537,2484686.0,1263736,537829.0,274104,1366293.0,689208,4.068878,67.76730820512822,75.8740993670886,100.0
00:05:07.117081,2895332.0,932856,660127.0,337272,1360996.0,692216,2.577544,55.7971158227848,64.76556253164556,100.0
00:05:09.605948,2602077.0,809528,761774.0,241016,1513602.0,487672,2.488867,62.17707835443039,75.83482730769231,100.0
00:05:13.683937,2372918.0,1209592,707020.0,219960,1383826.0,430520,4.077989,58.36686455696204,66.21420367088608,100.0
00:05:16.831292,2883416.0,1134392,584931.0,298168,1275342.0,650104,3.147355,61.628771794871795,64.60148860759494,100.0
00:05:20.291992,2434596.0,1053176,582035.0,228984,1553050.0,611000,3.4607,33.63464835443036,41.171258101265835,100.0
00:05:24.074614,2577293.0,1218616,515428.0,222968,1294221.0,559864,3.782622,43.11580151898734,52.13561746835442,100.0
00:05:27.228458,2801183.0,1104312,528818.0,250040,1362204.0,644088,3.153844,42.189785443037955,57.07129320512821,100.0
00:05:30.338758,2453556.0,953912,634248.0,250040,1526964.0,601976,3.1103,51.057205641025654,65.56657924050631,100.0
00:05:33.451958,2652242.0,1032120,519337.0,201912,1293025.0,502712,3.1132,43.72005721518988,49.48331670886076,100.0
00:05:37.193680,2791972.0,1305848,565231.0,219960,1415495.0,550840,3.741722,32.466574303797465,43.831495316455694,100.0
00:05:40.227936,2443669.0,926840,643930.0,301176,1486425.0,695224,3.034256,34.10542151898734,43.64118846153846,100.0
00:05:43.501569,2654577.0,1086264,690968.0,262072,1301638.0,493688,3.273633,23.753631282051288,31.4308117721519,100.0
00:05:47.533147,2740461.0,1381048,802162.0,328248,1426984.0,583928,4.031578,6.643659620253166,8.066108607594938,100.0
00:05:51.014191,2655405.0,1155448,877853.0,241016,1579041.0,433528,3.481044,4.773771392405063,5.419681265822784,100.0
00:05:54.793946,2674746.0,1263736,702823.0,186872,1279789.0,340280,3.779755,23.29612493670886,28.074638860759496,100.0
00:05:57.736391,2609878.0,959928,780482.0,319224,1390895.0,568888,2.942445,63.25449935897436,64.08311,100.0
00:06:00.218635,2686575.0,833592,758415.0,358328,1426903.0,674168,2.482244,46.702471139240515,51.600621772151904,100.0
00:06:03.998046,2292962.0,1083256,434468.0,159800,1391321.0,511736,3.779411,34.51516911392406,33.36133113924052,100.0
00:06:06.523057,2955570.0,932856,495628.0,153784,1416602.0,439544,2.525011,17.102593797468348,18.028982531645575,100.0
00:06:08.213368,2621283.0,553848,408292.0,192888,1274221.0,601976,1.690311,17.102593797468348,18.028982531645575,100.0
00:06:11.281291,2675696.0,1026104,611127.0,192888,1535562.0,484664,3.067923,8.991353974358974,13.524429999999995,100.0
00:06:13.647803,2411217.0,713272,528527.0,111672,1439659.0,304184,2.366512,21.95966936708861,28.173160256410256,100.0
00:06:17.719536,2553864.0,1299832,793198.0,304184,1475604.0,565880,4.071733,5.956992405063292,5.71638164556962,100.0
00:06:18.089392,3976985.0,183864,662226.0,195896,1252002.0,370360,0.369856,5.956992405063292,5.71638164556962,100.0
00:06:22.161381,2595071.0,1320888,739490.0,376376,1336401.0,680184,4.071989,27.343420000000005,29.98255367088607,100.0
00:06:26.243537,2635767.0,1344952,984080.0,45496,2415469.0,111672,4.082156,16.614553717948723,18.131225512820517,100.0
00:06:29.103104,2660274.0,950904,615341.0,313208,1377685.0,701240,2.859567,16.614553717948723,18.131225512820517,100.0
00:06:33.180270,2609483.0,1329912,413381.0,210936,1374254.0,701240,4.077166,2.069022025316456,2.500849746835444,100.0
00:06:37.267602,2532342.0,1293816,396569.0,141752,1440061.0,514744,4.087333,21.621491139240504,29.077997848101273,100.0
00:06:38.922803,2967655.0,614008,531930.0,271096,1370033.0,698232,1.6552,21.621491139240504,29.077997848101273,100.0
00:06:42.669369,2685595.0,1257720,565931.0,289144,1366626.0,698232,3.746566,8.34590987179487,12.885910253164559,100.0
00:06:46.751180,2541663.0,1296824,597892.0,123704,1557428.0,322232,4.081811,21.480165443037983,36.03510556962025,100.0
00:06:48.734536,2682903.0,665144,590507.0,301176,1380799.0,704248,1.983356,21.480165443037983,36.03510556962025,100.0
00:06:52.776148,2584806.0,1305848,497735.0,253048,1361561.0,692216,4.041612,6.417497848101266,12.447446582278479,100.0
00:06:55.641592,3167095.0,1134392,466180.0,96632,1496493.0,310200,2.865444,23.974122307692312,26.379440126582278,100.0
00:06:59.516103,2261525.0,1095288,513449.0,262072,1350292.0,689208,3.874511,0.5675973417721519,1.9085744303797467,100.0
00:07:02.543837,2941700.0,1113336,632755.0,222968,1725405.0,607992,3.027734,9.933369240506329,21.568762179487177,100.0
00:07:06.626637,2328864.0,1188536,361005.0,174840,1242946.0,601976,4.0828,1.0474128205128206,3.833336202531646,100.0
00:07:10.029060,2723837.0,1158456,430177.0,162808,1519034.0,574904,3.402423,28.638102531645572,32.99859936708859,100.0
00:07:14.073315,2541465.0,1284792,572454.0,292152,1267945.0,647096,4.044255,8.614301139240506,13.045147820512824,100.0
00:07:18.150959,2585571.0,1317880,764725.0,325240,1457841.0,620024,4.077644,3.655259620253164,8.830755443037974,100.0
00:07:20.005004,2986835.0,692216,365881.0,186872,1357382.0,686200,1.854045,40.617265384615386,60.13469835443038,100.0
00:07:24.033404,2545494.0,1281784,467495.0,238008,1363971.0,695224,4.0284,11.411187848101267,17.93664987341772,100.0
00:07:28.076693,2649201.0,1338936,487964.0,111672,1546145.0,358328,4.043289,2.620104050632911,9.963491518987338,100.0
00:07:29.859415,2795868.0,623032,426430.0,216952,1331025.0,677176,1.782722,2.620104050632911,9.963491518987338,100.0
00:07:33.927849,2585509.0,1314872,602297.0,307192,1416173.0,722296,4.068434,0.2573585897435897,1.7667343037974683,100.0
00:07:37.964749,2683199.0,1353976,485952.0,102648,1482777.0,313208,4.0369,0.14318594936708862,0.9241416455696203,100.0
00:07:39.907905,2701255.0,656120,544901.0,277112,1367059.0,695224,1.943156,0.14318594936708862,0.9241416455696203,100.0
00:07:43.932550,2559828.0,1287800,837823.0,370360,1504680.0,665144,4.024645,0.9195927848101265,3.639549746835443,100.0
00:07:47.972094,2782714.0,1405112,746483.0,228984,1305427.0,400440,4.039544,2.4953521794871794,6.772329871794871,100.0
00:07:50.626938,2584426.0,857656,663538.0,337272,1344090.0,683192,2.654844,6.07119835443038,7.651850379746836,100.0
00:07:54.624950,2667165.0,1332920,835718.0,421496,1491769.0,752376,3.998012,6.530092784810127,11.678440379746835,100.0
00:07:58.661083,2558504.0,1290808,563913.0,183864,1375764.0,448568,4.036133,13.449185696202536,13.283700632911387,100.0
00:08:00.353227,2817537.0,595960,579347.0,195896,1371085.0,463608,1.692144,1.7040894871794872,11.485319871794871,100.0
00:08:04.382272,2700375.0,1359992,744745.0,256056,1411201.0,713272,4.029045,0.0,0.0,100.0
00:08:07.049838,2617205.0,872696,406691.0,120696,1440443.0,538808,2.667566,0.0,0.0,100.0
