delta_t_s,1280x534_bitrate,1280x534_size_byte,640x268_bitrate,640x268_size_byte,854x356_bitrate,854x356_size_byte,seg_len_s,640x268_vmaf_score,854x356_vmaf_score,1280x534_vmaf_score
00:00:04.087411,1702178.0,869688,230342.0,117688,801414.0,409464,4.087411,85.54148876288657,92.99672947916669,100.0
00:00:08.161766,1666289.0,848632,260611.0,132728,1046137.0,532792,4.074355,80.0162703125,90.04419916666662,100.0
00:00:12.371421,892470.0,469624,183638.0,96632,440876.0,231992,4.209655,91.33959072916662,94.70512822916663,100.0
00:00:16.500532,204704.0,105656,172088.0,90616,193048.0,99640,4.129111,87.09547083333325,93.58581145833325,100.0
00:00:20.582176,212980.0,108664,177356.0,90616,195293.0,99640,4.081644,78.14668718749998,90.06422729166663,100.0
00:00:24.650765,1100851.0,559864,264669.0,138744,654860.0,343288,4.068589,91.18576312499987,95.36421437499989,100.0
00:00:28.854653,2513650.0,1320888,281202.0,147768,1300114.0,683192,4.203888,80.27385322916665,89.34421052083331,100.0
00:00:33.025475,2550887.0,1329912,260353.0,135736,1365996.0,719288,4.170822,80.10983968749998,89.39003458333333,100.0
00:00:37.279719,877459.0,466616,176535.0,93624,504069.0,262072,4.254244,84.93139281249992,90.76833104166657,100.0
00:00:41.490896,189286.0,99640,172143.0,90616,177800.0,93624,4.211177,77.5209421875,89.77168947916668,100.0
00:00:45.703429,829023.0,436536,306510.0,159800,537294.0,280120,4.212533,81.3019883333332,91.76786083333322,100.0
00:00:49.915962,2411379.0,1269752,658456.0,343288,1308871.0,689208,4.212533,13.311880520833336,90.42025624999997,100.0
00:00:54.170206,2597026.0,1381048,649609.0,337272,1350805.0,704248,4.254244,79.33003770833334,44.3133025,100.0
00:00:58.375617,2552794.0,1341944,589343.0,304184,1392575.0,710264,4.205411,53.32881739583334,22.164656666666676,100.0
00:01:02.463028,2420434.0,1236664,557686.0,295160,1302214.0,689208,4.087411,53.32881739583334,22.164656666666676,100.0
00:01:06.623851,2470265.0,1284792,567503.0,295160,1284653.0,668152,4.160823,69.48275687499999,83.39911510416663,100.0
00:01:10.878095,2563087.0,1363000,736654.0,376376,1385423.0,722296,4.254244,44.12596958333334,38.508838125,100.0
00:01:15.077728,2682367.0,1408120,821669.0,418488,1419586.0,725304,4.199633,48.05848343750001,49.47735,100.0
00:01:19.206850,2535853.0,1308856,549192.0,286136,1361166.0,716280,4.129122,80.78720541666668,88.56648249999999,100.0
00:01:23.445316,2476110.0,1311864,336314.0,171832,1303158.0,686200,4.238466,82.27287093749999,90.08518166666666,100.0
00:01:27.693949,2356906.0,1251704,300896.0,159800,1258102.0,668152,4.248633,78.63952906249999,87.53019625,100.0
00:01:31.887826,2399154.0,1257720,339252.0,177848,1303218.0,683192,4.193877,74.14424322916668,84.09785656249998,100.0
00:01:35.975226,2767795.0,1414136,548260.0,280120,1405983.0,740344,4.0874,73.47937927083332,87.65364614583336,100.0
00:01:40.041093,1971613.0,1002040,296344.0,156792,1004046.0,520760,4.065867,78.5928575,89.69566333333331,100.0
00:01:44.283960,182201.0,96632,170858.0,90616,176058.0,93624,4.242867,27.04461552083335,58.44344020833336,100.0
00:01:48.453582,2009122.0,1047160,624018.0,325240,1120347.0,583928,4.169622,0.7553677083333333,22.812515000000005,100.0
00:01:52.624415,2591267.0,1350968,783752.0,400440,1366600.0,698232,4.170833,0.16130989583333336,24.723453124999992,100.0
00:01:56.795237,2643200.0,1378040,766860.0,391416,1424143.0,734328,4.170822,0.07669031250000001,4.800469687500001,100.0
00:02:00.924359,2623271.0,1353976,782835.0,406456,1402735.0,731320,4.129122,0.31539791666666667,28.157371875000006,100.0
00:02:05.171625,2555967.0,1356984,720486.0,379384,1335633.0,710264,4.247266,0.16941739583333335,29.552220729166677,100.0
00:02:09.405836,2535431.0,1341944,682698.0,361336,1355303.0,710264,4.234211,0.0042061458333333334,9.628003958333336,100.0
00:02:13.608502,2491477.0,1308856,756533.0,397432,1346299.0,707256,4.202666,0.011826249999999998,8.0152215625,100.0
00:02:17.756402,2750631.0,1426168,807132.0,418488,1448252.0,743352,4.1479,0.11737958333333333,3.9166932291666665,100.0
00:02:21.872768,2502790.0,1287800,737623.0,388408,1364972.0,695224,4.116366,2.0872279166666665,4.7543994791666675,100.0
00:02:26.082723,2658643.0,1399096,778087.0,409464,1398702.0,743352,4.209955,0.7495188541666667,3.1763976041666666,100.0
00:02:30.279623,2575173.0,1350968,761472.0,403448,1376818.0,722296,4.1969,2.1026290624999997,7.2618889583333335,100.0
00:02:34.486689,2574670.0,1353976,755741.0,397432,1362051.0,716280,4.207066,2.8125823958333336,8.29465416666667,100.0
00:02:38.555578,2496508.0,1269752,723668.0,379384,1314651.0,689208,4.068889,11.85247572916667,90.32408375,100.0
00:02:42.676345,2646109.0,1363000,769620.0,400440,1355538.0,698232,4.120767,22.356006249999993,88.27514333333333,100.0
00:02:46.825767,2639434.0,1369016,766186.0,403448,1384454.0,725304,4.149422,78.6687514583333,20.9785875,100.0
00:02:51.068778,2626587.0,1393080,775938.0,403448,1409742.0,740344,4.243011,16.012581250000004,89.54484484210525,100.0
00:02:55.280244,2503413.0,1317880,741890.0,394424,1302021.0,692216,4.211466,31.37795572916666,33.937176875000006,100.0
00:02:59.520366,2554598.0,1353976,653369.0,346296,1400876.0,713272,4.240122,24.641502708333334,1.761176875,100.0
00:03:03.728943,2510849.0,1320888,745707.0,388408,1363641.0,710264,4.208577,8.815529479166665,1.2740845833333332,100.0
00:03:07.983187,2551774.0,1356984,780761.0,409464,1394558.0,734328,4.254244,5.199230416666667,2.584599270833333,100.0
00:03:12.230598,2657860.0,1411128,792455.0,412472,1419711.0,746360,4.247411,0.37952531250000004,0.29809093750000004,100.0
00:03:16.381531,2476150.0,1284792,756166.0,388408,1353486.0,695224,4.150933,1.2274772916666665,1.153366041666667,100.0
00:03:20.542631,2626244.0,1366008,773818.0,394424,1377097.0,716280,4.1611,0.2645625,1.1925845833333333,100.0
00:03:24.671753,2506714.0,1293816,770383.0,391416,1333500.0,695224,4.129122,0.23444020833333334,1.7097021875000002,100.0
00:03:28.871675,2653534.0,1393080,772275.0,409464,1400271.0,737336,4.199922,0.5204041666666667,2.510594375,100.0
00:03:33.123486,2541915.0,1350968,755197.0,397432,1389648.0,731320,4.251811,61.976186562500004,69.12816416666666,100.0
00:03:37.362241,2538390.0,1344952,384865.0,201912,1300774.0,689208,4.238755,77.92375697916667,88.35206520833329,100.0
00:03:41.611152,2498341.0,1326904,283886.0,150776,1337310.0,710264,4.248911,37.97643354166667,48.356780833333325,100.0
00:03:45.805307,2530958.0,1326904,463193.0,238008,1314606.0,689208,4.194155,34.02126489583333,43.14783416666665,100.0
00:03:49.967918,2654195.0,1381048,474763.0,247032,1446044.0,737336,4.162611,29.41780520833333,40.41334166666667,100.0
00:03:54.097029,2611622.0,1347960,583517.0,301176,1418378.0,728312,4.129111,59.24994072916667,66.34802031250003,100.0
00:03:58.215051,2390755.0,1230648,392250.0,201912,1222039.0,629048,4.118022,31.352161770833344,38.87142072916667,100.0
00:04:02.343240,2664668.0,1375032,424721.0,216952,1397274.0,728312,4.128189,32.299275937500006,48.32147260416668,100.0
00:04:06.541795,2591352.0,1359992,373263.0,195896,1337433.0,704248,4.198555,33.97095354166665,46.946003645833315,100.0
00:04:10.754317,2577048.0,1356984,471724.0,241016,1376110.0,710264,4.212522,34.75360104166667,43.31929718749999,100.0
00:04:14.883439,2669894.0,1378040,479589.0,244024,1451972.0,746360,4.129122,48.01646489583333,59.451731562500015,100.0
00:04:19.047572,2583879.0,1344952,508578.0,262072,1347200.0,701240,4.164133,4.701705416666668,5.437047499999998,100.0
00:04:23.176694,2547509.0,1314872,738574.0,379384,1405245.0,725304,4.129122,8.814275729166667,13.235865104166665,100.0
00:04:27.379638,2531391.0,1329912,677780.0,346296,1325003.0,689208,4.202944,15.563819062500002,20.8658821875,100.0
00:04:31.633882,2693186.0,1432184,751360.0,397432,1448892.0,755384,4.254244,9.002742604166666,19.443616458333324,100.0
00:04:35.875659,2457158.0,1302840,734083.0,385400,1311193.0,695224,4.241777,4.530838750000001,7.445812604166665,100.0
00:04:40.085892,2486999.0,1308856,738026.0,388408,1334235.0,695224,4.210233,2.9831204166666674,4.5015365625,100.0
00:04:44.173303,2667703.0,1363000,629608.0,328248,1387762.0,716280,4.087411,50.29020218750001,55.715797500000015,100.0
00:04:48.297237,2644077.0,1363000,589343.0,304184,1395343.0,719288,4.123934,68.61745291666666,72.71926229166667,100.0
00:04:52.491526,2639886.0,1384056,620784.0,322232,1437873.0,746360,4.194289,70.04129072916668,74.24730343750001,100.0
00:04:56.695981,2639227.0,1387064,676082.0,355320,1380067.0,725304,4.204455,66.15233697916666,69.94265677083335,100.0
00:05:00.929103,2513344.0,1329912,751090.0,397432,1347982.0,713272,4.233122,70.7136265625,76.1057021875,100.0
00:05:05.088969,2517111.0,1308856,590635.0,310200,1308088.0,680184,4.159866,70.95672395833336,77.50344635416666,100.0
00:05:09.218091,2436779.0,1257720,451999.0,238008,1288688.0,665144,4.129122,46.78863260416666,54.26404916666666,100.0
00:05:13.333369,2749045.0,1414136,634799.0,334264,1430793.0,758392,4.115278,2.7928659375000002,3.9548843749999993,100.0
00:05:17.583935,2497369.0,1326904,742346.0,394424,1292862.0,680184,4.250566,6.096635312500001,6.447005624999999,100.0
00:05:21.738035,2474263.0,1284792,729092.0,382392,1323868.0,701240,4.1541,0.9379662500000001,0.9309822916666666,100.0
00:05:25.944012,2907177.0,1528440,578574.0,304184,1547572.0,797496,4.205977,50.66932354166668,57.457789999999996,100.0
00:05:30.156545,2177167.0,1146424,333590.0,174840,1194878.0,620024,4.212533,23.207021249999997,30.591558333333328,100.0
00:05:34.410789,2608339.0,1387064,590558.0,307192,1407811.0,719288,4.254244,15.826614895833337,18.0226740625,100.0
00:05:38.475711,2427905.0,1233656,583386.0,307192,1352330.0,701240,4.064922,7.6812157291666665,7.519528749999998,100.0
00:05:42.717633,2627261.0,1393080,654231.0,334264,1324320.0,704248,4.241922,0.0,0.0,100.0
00:05:46.928010,2732676.0,1438200,801837.0,409464,1516771.0,782456,4.210377,25.344063645833334,30.940395789473673,100.0
00:05:51.098832,2527808.0,1317880,620771.0,319224,1351951.0,695224,4.170822,44.86257885416668,50.788957604166676,100.0
00:05:55.222899,2562301.0,1320888,548259.0,280120,1366123.0,704248,4.124067,33.4978171875,42.51231375000001,100.0
00:05:59.292210,2703223.0,1375032,591641.0,310200,1431360.0,731320,4.069311,21.205828333333333,26.661433437499994,100.0
00:06:03.455110,2561522.0,1332920,538317.0,280120,1355399.0,698232,4.1629,26.74795625,31.019543125000002,100.0
00:06:07.542521,2661816.0,1359992,537294.0,280120,1433204.0,758392,4.087411,2.500398125,4.670513437500001,100.0
00:06:11.744243,2509218.0,1317880,583583.0,298168,1315447.0,677176,4.201722,35.07473197916666,41.578590104166665,100.0
00:06:15.831643,2650048.0,1353976,524793.0,268088,1390153.0,710264,4.0874,24.749508854166663,32.61856114583333,100.0
00:06:19.947054,2696331.0,1387064,650526.0,331256,1442085.0,734328,4.115411,0.0,0.0,100.0
00:06:24.156043,2482017.0,1305848,759003.0,391416,1348124.0,695224,4.208989,10.290858333333334,12.16582375,100.0
00:06:28.268576,2540231.0,1305848,708748.0,364344,1375806.0,707256,4.112533,12.10168614583334,16.744044687499997,100.0
00:06:32.432987,2445022.0,1272760,566032.0,292152,1306660.0,680184,4.164411,0.27634697916666673,0.4319140625,100.0
00:06:36.562109,2739828.0,1414136,794867.0,412472,1428557.0,737336,4.129122,0.0,0.10018770833333333,100.0
00:06:40.640209,2561679.0,1305848,677780.0,346296,1340396.0,704248,4.0781,1.531535833333333,2.281143020833333,100.0
00:06:44.705265,2575818.0,1308856,631895.0,334264,1362275.0,692216,4.065056,0.6327159375,2.0460769791666675,100.0
00:06:48.822198,2718715.0,1399096,567708.0,292152,1426941.0,734328,4.116933,1.4558694791666664,2.2280816666666663,100.0
00:06:52.949298,2560418.0,1320888,595279.0,310200,1372367.0,722296,4.1271,1.6198694791666675,2.7758707291666664,100.0
00:06:57.146753,2655094.0,1393080,779618.0,406456,1360283.0,716280,4.197455,3.6942453124999997,3.7220015624999996,100.0
00:07:01.359286,2525629.0,1329912,753017.0,400440,1338994.0,704248,4.212533,4.630820729166667,5.243362291666666,100.0
00:07:05.428730,2537561.0,1290808,738252.0,379384,1360807.0,692216,4.069444,5.066980625000001,5.631409895833333,100.0
00:07:09.550063,2820912.0,1453240,833100.0,433528,1488710.0,782456,4.121333,5.306265520833336,7.3754855208333305,100.0
00:07:13.658341,2572149.0,1320888,756539.0,394424,1355566.0,710264,4.108278,3.0923267010309274,6.077842395833334,100.0
00:07:17.776785,2571643.0,1323896,700637.0,364344,1327730.0,692216,4.118444,8.834322291666666,12.590233437500004,100.0
00:07:21.863685,2585603.0,1320888,617661.0,325240,1362515.0,710264,4.0869,23.267982500000002,30.654696458333333,100.0
00:07:26.062651,2625484.0,1378040,629086.0,331256,1408001.0,746360,4.198966,13.230877083333324,22.60955510416667,100.0
00:07:30.146673,2587425.0,1320888,566601.0,295160,1355949.0,692216,4.084022,31.869831562499996,37.061132916666686,100.0
00:07:34.259351,2551843.0,1311864,534059.0,280120,1350359.0,701240,4.112678,37.31176354166665,47.22212010416666,100.0
00:07:38.382195,2656449.0,1369016,583583.0,298168,1448888.0,755384,4.122844,22.668311875,37.27121322916666,100.0
00:07:42.491984,2670743.0,1372024,598187.0,304184,1331721.0,701240,4.109789,19.207447291666668,44.04208406250001,100.0
00:07:46.570228,2532085.0,1290808,672426.0,346296,1369671.0,698232,4.078244,1.9588884375,12.49209697916667,100.0
00:07:50.677139,2596442.0,1332920,633546.0,325240,1314212.0,695224,4.106911,3.0807275,94.17939802083333,100.0
00:07:54.794217,2578341.0,1326904,756537.0,394424,1375641.0,722296,4.117078,19.622611666666668,59.480985937500016,100.0
00:07:58.879750,2827961.0,1444216,495272.0,253048,1432018.0,731320,4.085533,35.44884114583334,63.48954552083331,100.0
00:08:03.077350,2591942.0,1359992,413478.0,216952,1353657.0,710264,4.1976,15.878169687499991,47.02884239583332,100.0
00:08:07.159994,2576510.0,1314872,578314.0,307192,1343146.0,707256,4.082644,42.285951666666655,33.33583895833332,100.0
00:08:11.271305,2517573.0,1293816,429505.0,222968,1290382.0,686200,4.111311,15.050917395833329,6.821578125000002,100.0
00:08:15.358716,2638266.0,1347960,713422.0,379384,1376406.0,716280,4.087411,71.0243,89.18312,100.0
