delta_t_s,1280x720_size_byte,1280x720_bitrate,seg_len_s,854x480_size_byte,854x480_bitrate,640x360_size_byte,640x360_bitrate,640x360_vmaf_score,854x480_vmaf_score,1280x720_vmaf_score
00:00:04.087411,623032,1219416.0,4.087411,391416,766090.0,165816,324539.0,89.5550942268041,96.86269381443302,100.0
00:00:08.161766,869688,1707633.0,4.074355,487672,957544.0,235000,461422.0,87.76655104166662,94.41037072916664,100.0
00:00:12.246288,1344952,2634241.0,4.084522,719288,1394565.0,280120,543100.0,81.07926458333333,91.34574656250003,100.0
00:00:16.359477,1369016,2662685.0,4.113189,731320,1422390.0,241016,468767.0,47.05483427083332,50.905224062500004,100.0
00:00:20.482832,1323896,2568580.0,4.123355,698232,1354687.0,189880,364709.0,80.48943701030926,87.70131062500002,100.0
00:00:24.676543,1305848,2491059.0,4.193711,701240,1378836.0,352312,678828.0,32.97861208333335,45.439812164948435,100.0
00:00:28.796998,1353976,2628789.0,4.120455,719288,1410799.0,391416,766090.0,12.768908333333336,4.446801458333332,100.0
00:00:32.862698,1408120,2770730.0,4.0657,740344,1456760.0,418488,823450.0,59.240389270833326,13.984271770833336,100.0
00:00:36.980276,1308856,2542962.0,4.117578,686200,1333210.0,370360,712352.0,73.72867593749997,24.060805937499996,100.0
00:00:41.066309,1290808,2527259.0,4.086033,692216,1354825.0,385400,754316.0,15.10032030927835,6.975944479166667,100.0
00:00:45.139287,1378040,2706697.0,4.072978,728312,1430524.0,403448,792438.0,22.643951354166663,7.36971,100.0
00:00:49.222431,1335928,2617449.0,4.083144,722296,1415176.0,403448,782472.0,16.8589128125,5.217445051546392,100.0
00:00:53.292520,1369016,2690881.0,4.070089,719288,1413802.0,403448,793000.0,11.962641250000004,7.423840520833337,100.0
00:00:57.414498,1326904,2575276.0,4.121978,698232,1341564.0,391416,752056.0,5.570671041666667,3.993935104166665,100.0
00:01:01.627031,1384056,2628453.0,4.212533,737336,1400271.0,406456,787493.0,26.53233278350516,29.60324656249999,100.0
00:01:05.839553,1393080,2645598.0,4.212522,728312,1425477.0,397432,777867.0,42.91198229166667,45.922068749999994,100.0
00:01:10.052086,1254712,2382817.0,4.212533,674168,1326997.0,355320,699393.0,47.25808218749999,43.05651773195877,100.0
00:01:14.264619,1432184,2719853.0,4.212533,767416,1461880.0,334264,643138.0,18.388607083333337,14.8158625,100.0
00:01:18.349275,1335928,2616480.0,4.084656,707256,1385195.0,319224,624794.0,21.943950937500002,22.48920239583332,100.0
00:01:22.546008,1350968,2575275.0,4.196733,704248,1342469.0,328248,632000.0,8.269530206185566,6.219502291666667,100.0
00:01:26.627786,1218616,2388402.0,4.081778,641080,1243765.0,238008,461131.0,47.17511729166668,49.04025677083331,100.0
00:01:30.696508,1375032,2703614.0,4.068722,731320,1437935.0,370360,720821.0,33.29841999999999,34.14509385416667,100.0
00:01:34.775397,1459256,2862065.0,4.078889,776440,1522846.0,325240,637899.0,20.592130416666674,17.209327010309273,100.0
00:01:38.841241,1260728,2480622.0,4.065844,665144,1308744.0,204920,403202.0,66.46512427083331,67.90345468749999,100.0
00:01:42.917252,1338936,2627934.0,4.076011,707256,1388133.0,250040,485784.0,49.02953979381446,50.48717999999999,100.0
00:01:47.086841,1272760,2441986.0,4.169589,683192,1310809.0,358328,701543.0,28.503329062499997,25.126229062500002,100.0
00:01:51.257662,1483320,2845137.0,4.170822,803512,1541206.0,439544,863308.0,7.628601666666666,7.782432291666663,100.0
00:01:55.382652,1272760,2468389.0,4.124989,668152,1309046.0,352312,683273.0,25.079144479166672,28.009916145833326,100.0
00:01:59.578018,1411128,2690831.0,4.195366,761400,1451887.0,406456,798882.0,22.4623471875,24.27794536082474,100.0
00:02:03.658418,1311864,2572030.0,4.0804,698232,1368948.0,340280,667150.0,12.440986185567013,15.441402187500001,100.0
00:02:07.850885,1284792,2451620.0,4.192467,692216,1334145.0,301176,580472.0,3.146241145833333,7.465238333333332,100.0
00:02:11.928396,1242680,2438114.0,4.077511,647096,1266515.0,247032,469137.0,28.267356770833334,34.348087916666664,100.0
00:02:16.159685,1498360,2832914.0,4.231289,803512,1549731.0,382392,745010.0,17.30147916666667,18.558750416666665,100.0
00:02:20.276018,1260728,2450196.0,4.116333,680184,1317831.0,322232,626250.0,9.023941666666664,10.795430206185568,100.0
00:02:24.444240,1317880,2529385.0,4.168222,692216,1315395.0,349304,663771.0,3.775510515463918,4.7260344791666675,100.0
00:02:28.656762,1408120,2674160.0,4.212522,761400,1460431.0,397432,765181.0,8.342319895833333,9.936627187500001,100.0
00:02:32.738673,1251704,2453172.0,4.081911,659128,1290064.0,319224,612297.0,1.6801121875,1.7710903125,100.0
00:02:36.849240,1393080,2711217.0,4.110567,740344,1440860.0,325240,630138.0,5.787791770833333,5.637318333333333,100.0
00:02:41.053384,1438200,2736728.0,4.204144,767416,1460303.0,373368,732269.0,6.942943437499999,6.715684583333334,100.0
00:02:45.244484,1323896,2527061.0,4.1911,701240,1338531.0,415480,793071.0,3.879547835051546,5.2069522680412375,100.0
00:02:49.445751,1363000,2595407.0,4.201267,722296,1403246.0,391416,752803.0,5.236462083333332,8.234650104166665,100.0
00:02:53.573773,1287800,2495723.0,4.128022,698232,1366967.0,385400,754316.0,9.828399062500003,11.804020729166668,100.0
00:02:57.813851,1411128,2662456.0,4.240078,752376,1419551.0,421496,827833.0,3.997916354166667,5.904152500000001,100.0
00:03:01.897262,1257720,2464057.0,4.083411,671160,1314900.0,376376,715451.0,19.94982552083334,25.974986562499996,100.0
00:03:05.967629,1320888,2596105.0,4.070367,686200,1348674.0,373368,733826.0,8.857755463917524,11.600308124999996,100.0
00:03:10.089874,1396088,2709374.0,4.122245,749368,1454291.0,382392,742104.0,6.452418229166667,9.453400515463915,100.0
00:03:14.157352,1296824,2550620.0,4.067478,707256,1391045.0,400440,787593.0,0.0075809375,0.0,100.0
00:03:18.234997,1369016,2685895.0,4.077645,725304,1422986.0,412472,809235.0,4.597149062500001,6.675718125000002,100.0
00:03:22.341297,1236664,2409300.0,4.1063,662136,1289990.0,316216,616060.0,16.338581354166667,19.333232291666658,100.0
00:03:26.541175,1417144,2699400.0,4.199878,743352,1415949.0,364344,700968.0,0.4400774226804123,1.0658991666666664,100.0
00:03:30.667820,1311864,2543206.0,4.126645,710264,1390992.0,406456,787491.0,0.25714406250000005,0.3426185567010309,100.0
00:03:34.781409,1230648,2393331.0,4.113589,665144,1280569.0,382392,736200.0,7.695749583333334,10.70322291666667,100.0
00:03:38.946876,1465272,2814132.0,4.165467,788472,1514302.0,433528,831542.0,7.756986562500003,11.75806135416667,100.0
00:03:43.159409,1284792,2439941.0,4.212533,683192,1297446.0,376376,714773.0,5.835657916666668,7.332666770833334,100.0
00:03:47.238565,1356984,2661303.0,4.079156,716280,1404761.0,403448,791238.0,11.48424639175257,13.887575937500001,100.0
00:03:51.304676,1450232,2853305.0,4.066111,785464,1545386.0,433528,852958.0,13.037971979166668,15.66861833333333,100.0
00:03:55.380954,1314872,2580534.0,4.076278,698232,1370332.0,391416,768183.0,14.409112499999999,20.145973298969075,100.0
00:03:59.592532,1275768,2423353.0,4.211578,686200,1303454.0,382392,719241.0,25.472984375000006,30.326486458333317,100.0
00:04:03.805065,1363000,2588466.0,4.212533,701240,1372491.0,394424,766783.0,16.147605729166663,19.002026145833327,100.0
00:04:07.972032,1429176,2743820.0,4.166967,770424,1450077.0,421496,808468.0,22.14082731958763,27.016457812500004,100.0
00:04:12.101154,1296824,2512541.0,4.129122,686200,1348626.0,382392,740868.0,25.51853177083332,31.11222083333333,100.0
00:04:16.348665,1366008,2572815.0,4.247511,728312,1413378.0,412472,784577.0,22.298790416666673,24.208967187500004,100.0
00:04:20.541409,1335928,2549028.0,4.192744,695224,1367332.0,388408,756148.0,19.67389489583333,23.089471134020616,100.0
00:04:24.702620,1293816,2487383.0,4.161211,698232,1355954.0,391416,752504.0,12.463861145833334,13.171152187500006,100.0
00:04:28.790031,1405112,2750126.0,4.087411,749368,1474867.0,424504,830851.0,25.05859226804123,25.375905729166675,100.0
00:04:32.948364,1254712,2413874.0,4.158333,674168,1296996.0,376376,724090.0,16.469285937500008,19.682404479166667,100.0
00:04:37.077486,1323896,2564992.0,4.129122,713272,1341290.0,397432,762307.0,4.001056354166666,3.6557313541666665,100.0
00:04:41.274630,1341944,2557823.0,4.197144,701240,1336604.0,349304,656857.0,7.6729878125,9.084974226804123,100.0
00:04:45.403752,1197560,2320222.0,4.129122,659128,1277032.0,331256,642607.0,8.565715833333332,6.782524479166665,100.0
00:04:49.472886,1363000,2679685.0,4.069134,710264,1396393.0,346296,680824.0,10.484090412371135,8.0342321875,100.0
00:04:53.552175,1378040,2702510.0,4.079289,734328,1425533.0,409464,786917.0,1.8970160416666666,1.7285586458333333,100.0
00:04:57.743553,1224632,2337430.0,4.191378,638072,1242607.0,352312,682591.0,17.916178020833325,14.762590833333332,100.0
00:05:01.903386,1522424,2927855.0,4.159833,818552,1606417.0,454584,863300.0,10.473763333333332,9.923245833333334,100.0
00:05:06.115919,1302840,2474216.0,4.212533,680184,1279319.0,370360,717701.0,10.908084791666667,10.750037731958766,100.0
00:05:10.203330,1275768,2496970.0,4.087411,686200,1347629.0,394424,774610.0,3.937203195876288,3.694091875,100.0
00:05:14.287019,1305848,2558173.0,4.083689,707256,1385523.0,400440,784467.0,8.404403229166666,6.493362500000001,100.0
00:05:18.441086,1363000,2624897.0,4.154067,728312,1431344.0,403448,784850.0,12.507754062499998,11.674983229166669,100.0
00:05:22.653619,1513400,2874090.0,4.212533,794488,1541751.0,433528,849883.0,5.501722604166667,5.740685625,100.0
00:05:26.782730,1296824,2512548.0,4.129111,689208,1321960.0,379384,746127.0,0.3234069791666666,0.27338604166666663,100.0
00:05:30.860653,1335928,2620800.0,4.077923,707256,1384265.0,406456,797378.0,0.025882164948453606,0.05090845360824744,100.0
00:05:34.925531,1399096,2753531.0,4.064878,746360,1468895.0,409464,805857.0,0.3627485416666667,0.3648529166666667,100.0
00:05:39.000576,1284792,2522263.0,4.075045,692216,1358936.0,388408,762510.0,1.0699318750000002,1.4775088541666666,100.0
00:05:43.085787,1396088,2733935.0,4.085211,734328,1438022.0,388408,745391.0,6.152125520833331,5.8158360416666675,100.0
00:05:47.241365,1308856,2519709.0,4.155578,707256,1361554.0,376376,721921.0,7.607657916666668,7.045925729166668,100.0
00:05:51.328765,1311864,2567625.0,4.0874,689208,1348941.0,394424,771980.0,2.314521030927836,2.0958257731958767,100.0
00:05:55.439743,1317880,2564606.0,4.110978,692216,1347058.0,400440,779259.0,5.181839687500002,5.736323645833331,100.0
00:05:59.610565,1344952,2579735.0,4.170822,725304,1377421.0,397432,756189.0,4.79346875,4.117877916666665,100.0
00:06:03.823098,1438200,2731278.0,4.212533,761400,1445970.0,418488,798732.0,5.352725729166665,5.269458958333333,100.0
00:06:08.066498,1224632,2308775.0,4.2434,638072,1211759.0,358328,680498.0,40.46762260416667,42.877969375,100.0
00:06:12.153232,1399096,2738805.0,4.086734,746360,1461039.0,412472,807435.0,0.6329224742268041,0.53024,100.0
00:06:16.268610,1408120,2737284.0,4.115378,761400,1495262.0,427512,831052.0,4.2179110416666665,2.183757216494845,100.0
00:06:20.481143,1242680,2359967.0,4.212533,674168,1281393.0,376376,715379.0,20.028333854166664,21.747201666666665,100.0
00:06:24.551932,1399096,2749532.0,4.070789,728312,1431294.0,403448,792864.0,10.075480104166665,11.0586209375,100.0
00:06:28.632888,1375032,2695509.0,4.080956,737336,1430794.0,397432,771213.0,1.9990480208333337,1.6895004166666663,100.0
00:06:32.700788,1326904,2609511.0,4.0679,689208,1355407.0,394424,771978.0,5.904689278350515,6.044814791666667,100.0
00:06:36.862266,1429176,2747439.0,4.161478,773432,1472086.0,403448,783438.0,14.981126041666665,10.88087875,100.0
00:06:41.033088,1275768,2447034.0,4.170822,647096,1266518.0,183864,352667.0,78.34700770833334,84.42076453608247,100.0
00:06:45.120488,1314872,2573512.0,4.0874,677176,1329367.0,219960,430513.0,34.18162260416667,35.560911979166654,100.0
00:06:49.247544,1215608,2356368.0,4.127056,653112,1266010.0,253048,490515.0,39.637449999999994,41.61329968750002,100.0
00:06:53.403255,1375032,2647021.0,4.155711,716280,1407129.0,385400,757117.0,9.591252783505157,11.845268125000004,100.0
00:06:57.532377,1323896,2564992.0,4.129122,734328,1410176.0,394424,749928.0,17.161615104166668,17.241714791666666,100.0
00:07:01.726910,1245688,2375831.0,4.194533,707256,1356578.0,328248,632337.0,36.011747708333345,34.792931958762885,100.0
00:07:05.931621,1543480,2936667.0,4.204711,776440,1474533.0,415480,789035.0,16.209321770833334,12.619074270833336,100.0
00:07:10.060732,1323896,2564999.0,4.129111,719288,1379657.0,403448,773848.0,13.76275701030928,6.652237708333335,100.0
00:07:14.220832,1299832,2499616.0,4.1601,695224,1333503.0,343288,665107.0,5.502424999999998,6.125337916666666,100.0
00:07:18.474521,1353976,2546450.0,4.253689,704248,1324320.0,364344,685139.0,2.391384375,2.032925,100.0
00:07:22.715154,1347960,2542941.0,4.240633,713272,1345595.0,289144,562057.0,37.477536666666666,36.440129479166664,100.0
00:07:26.840832,1350968,2619628.0,4.125678,716280,1403106.0,313208,613536.0,28.797493229166665,32.59747020618556,100.0
00:07:31.036876,1254712,2392180.0,4.196044,686200,1308279.0,304184,579944.0,14.01513206185567,15.864329687500001,100.0
00:07:35.201376,1335928,2566316.0,4.1645,704248,1352859.0,307192,590115.0,32.61026104166666,33.36448010416667,100.0
00:07:39.372187,1137400,2181638.0,4.170811,641080,1229650.0,216952,416133.0,20.369694166666665,20.983211458333333,100.0
00:07:43.459598,1456248,2850211.0,4.087411,770424,1477740.0,367352,718992.0,20.369694166666665,20.983211458333333,100.0
00:07:47.524742,1441208,2836224.0,4.065145,752376,1457700.0,358328,698011.0,25.439801458333335,27.51955947916667,100.0
00:07:51.725177,1323896,2521446.0,4.200434,704248,1341286.0,292152,556422.0,36.85055649484537,40.264332989690715,100.0
00:07:55.894065,1242680,2384674.0,4.168888,656120,1259079.0,286136,554377.0,34.120722916666665,37.38586125000001,100.0
00:08:00.064887,1465272,2810519.0,4.170822,770424,1507896.0,286136,562094.0,38.92620885416667,43.86728947916666,100.0
00:08:04.147476,1287800,2523496.0,4.082589,695224,1335043.0,298168,578363.0,38.92620885416667,43.86728947916666,100.0
00:08:08.258732,1233656,2400543.0,4.111256,647096,1253721.0,286136,556785.0,27.82276406250001,33.221641250000005,100.0
00:08:12.463565,1453240,2764894.0,4.204833,773432,1471510.0,409464,779034.0,8.35280319587629,9.819404742268043,100.0
