delta_t_s,1280x720_bitrate,1280x720_size_byte,640x360_bitrate,640x360_size_byte,854x480_bitrate,854x480_size_byte,seg_len_s,640x360_vmaf_score,854x480_vmaf_score,1280x720_vmaf_score
00:00:04.087411,2184941.0,1116344,554601.0,289144,1166178.0,607992,4.087411,88.83543113402062,93.23899927083335,100.0
00:00:08.161766,2670345.0,1359992,677782.0,346296,1401927.0,716280,4.074355,13.459499374999995,15.66652968750001,100.0
00:00:12.371421,2601668.0,1369016,360118.0,183864,1394565.0,719288,4.209655,28.82217541666667,30.814825416666654,100.0
00:00:16.568032,2437730.0,1278776,281690.0,147768,1267964.0,665144,4.196611,80.258728125,92.27415854166664,100.0
00:00:20.738854,2614352.0,1363000,711730.0,367352,1425477.0,728312,4.170822,44.82396760416671,87.59589885416669,100.0
00:00:24.909665,2597050.0,1353976,690420.0,358328,1380115.0,716280,4.170811,48.11514791666665,53.378837499999996,100.0
00:00:29.071831,1399871.0,728312,231986.0,120696,814235.0,424504,4.162166,72.4618561458333,82.008186875,100.0
00:00:33.304375,239500.0,126712,182350.0,93624,211644.0,108664,4.232544,79.27346666666666,83.47562708333334,100.0
00:00:37.547086,1407326.0,746360,278226.0,141752,963090.0,490680,4.242711,44.18160520833333,48.211483124999994,100.0
00:00:41.633130,2350572.0,1200568,601446.0,307192,1319942.0,674168,4.086044,8.638652291666668,10.240710624999998,100.0
00:00:45.706120,2564893.0,1305848,757353.0,397432,1355495.0,704248,4.07299,8.638652291666668,10.240710624999998,100.0
00:00:49.830975,2427632.0,1251704,589345.0,304184,1253724.0,647096,4.124855,50.16329364583331,54.395014374999995,100.0
00:00:54.026197,2708132.0,1420152,815235.0,427512,1515034.0,794488,4.195222,21.598522083333332,24.174445729166678,100.0
00:00:58.197019,2625891.0,1369016,752526.0,388408,1335315.0,689208,4.170822,10.919561354166667,11.785946875000006,100.0
00:01:02.284419,2591174.0,1323896,781728.0,397432,1420719.0,722296,4.0874,2.358591354166667,2.3115335416666665,100.0
00:01:06.445219,2638000.0,1372024,779465.0,409464,1401155.0,743352,4.1608,14.155306666666661,13.436176249999995,100.0
00:01:10.657752,2491354.0,1311864,663361.0,349304,1291732.0,683192,4.212533,7.032535520833332,7.728378958333334,100.0
00:01:14.828574,2625891.0,1369016,664225.0,346296,1400464.0,713272,4.170822,14.263482604166667,13.711245520833335,100.0
00:01:18.913230,2587024.0,1320888,801414.0,409464,1396978.0,713272,4.084656,14.263482604166667,13.711245520833335,100.0
00:01:22.984841,2672145.0,1359992,804524.0,409464,1434044.0,737336,4.071611,9.300038556701029,8.392335416666668,100.0
00:01:27.233452,2657109.0,1411128,787999.0,418488,1388380.0,737336,4.248611,45.28317395833334,43.50607604166667,100.0
00:01:31.427296,2513932.0,1317880,740910.0,388408,1314704.0,689208,4.193844,44.079599062500016,44.78125479166667,100.0
00:01:35.598129,2689350.0,1402104,789640.0,403448,1449022.0,740344,4.170833,3.1662642708333313,4.1125066666666665,100.0
00:01:39.727251,2530025.0,1305848,754670.0,391416,1371614.0,704248,4.129122,3.1662642708333313,4.1125066666666665,100.0
00:01:43.814662,2579393.0,1317880,768233.0,391416,1354825.0,692216,4.087411,2.0372277083333334,2.3565105208333335,100.0
00:01:48.025962,2509226.0,1320888,736876.0,376376,1326397.0,698232,4.2113,1.3842148958333336,1.248815625,100.0
00:01:52.113373,2791337.0,1426168,804226.0,409464,1484346.0,758392,4.087411,3.756808229166666,5.418949583333334,100.0
00:01:56.238373,2777568.0,1432184,817446.0,421496,1459153.0,752376,4.125,2.3329607291666665,3.097413958333334,100.0
00:02:00.392028,2457147.0,1275768,730699.0,379384,1310044.0,680184,4.153655,7.7233121874999995,8.891957083333335,100.0
00:02:04.604561,2594178.0,1366008,773183.0,406456,1373991.0,722296,4.212533,6.063346875,6.1952218750000005,100.0
00:02:08.797039,2577889.0,1350968,528779.0,277112,1332351.0,698232,4.192478,28.728421249999993,34.50571895833334,100.0
00:02:12.999683,2565927.0,1347960,424433.0,222968,1392114.0,731320,4.202644,8.436653854166664,12.421447395833326,100.0
00:02:17.128805,2710689.0,1399096,685302.0,355320,1422093.0,737336,4.129122,11.92337416666667,14.362375624999999,100.0
00:02:21.299638,2314327.0,1206584,594989.0,310200,1260627.0,644088,4.170833,0.9706619791666667,0.7798126041666666,100.0
00:02:25.387049,2661816.0,1359992,710380.0,370360,1415153.0,737336,4.087411,0.9706619791666667,0.7798126041666666,100.0
00:02:29.500515,2644955.0,1359992,527734.0,274104,1394023.0,731320,4.113467,1.4117620833333335,2.149839479166667,100.0
00:02:33.749271,2532416.0,1344952,566986.0,298168,1307354.0,695224,4.248755,8.657851354166668,8.833302708333333,100.0
00:02:37.901560,2492728.0,1293816,456520.0,238008,1327861.0,689208,4.152289,9.557839010989014,7.432013750000001,100.0
00:02:41.988971,2773675.0,1417144,743336.0,391416,1478459.0,755384,4.087411,9.557839010989014,7.432013750000001,100.0
00:02:46.054971,2563384.0,1302840,705903.0,364344,1344266.0,704248,4.066,44.398240618556706,45.894768229166665,100.0
00:02:50.131127,2692780.0,1372024,726880.0,370360,1437252.0,734328,4.076156,16.54220739583333,19.71637063157894,100.0
00:02:54.259160,2717234.0,1402104,795739.0,406456,1420411.0,740344,4.128033,5.251614270833333,6.344209270833335,100.0
00:02:58.457549,2614381.0,1372024,514716.0,262072,1362351.0,710264,4.198389,24.550734791666667,38.78602187499998,100.0
00:03:02.586671,2559164.0,1320888,489862.0,250040,1335633.0,710264,4.129122,15.70762416666667,27.089799374999995,100.0
00:03:06.657060,2607915.0,1326904,385016.0,195896,1354579.0,689208,4.070389,23.735984583333337,65.40470427083334,100.0
00:03:10.821027,2699564.0,1405112,319188.0,162808,1410180.0,719288,4.163967,36.72776843750001,80.89684864583333,100.0
00:03:14.991849,2545117.0,1326904,361626.0,183864,1402874.0,713272,4.170822,29.805115312500003,52.008986354166694,100.0
00:03:19.120960,2512548.0,1296824,422890.0,219960,1402732.0,722296,4.129111,17.955655312499996,25.86638770833334,100.0
00:03:23.375204,2563087.0,1363000,400587.0,210936,1335633.0,710264,4.254244,5.944769374999999,16.10246354166667,100.0
00:03:27.575093,2613448.0,1372024,475850.0,253048,1381567.0,725304,4.199889,6.061948541666666,9.642354687499996,100.0
00:03:31.660038,2633968.0,1344952,306333.0,162808,1364707.0,725304,4.084945,26.983060937499985,31.98969416666667,100.0
00:03:35.857049,2632441.0,1381048,498763.0,259064,1365314.0,716280,4.197011,31.208043020833333,56.75140843750001,100.0
00:03:39.944460,2644153.0,1350968,397539.0,204920,1401924.0,716280,4.087411,18.30021072916667,51.920365104166684,100.0
00:03:44.055171,2629166.0,1350968,338745.0,174840,1364707.0,701240,4.110711,25.800250729166667,53.936266458333336,100.0
00:03:48.259460,2542028.0,1335928,458609.0,241016,1382385.0,719288,4.204289,24.02860364583333,37.62913083333333,100.0
00:03:52.388582,2634927.0,1359992,353976.0,180856,1425473.0,728312,4.129122,21.26602833333334,43.977992083333355,100.0
00:03:56.506582,2536858.0,1305848,384465.0,201912,1352618.0,689208,4.118,44.95913802083333,51.01297656250001,100.0
00:04:00.634749,2868705.0,1480312,519409.0,268088,1498838.0,773432,4.128167,12.566479270833334,17.321418020833338,100.0
00:04:04.749860,2409989.0,1239672,431992.0,219960,1298923.0,668152,4.115111,32.64172278350515,35.22972520833332,100.0
00:04:08.875138,2555716.0,1317880,419131.0,213944,1403243.0,716280,4.125278,13.598806249999997,23.749160625000012,100.0
00:04:13.070782,2633298.0,1381048,483426.0,256056,1340957.0,710264,4.195644,16.890473645833335,25.884650937500012,100.0
00:04:17.193171,2510808.0,1293816,353236.0,183864,1283642.0,668152,4.122389,26.38654395833333,39.44001927083334,100.0
00:04:21.385926,2652331.0,1390072,309187.0,162808,1445970.0,761400,4.192755,30.335056770833337,50.15445833333333,100.0
00:04:25.640170,2557431.0,1359992,294843.0,156792,1329977.0,707256,4.254244,32.75194760416665,56.62834822916667,100.0
00:04:29.704915,2587856.0,1314872,333833.0,174840,1361899.0,713272,4.064745,28.84129020833333,46.29977354166667,100.0
00:04:33.821537,2695538.0,1387064,466959.0,241016,1374439.0,707256,4.116622,22.712010416666672,90.28769645833329,100.0
00:04:37.950659,2495058.0,1287800,371638.0,189880,1325388.0,677176,4.129122,51.35289906250003,91.50362864583332,100.0
00:04:42.204903,2608339.0,1387064,301590.0,159800,1385898.0,734328,4.254244,46.49651208333332,72.01748447916667,100.0
00:04:46.453925,2724813.0,1447224,435402.0,228984,1447765.0,761400,4.249022,33.447615625,64.44311989583332,100.0
00:04:50.606470,2521549.0,1308856,336834.0,174840,1473276.0,749368,4.152545,24.272028645833334,45.63721458333333,100.0
00:04:54.777292,2597043.0,1353976,525755.0,274104,1382345.0,719288,4.170822,20.348091354166673,31.509092187500002,100.0
00:04:58.948114,2585504.0,1347960,594990.0,310200,1379657.0,719288,4.170822,9.696860312500002,18.923178437500003,100.0
00:05:03.118936,2729744.0,1423160,387284.0,201912,1431583.0,746360,4.170822,42.0157134375,54.09423874999998,100.0
00:05:07.289758,2406646.0,1254712,369975.0,192888,1275804.0,665144,4.170822,39.00607677083334,50.522132395833324,100.0
00:05:11.502291,2634166.0,1387064,554146.0,283128,1443135.0,737336,4.212533,25.22270697916667,35.79643604166668,100.0
00:05:15.631402,2617450.0,1350968,366635.0,192888,1361483.0,716280,4.129111,31.03164593749999,34.694125729166664,100.0
00:05:19.868891,2527791.0,1338936,323125.0,171832,1335236.0,707256,4.237489,42.434099791666675,49.824202083333326,100.0
00:05:23.949702,2542286.0,1296824,325064.0,165816,1368810.0,698232,4.080811,35.65821010416666,41.90845802083333,100.0
00:05:28.059169,2594827.0,1332920,649978.0,337272,1406111.0,722296,4.109467,17.0632537113402,23.611266041666667,100.0
00:05:32.262225,2577126.0,1353976,671521.0,349304,1351900.0,710264,4.203056,11.741218020833331,8.3956946875,100.0
00:05:36.433036,2481658.0,1293816,360601.0,189880,1297449.0,683192,4.170811,27.187642395833347,34.831418333333325,100.0
00:05:40.633203,2630463.0,1381048,498384.0,259064,1364288.0,716280,4.200167,18.043368333333337,20.329561578947366,100.0
00:05:44.887447,2721468.0,1447224,628575.0,334264,1492664.0,770424,4.254244,21.795144895833328,24.43441322916667,100.0
00:05:49.043014,2537088.0,1317880,770898.0,400440,1378930.0,716280,4.155567,14.319130625000005,15.062579583333337,100.0
00:05:53.213836,2550887.0,1329912,773848.0,403448,1345039.0,701240,4.170822,18.938807500000003,15.456594687500003,100.0
00:05:57.468069,2438651.0,1296824,543729.0,289144,1267759.0,674168,4.254233,37.95170989583334,42.29966750000002,100.0
00:06:01.589214,2750971.0,1417144,648875.0,334264,1466357.0,755384,4.121145,52.57517093749996,52.13734593750001,100.0
00:06:05.655592,2574981.0,1308856,332136.0,168824,1397339.0,710264,4.066378,38.86198145833334,38.20083156250001,100.0
00:06:09.815548,2574904.0,1338936,428789.0,222968,1360122.0,707256,4.159956,15.575521354166673,14.700258124999998,100.0
00:06:13.986370,2602813.0,1356984,750769.0,391416,1402735.0,731320,4.170822,29.89497833333334,28.56500916666667,100.0
00:06:18.157192,2522039.0,1314872,306510.0,159800,1333500.0,695224,4.170822,29.880934583333328,27.66402770833334,100.0
00:06:22.369725,2577041.0,1356984,335358.0,174840,1402735.0,731320,4.212533,30.414568750000015,34.06432229166666,100.0
00:06:26.498836,2757319.0,1423160,496099.0,256056,1448892.0,755384,4.129111,15.187589270833334,17.532518854166668,100.0
00:06:30.579781,2601170.0,1326904,752526.0,388408,1320296.0,695224,4.080945,27.28322739583332,41.535285624999986,100.0
00:06:34.689370,2629884.0,1350968,451611.0,231992,1376110.0,710264,4.109589,11.4173584375,24.97809364583334,100.0
00:06:38.850836,2562404.0,1332920,711979.0,370360,1394324.0,725304,4.161466,18.400480312499997,30.87533604166666,100.0
00:06:42.979958,2384328.0,1230648,404592.0,210936,1195026.0,623032,4.129122,18.400480312499997,30.87533604166666,100.0
00:06:47.138546,2824574.0,1468280,468058.0,244024,1519671.0,776440,4.158588,30.789361562500016,36.46136260416667,100.0
00:06:51.351079,2308554.0,1215608,341127.0,177848,1259119.0,656120,4.212533,12.851576562500002,14.242305729166667,100.0
00:06:55.605312,2693193.0,1432184,652686.0,340280,1440258.0,758392,4.254233,35.124633125,44.44534489583335,100.0
00:06:59.687757,2500007.0,1275768,295103.0,150776,1335315.0,689208,4.082445,16.35252020833333,18.577962291666662,100.0
00:07:03.757146,2803699.0,1426168,682374.0,361336,1426524.0,755384,4.069389,26.297906770833336,56.53299125000004,100.0
00:07:07.961835,2473109.0,1299832,425441.0,216952,1318671.0,686200,4.204689,21.072482187499997,37.24023604166666,100.0
00:07:12.090946,2716524.0,1402104,779784.0,400440,1446044.0,746360,4.129111,45.939187708333314,67.63380062500003,100.0
00:07:16.334456,2563900.0,1359992,488395.0,259064,1361695.0,722296,4.24351,38.935006562499986,61.9219725,100.0
00:07:20.588134,2546456.0,1353976,628658.0,334264,1360466.0,716280,4.253678,9.65914822916667,32.087082708333334,100.0
00:07:24.703634,2573482.0,1323896,782172.0,406456,1351273.0,716280,4.1155,22.57056833333333,70.68941145833332,100.0
00:07:28.871022,2535665.0,1320888,693644.0,361336,1351921.0,704248,4.167388,17.244876874999996,75.29241572916665,100.0
00:07:33.041855,2487414.0,1296824,664224.0,346296,1339266.0,698232,4.170833,10.422288229166666,41.873932708333335,100.0
00:07:37.170977,2623271.0,1353976,472786.0,244024,1346967.0,695224,4.129122,47.914065312499986,71.39065583333333,100.0
00:07:41.238999,2745487.0,1396088,521295.0,265080,1450013.0,737336,4.068022,22.235179062499995,62.04215739583332,100.0
00:07:45.484021,2540311.0,1347960,695801.0,358328,1375590.0,701240,4.245022,3.109251666666667,10.694915520833332,100.0
00:07:49.549166,2617199.0,1329912,492066.0,250040,1378997.0,722296,4.065145,2.6464071875,23.26267041666667,100.0
00:07:53.666178,2765423.0,1423160,514457.0,262072,1441535.0,749368,4.117012,24.431093750000002,63.24062083333333,100.0
00:07:57.835066,2413535.0,1257720,433642.0,225976,1281573.0,668152,4.168888,3.0729179166666665,44.93249760416666,100.0
00:08:02.005888,2614352.0,1363000,491987.0,259064,1419586.0,725304,4.170822,2.020795208333333,19.697921562500003,100.0
00:08:06.176710,2493191.0,1299832,436914.0,222968,1342812.0,713272,4.170822,0.0,25.369274895833346,100.0
00:08:10.246244,2791773.0,1420152,591755.0,307192,1372603.0,698232,4.069534,2.0764752083333335,57.072088125000015,100.0
00:08:14.409367,2584505.0,1344952,693073.0,361336,1402834.0,737336,4.163123,84.88044,73.01717,100.0
