delta_t_s,1280x720_bitrate,1280x720_size_byte,640x360_bitrate,640x360_size_byte,854x480_bitrate,854x480_size_byte,seg_len_s,640x360_vmaf_score,854x480_vmaf_score,1280x720_vmaf_score
00:00:04.087411,1231191.0,629048,324539.0,165816,783752.0,400440,4.087411,90.21169103092778,97.38843250000006,100.0
00:00:08.161766,1754882.0,893752,361017.0,183864,975263.0,496696,4.074355,88.68479781249994,94.4314702083333,100.0
00:00:12.246288,3011297.0,1537464,759189.0,403448,1591443.0,812536,4.084522,86.38557552083336,93.37120062500001,100.0
00:00:16.317766,2660411.0,1353976,503121.0,256056,1395589.0,710264,4.071478,56.6606246875,94.03217104166669,100.0
00:00:20.441121,1663996.0,857656,269186.0,138744,1051213.0,541816,4.123355,74.99654760416665,94.83925802083336,100.0
00:00:24.551410,867209.0,445560,212680.0,108664,566033.0,292152,4.110289,80.32117052083333,96.0805673958334,100.0
00:00:28.680521,2081284.0,1074232,251855.0,129720,1148822.0,592952,4.129111,79.01224666666666,94.1542326041667,100.0
00:00:32.787943,844379.0,433528,213815.0,108664,539729.0,277112,4.107422,80.19830135416667,92.90857552083334,100.0
00:00:36.988943,779745.0,409464,269939.0,141752,510522.0,268088,4.201,72.51132562500003,88.99429520833333,100.0
00:00:41.159765,318049.0,165816,202657.0,105656,260353.0,135736,4.170822,75.73017843749999,88.76341291666667,100.0
00:00:45.247165,342202.0,174840,200650.0,105656,274639.0,141752,4.0874,75.80168541666666,88.74880104166671,100.0
00:00:49.455442,589695.0,310200,216360.0,111672,403268.0,207928,4.208277,72.46316729166666,88.86321489583334,100.0
00:00:53.542853,312765.0,159800,201760.0,102648,260884.0,132728,4.087411,74.74359645833333,88.35564156249991,100.0
00:00:57.664831,409387.0,210936,199220.0,102648,301516.0,153784,4.121978,74.83962072916667,88.18611750000002,100.0
00:01:01.898886,387184.0,204920,176897.0,93624,273515.0,144760,4.234055,88.45891354166666,82.77885625000003,100.0
00:01:05.976264,225007.0,114680,183694.0,93624,201400.0,102648,4.077378,74.78926427083344,93.11917145833333,100.0
00:01:10.124008,215388.0,111672,174776.0,90616,192181.0,99640,4.147744,85.8364207291667,84.21375177083338,100.0
00:01:14.253130,2098762.0,1083256,491136.0,256056,1114644.0,586936,4.129122,77.88921583333335,90.59182874999999,100.0
00:01:18.337786,2681285.0,1369016,642458.0,328248,1396040.0,713272,4.084656,38.19344281249999,93.22390281250001,100.0
00:01:22.576230,2425025.0,1284792,439500.0,225976,1295192.0,686200,4.238444,36.27009281249999,94.54525041666666,100.0
00:01:26.783141,2448922.0,1287800,418283.0,219960,1339221.0,704248,4.206911,89.0027065625,94.98250239583335,100.0
00:01:30.870541,2561738.0,1308856,458573.0,238008,1339269.0,698232,4.0874,86.08064770833333,93.36680249999996,100.0
00:01:35.074563,2771152.0,1456248,412012.0,216952,1477740.0,770424,4.204022,61.58807041666665,66.29497020833331,100.0
00:01:39.140418,2504289.0,1272760,527491.0,268088,1320578.0,671160,4.065855,33.040355,43.190531875000005,100.0
00:01:43.216440,2622023.0,1335928,630791.0,331256,1352515.0,710264,4.076022,26.72689708333334,33.14862312500001,100.0
00:01:47.386040,2719002.0,1417144,641147.0,334264,1451868.0,749368,4.1696,26.61131635416666,30.99118489583334,100.0
00:01:51.459173,2298943.0,1170488,371638.0,189880,1218754.0,629048,4.073133,63.018445312500006,72.93806520833333,100.0
00:01:55.584185,2958404.0,1525432,444088.0,228984,1587490.0,818552,4.125012,35.08451468749999,46.24700166666667,100.0
00:01:59.737851,2358652.0,1224632,298980.0,156792,1252106.0,650104,4.153666,58.98946958333334,73.02774541666666,100.0
00:02:03.825262,2773675.0,1417144,530596.0,271096,1466684.0,749368,4.087411,29.944904791666662,34.22637635416667,100.0
00:02:07.892618,2734104.0,1390072,488599.0,256056,1393109.0,737336,4.067356,38.649386666666665,41.85478062499998,100.0
00:02:12.095273,2634631.0,1384056,573232.0,295160,1417127.0,722296,4.202655,28.278731249999996,32.63838333333333,100.0
00:02:16.182684,2573505.0,1314872,533590.0,271096,1380231.0,701240,4.087411,32.827911875000005,38.57926177083335,100.0
00:02:20.382450,2533306.0,1329912,573700.0,301176,1364418.0,716280,4.199766,30.45639166666666,36.589940729166656,100.0
00:02:24.467272,2675285.0,1366008,501477.0,256056,1367466.0,698232,4.084822,25.17319229166667,30.945329687500003,100.0
00:02:28.539028,2790249.0,1420152,639016.0,325240,1478233.0,752376,4.071756,9.797998020833337,12.586735000000003,100.0
00:02:32.704372,2369371.0,1233656,504067.0,265080,1271704.0,662136,4.165344,22.53739333333333,27.99035604166666,100.0
00:02:36.773239,2697604.0,1372024,591558.0,313208,1455626.0,740344,4.068867,22.47961791666667,28.092615624999997,100.0
00:02:40.852272,2643685.0,1347960,631977.0,322232,1434300.0,731320,4.079033,23.355717499999987,24.38504333333334,100.0
00:02:44.918261,2598901.0,1320888,492826.0,253048,1321299.0,692216,4.065989,28.011464270833333,49.70147197916668,100.0
00:02:48.994417,2616033.0,1332920,510488.0,268088,1343149.0,707256,4.076156,36.92995291666667,53.042986041666666,100.0
00:02:53.122450,2338322.0,1206584,407071.0,207928,1229968.0,641080,4.128033,56.615018125,71.09341125,100.0
00:02:57.279128,2889553.0,1501368,816013.0,415480,1546450.0,803512,4.156678,0.8858343750000001,2.2023038541666664,100.0
00:03:01.449950,2504730.0,1305848,584008.0,304184,1295951.0,662136,4.170822,9.347054479166667,11.304395625,100.0
00:03:05.579061,2553343.0,1317880,548550.0,283128,1405214.0,722296,4.129111,21.920859375000003,25.562766250000006,100.0
00:03:09.701317,2528401.0,1302840,566871.0,289144,1365996.0,719288,4.122256,11.859614526315791,15.981155212765962,100.0
00:03:13.810517,2360751.0,1212600,521927.0,268088,1309347.0,686200,4.1092,5.041534270833333,5.7904971875000015,100.0
00:03:17.971595,2846016.0,1480312,602167.0,313208,1396965.0,728312,4.161078,4.545717395833334,3.738876145833334,100.0
00:03:22.036195,2670834.0,1356984,687504.0,349304,1376955.0,728312,4.0646,4.257299791666666,3.8254427083333327,100.0
00:03:26.110962,2664170.0,1356984,567770.0,292152,1406274.0,716280,4.074767,4.0598928125,1.3521504166666667,100.0
00:03:30.237618,2572356.0,1326904,537611.0,280120,1386242.0,722296,4.126656,7.920743333333335,4.107843958333333,100.0
00:03:34.351218,2451824.0,1260728,398824.0,207928,1235416.0,644088,4.1136,8.162730937500003,4.8869359375000005,100.0
00:03:38.600107,2617290.0,1390072,463425.0,244024,1402735.0,731320,4.248889,29.272146458333335,26.95844479166667,100.0
00:03:42.794229,2479340.0,1299832,545784.0,286136,1343304.0,704248,4.194122,39.45398864583331,37.65320708333335,100.0
00:03:47.006762,2497066.0,1314872,519409.0,268088,1300344.0,671160,4.212533,44.35772593749999,43.68855322916667,100.0
00:03:51.114595,2566569.0,1317880,685029.0,355320,1430102.0,734328,4.107833,22.90369270833334,23.52329677083333,100.0
00:03:55.357717,2388324.0,1266744,566033.0,292152,1346715.0,686200,4.243122,6.8236246875,6.247388645833333,100.0
00:03:59.611017,2767334.0,1471288,473936.0,247032,1440546.0,743352,4.2533,18.899488541666667,18.488080104166666,100.0
00:04:03.809550,2591366.0,1359992,414508.0,213944,1368419.0,725304,4.198533,28.23156197916667,29.46774145833334,100.0
00:04:07.938661,2495064.0,1287800,350401.0,180856,1336555.0,689208,4.129111,35.36612322916668,25.39830916666666,100.0
00:04:12.092605,2729250.0,1417144,356315.0,186872,1378178.0,701240,4.153944,50.511034270833335,43.10969885416666,100.0
00:04:16.221716,2372679.0,1224632,310110.0,159800,1286289.0,656120,4.129111,49.49563333333333,51.31686937500004,100.0
00:04:20.414471,2640852.0,1384056,402477.0,210936,1395397.0,731320,4.192755,38.14896333333333,43.397331354166674,100.0
00:04:24.668715,2523492.0,1341944,406962.0,207928,1325388.0,677176,4.254244,40.7467,46.536297916666676,100.0
00:04:28.858582,2648416.0,1387064,425728.0,222968,1350412.0,707256,4.189867,55.26641093750001,63.16558125000003,100.0
00:04:32.987693,2559171.0,1320888,362057.0,186872,1337433.0,704248,4.129111,57.83965864583333,65.71456052083333,100.0
00:04:37.114482,2519793.0,1299832,490547.0,253048,1301079.0,671160,4.126789,27.11612458333332,26.44906364583335,100.0
00:04:41.186515,2725054.0,1387064,703978.0,358328,1454495.0,740344,4.072033,14.92118958333333,14.255515729166666,100.0
00:04:45.268715,2688793.0,1372024,708120.0,361336,1382579.0,734328,4.0822,16.928780624999998,15.53858875,100.0
00:04:49.421271,2579492.0,1338936,632940.0,325240,1358809.0,698232,4.152556,14.014367500000004,8.813423958333333,100.0
00:04:53.592093,2516269.0,1311864,636614.0,331256,1353437.0,704248,4.170822,15.5518203125,10.410012708333335,100.0
00:04:57.804626,2611316.0,1375032,731399.0,379384,1394558.0,734328,4.212533,21.262891458333335,3.9987961458333334,100.0
00:05:01.892037,2761900.0,1411128,583583.0,298168,1440258.0,758392,4.087411,46.05842614583332,16.630170833333334,100.0
00:05:06.020326,2291544.0,1182520,479693.0,250040,1189141.0,626040,4.128289,59.075471770833325,29.175143854166645,100.0
00:05:10.218971,2637147.0,1384056,643960.0,331256,1383074.0,704248,4.198645,29.89076052083333,9.777037291666668,100.0
00:05:14.344371,2613971.0,1347960,502378.0,259064,1403201.0,716280,4.1254,83.63665083333335,0.9699520833333334,100.0
00:05:18.540138,2564397.0,1344952,503412.0,265080,1371454.0,719288,4.195767,26.650134226804123,9.66061125,100.0
00:05:22.669260,2798107.0,1444216,606827.0,313208,1521803.0,785464,4.129122,40.5097384375,11.614302916666666,100.0
00:05:26.778727,2577260.0,1323896,377524.0,195896,1316626.0,683192,4.109467,74.08277666666666,49.683379791666674,100.0
00:05:31.023483,2472441.0,1311864,526261.0,277112,1337433.0,704248,4.244756,34.815833541666656,14.925123333333337,100.0
00:05:35.088361,2605531.0,1323896,498018.0,253048,1373342.0,719288,4.064878,46.270080937500005,11.594753020833332,100.0
00:05:39.246817,2575832.0,1338936,457877.0,238008,1310095.0,674168,4.158456,62.31470729166666,19.782939479166675,100.0
00:05:43.417650,2481645.0,1293816,369975.0,192888,1332417.0,701240,4.170833,73.8325736458333,41.14406895833333,100.0
00:05:47.630183,2502779.0,1317880,420335.0,216952,1344182.0,698232,4.212533,64.62166906249999,32.432095104166656,100.0
00:05:51.801005,2729744.0,1423160,353097.0,183864,1489279.0,776440,4.170822,78.4724889583333,51.44524468749998,100.0
00:05:56.055249,2608339.0,1387064,354887.0,186872,1371708.0,722296,4.254244,76.39010333333336,48.120475729166664,100.0
00:06:00.259816,2450287.0,1287800,430598.0,228984,1320296.0,695224,4.204567,55.4768078125,32.41278489583333,100.0
00:06:04.388938,2495058.0,1287800,468244.0,238008,1341139.0,692216,4.129122,27.40362177083333,5.795616041666668,100.0
00:06:08.507205,2536694.0,1305848,455270.0,231992,1332987.0,686200,4.118267,40.33811281249999,33.141501354166664,100.0
00:06:12.635639,2781087.0,1435192,490351.0,253048,1469352.0,758392,4.128434,28.488386979166677,18.516130000000004,100.0
00:06:16.834428,2533896.0,1329912,550108.0,280120,1394839.0,710264,4.198789,14.884988541666667,10.539192708333333,100.0
00:06:20.963539,2355195.0,1215608,379870.0,195896,1232269.0,629048,4.129111,48.29024187500002,44.434200104166656,100.0
00:06:25.076028,2938156.0,1510392,574172.0,295160,1579082.0,803512,4.112489,4.4214790625000004,5.5688173958333325,100.0
00:06:29.156973,2371199.0,1209592,409320.0,210936,1218700.0,647096,4.080945,21.687084479166675,27.662321875,100.0
00:06:33.391695,2728332.0,1444216,609709.0,313208,1441224.0,755384,4.234722,6.511139166666665,7.733286979166665,100.0
00:06:37.469751,2555806.0,1302840,509789.0,271096,1354825.0,692216,4.078056,7.510274270833334,9.358112291666666,100.0
00:06:41.659896,2470207.0,1293816,448671.0,235000,1332691.0,677176,4.190145,30.75765145833333,22.317794583333335,100.0
00:06:45.860196,2687670.0,1411128,470503.0,247032,1450182.0,761400,4.2003,14.62251125,12.433288541666668,100.0
00:06:50.072729,2554191.0,1344952,496907.0,259064,1390149.0,710264,4.212533,37.474363437499996,56.9214834375,100.0
00:06:54.270140,2586325.0,1356984,400587.0,210936,1370917.0,719288,4.197411,18.933353437500006,42.7375828125,100.0
00:06:58.394307,2474716.0,1275768,485024.0,250040,1342750.0,692216,4.124167,9.066844583333333,18.086674479166668,100.0
00:07:02.588829,2783165.0,1459256,671011.0,355320,1452179.0,761400,4.194522,28.20777145833334,42.142273229166655,100.0
00:07:06.668407,2720014.0,1387064,520962.0,271096,1411151.0,734328,4.079578,52.086878333333324,40.61203249999999,100.0
00:07:10.860052,2434877.0,1275768,483498.0,247032,1307726.0,668152,4.191645,4.180655729166667,36.17062750000002,100.0
00:07:14.947463,2655928.0,1356984,602826.0,307192,1423319.0,725304,4.087411,2.0493751041666664,24.744828020833335,100.0
00:07:19.034319,2726947.0,1393080,701425.0,358328,1460995.0,746360,4.086856,6.086369270833335,24.875743749999994,100.0
00:07:23.108119,2576197.0,1311864,780131.0,409464,1365258.0,695224,4.0738,6.086369270833335,24.875743749999994,100.0
00:07:27.275519,2576079.0,1341944,612448.0,322232,1375015.0,716280,4.1674,31.071685937499996,25.5212125,100.0
00:07:31.346442,2808554.0,1429176,700377.0,367352,1478459.0,755384,4.070923,31.071685937499996,25.5212125,100.0
00:07:35.552653,2415003.0,1269752,443646.0,228984,1302338.0,671160,4.206211,47.87873885416668,48.89155687499999,100.0
00:07:39.787520,2535038.0,1341944,550870.0,280120,1357110.0,704248,4.234867,9.901516145833336,25.89884302083333,100.0
00:07:43.907431,2594090.0,1335928,726516.0,370360,1396040.0,713272,4.119911,5.6244974999999995,6.740107187500002,100.0
00:07:48.056009,2779184.0,1441208,789598.0,409464,1498392.0,761400,4.148578,0.6911691666666665,0.8824079166666667,100.0
00:07:52.310242,2495216.0,1326904,764522.0,397432,1356767.0,698232,4.254233,10.238641458333333,9.715281770833334,100.0
00:07:56.437442,2525373.0,1302840,571809.0,292152,1345655.0,701240,4.1272,5.808487083333333,5.494346875000001,100.0
00:08:00.509876,2766149.0,1408120,751719.0,394424,1437353.0,749368,4.072434,22.067881458333332,24.18814947916667,100.0
00:08:04.675898,2472958.0,1287800,433441.0,225976,1298882.0,677176,4.166022,9.363554374999998,9.882804479166667,100.0
00:08:08.763298,2720696.0,1390072,606828.0,313208,1394562.0,734328,4.0874,8.22683572916667,21.556997187500002,100.0
00:08:12.884732,2493873.0,1284792,710357.0,373368,1337163.0,683192,4.121434,47.587295,21.683055,100.0
