delta_t_s,1280x720_bitrate,1280x720_size_byte,640x360_bitrate,640x360_size_byte,854x480_bitrate,854x480_size_byte,seg_len_s,640x360_vmaf_score,854x480_vmaf_score,1280x720_vmaf_score
00:00:03.636966,2323219.0,1056184,662477.0,301176,1251346.0,568888,3.636966,85.97250773195879,93.4265794845361,100.0
00:00:06.133822,2670853.0,833592,589105.0,183864,1466138.0,457592,2.496856,85.97250773195879,93.4265794845361,100.0
00:00:10.196588,2358117.0,1197560,675969.0,343288,1274197.0,647096,4.062766,85.9086562886598,92.41464391752578,100.0
00:00:13.545599,2573273.0,1077240,755365.0,316216,1380495.0,577912,3.349011,85.46698367346939,92.1854876530612,100.0
00:00:17.568009,2519373.0,1266744,711165.0,304184,1344093.0,574904,4.02241,83.9633987628866,88.76365463917524,100.0
00:00:20.355876,2884062.0,1005048,781358.0,331256,1505068.0,638072,2.787867,87.75022826530615,93.40928877551025,100.0
00:00:23.206587,2558800.0,911800,541304.0,192888,1360121.0,484664,2.850711,87.53037247422685,92.61488958762885,100.0
00:00:27.274909,2538261.0,1290808,521256.0,265080,1296117.0,659128,4.068322,87.08619469387757,92.28862163265308,100.0
00:00:30.529375,2906824.0,1182520,718156.0,292152,1553695.0,632056,3.254466,85.80394886597935,92.22653814432988,100.0
00:00:33.782686,2641572.0,1074232,637046.0,259064,1376724.0,559864,3.253311,86.34097288659792,92.54319721649483,100.0
00:00:37.168308,2445938.0,1035128,683228.0,289144,1344244.0,568888,3.385622,86.40743051020412,92.66466448979591,100.0
00:00:40.670242,2852586.0,1248696,660535.0,289144,1505746.0,659128,3.501934,85.57023453608245,91.58282793814432,100.0
00:00:42.737631,2538931.0,656120,501966.0,129720,1328392.0,343288,2.067389,85.57023453608245,91.58282793814432,100.0
00:00:46.788876,2519261.0,1275768,707590.0,358328,1331280.0,674168,4.051245,82.8151753608247,88.59565597938142,100.0
00:00:50.850287,2898082.0,1471288,812470.0,412472,1517549.0,770424,4.061411,87.67177857142858,94.66497061224491,100.0
00:00:53.297054,2784539.0,851640,847041.0,259064,1515822.0,463608,2.446767,85.62809082474223,94.6750613402062,100.0
00:00:55.821298,2527476.0,797496,792443.0,250040,1364432.0,430520,2.524244,85.62809082474223,94.6750613402062,100.0
00:00:58.253253,2336437.0,710264,723566.0,219960,1287576.0,391416,2.431955,85.0343994897959,92.59188734693883,100.0
00:01:01.086208,2872138.0,1017080,816515.0,289144,1504554.0,532792,2.832955,73.32848587628865,86.59294443298965,100.0
00:01:03.368342,2437101.0,695224,771067.0,219960,1340471.0,382392,2.282134,84.3158544897959,92.41233908163262,100.0
00:01:06.157420,2606716.0,908792,786221.0,274104,1381549.0,481656,2.789078,84.3158544897959,92.41233908163262,100.0
00:01:08.208542,2652924.0,680184,799250.0,204920,1444516.0,370360,2.051122,79.93982082474226,89.07383597938143,100.0
00:01:11.265753,2921208.0,1116344,803848.0,307192,1488645.0,568888,3.057211,89.15689463917526,94.68461082474224,100.0
00:01:13.796719,2644365.0,836600,837877.0,265080,1465394.0,463608,2.530966,85.78919040816325,92.37827571428575,100.0
00:01:16.479119,2629645.0,881720,736749.0,247032,1319868.0,442552,2.6824,86.35729051546394,93.04742525773197,100.0
00:01:20.541663,2464867.0,1251704,577728.0,274104,1268783.0,601976,4.062544,73.94750204081636,85.45317836734696,100.0
00:01:24.057296,2903074.0,1275768,888700.0,421496,1611711.0,764408,3.515633,84.45903608247423,92.5918637113402,100.0
00:01:28.117151,2507991.0,1272760,771290.0,391416,1358093.0,689208,4.059855,83.13963306122449,94.2807176530612,100.0
00:01:31.619940,2783190.0,1218616,784033.0,343288,1436679.0,629048,3.502789,86.32979226804126,94.50040164948457,100.0
00:01:35.656806,2647455.0,1335928,798884.0,406456,1431489.0,728312,4.036866,92.05477285714284,96.28989969387756,100.0
00:01:39.693694,2581869.0,1302840,783659.0,397432,1376779.0,698232,4.036888,34.204481530612256,37.38679336734694,100.0
00:01:41.795339,2715099.0,713272,818618.0,207928,1458118.0,370360,2.101645,34.204481530612256,37.38679336734694,100.0
00:01:45.457228,2281122.0,1044152,605396.0,277112,1249401.0,571896,3.661889,73.74475597938144,79.38481783505155,100.0
00:01:49.524028,2616134.0,1329912,728553.0,370360,1349857.0,686200,4.0668,60.60143081632654,64.58659510204085,100.0
00:01:51.976172,3043397.0,932856,854997.0,262072,1581192.0,484664,2.452144,60.60143081632654,64.58659510204085,100.0
00:01:56.040661,2540654.0,1290808,557271.0,283128,1338783.0,680184,4.064489,59.861715408163256,61.96337683673473,100.0
00:02:00.092094,2667634.0,1350968,651420.0,289144,1423977.0,632056,4.051433,39.90265587628868,42.42500206185566,100.0
00:02:02.151694,2992518.0,770424,841977.0,268088,1531619.0,487672,2.0596,39.90265587628868,42.42500206185566,100.0
00:02:06.218383,2385429.0,1212600,622060.0,316216,1278886.0,650104,4.066689,33.02074515463916,34.38993268041236,100.0
00:02:08.870616,2841017.0,941880,881225.0,292152,1552635.0,514744,2.652233,33.02074515463916,34.38993268041236,100.0
00:02:12.325616,2689352.0,1161464,773983.0,334264,1393866.0,601976,3.455,19.158506082474226,20.22430041237114,100.0
00:02:14.692805,2359700.0,698232,662037.0,195896,1261810.0,373368,2.367189,19.158506082474226,20.22430041237114,100.0
00:02:17.407327,2616257.0,887736,790085.0,268088,1392899.0,472632,2.714522,41.53638785714284,43.87130173469387,100.0
00:02:20.354461,2801691.0,1032120,874699.0,322232,1536082.0,565880,2.947134,24.99992927835051,25.838108969072163,100.0
00:02:22.501194,2792588.0,749368,774862.0,207928,1413809.0,379384,2.146734,36.10073608247423,37.46588639175258,100.0
00:02:26.528773,2737208.0,1378040,843194.0,424504,1482498.0,746360,4.027578,45.16364234693877,48.72821551020409,100.0
00:02:30.589740,2554709.0,1296824,747376.0,379384,1322167.0,671160,4.060967,68.28833721649484,72.71545154639175,100.0
00:02:32.669018,2755879.0,716280,811574.0,210936,1505968.0,391416,2.079278,10.403394897959183,11.181256734693877,100.0
00:02:36.698796,2604339.0,1311864,794356.0,403448,1410296.0,716280,4.029778,1.419989175257732,1.693163505154639,100.0
00:02:40.761952,2665860.0,1353976,785033.0,397432,1426726.0,722296,4.063156,19.588361530612243,21.971003469387753,100.0
00:02:42.843430,2857016.0,743352,808171.0,207928,1427818.0,367352,2.081478,47.82685608247427,54.685719999999996,100.0
00:02:46.908775,2723618.0,1384056,811684.0,412472,1445049.0,734328,4.065345,3.0246747959183686,3.5801768367346933,100.0
00:02:50.961064,2500796.0,1266744,760853.0,385400,1360629.0,689208,4.052289,11.836144432989693,13.425055979381444,100.0
00:02:52.988153,2862445.0,725304,820597.0,207928,1485385.0,376376,2.027089,33.553266326530625,38.96018234693878,100.0
00:02:57.045542,2740820.0,1390072,807344.0,409464,1459744.0,740344,4.057389,29.400879175257757,33.99624948453609,100.0
00:03:01.079731,2523947.0,1272760,776656.0,388408,1366734.0,689208,4.034189,30.67531134020617,33.19986350515463,100.0
00:03:03.178675,2810312.0,737336,806511.0,213944,1457464.0,382392,2.098944,39.94835795918367,45.28751908163265,100.0
00:03:07.204897,2636524.0,1326904,812834.0,412472,1447137.0,728312,4.026222,35.29880051546392,39.848481546391774,100.0
00:03:09.662908,2350830.0,722296,663423.0,201912,1205397.0,370360,2.458011,30.91945346938776,33.70773469387755,100.0
00:03:13.366230,2924889.0,1353976,845545.0,391416,1514834.0,701240,3.703322,27.779189381443313,30.268329175257733,100.0
00:03:17.428030,2441620.0,1239672,723525.0,367352,1333745.0,677176,4.0618,55.20806265306122,58.75839285714284,100.0
00:03:20.342318,2791982.0,1017080,796073.0,216952,1447280.0,394424,2.914288,32.62545484536083,38.450897938144344,100.0
00:03:23.503650,2672756.0,1056184,825405.0,400440,1476430.0,716280,3.161333,22.574791428571434,24.941529387755097,100.0
00:03:27.524139,2598387.0,1305848,730879.0,370360,1383848.0,701240,4.020488,24.651829896907206,26.134620721649487,100.0
00:03:31.578017,2517624.0,1275768,794184.0,403448,1356701.0,689208,4.053878,46.18639846938776,49.980549489795926,100.0
00:03:33.673429,2975827.0,779448,847069.0,216952,1575225.0,403448,2.095412,11.250024948453609,12.440625257731963,100.0
00:03:37.696117,2596966.0,1305848,718617.0,364344,1377164.0,698232,4.022688,18.992618350515464,20.337071649484535,100.0
00:03:41.718828,2561058.0,1287800,776000.0,394424,1373721.0,698232,4.022711,23.232045567010314,25.187013092783513,100.0
00:03:43.839661,2940157.0,779448,740573.0,189880,1550072.0,397432,2.120833,23.232045567010314,25.187013092783513,100.0
00:03:47.897916,2455613.0,1245688,718227.0,364344,1346769.0,683192,4.058255,45.547884591836734,48.874066836734684,100.0
00:03:51.932971,2606897.0,1314872,657284.0,334264,1372978.0,698232,4.035055,17.815958673469385,19.174781326530603,100.0
00:03:54.032783,3072732.0,806520,845254.0,216952,1653885.0,424504,2.099812,17.815958673469385,19.174781326530603,100.0
00:03:58.093238,2430576.0,1233656,664500.0,337272,1351966.0,686200,4.060455,50.958941649484565,54.142765360824725,100.0
00:04:02.130493,2641240.0,1332920,615548.0,313208,1395882.0,710264,4.037255,62.3706450515464,65.87059144329896,100.0
00:04:04.199138,3014332.0,779448,620283.0,156792,1584176.0,400440,2.068645,62.3706450515464,65.87059144329896,100.0
00:04:08.251649,2482845.0,1257720,647989.0,328248,1330864.0,674168,4.052511,9.618027319587629,10.393533711340206,100.0
00:04:12.280960,2634503.0,1326904,782601.0,397432,1404535.0,713272,4.029311,10.89383845360825,12.133054639175255,100.0
00:04:14.375027,2885806.0,755384,788864.0,201912,1541003.0,394424,2.094067,10.89383845360825,12.133054639175255,100.0
00:04:18.396371,2585865.0,1299832,695116.0,352312,1377621.0,698232,4.021344,10.806569381443301,11.457183402061851,100.0
00:04:22.417726,2579874.0,1296824,646017.0,328248,1362335.0,692216,4.021355,32.314368877551026,34.14680612244898,100.0
00:04:24.537203,2998807.0,794488,682361.0,174840,1633265.0,418488,2.119477,32.314368877551026,34.14680612244898,100.0
00:04:28.594114,2408973.0,1221624,730329.0,370360,1299763.0,659128,4.056911,16.927447857142862,18.435325306122447,100.0
00:04:32.627825,2601800.0,1311864,752170.0,382392,1391182.0,707256,4.033711,15.691484123711344,16.945070206185562,100.0
00:04:34.692925,2949590.0,761400,704817.0,177848,1563116.0,394424,2.0651,40.876016428571425,43.16837959183673,100.0
00:04:38.741880,2502856.0,1266744,642615.0,325240,1326090.0,671160,4.048955,46.49381402061852,49.55324360824743,100.0
00:04:41.466335,2686212.0,914808,813702.0,277112,1449649.0,493688,2.724455,75.4300112244898,81.4635768367347,100.0
00:04:44.857168,2775728.0,1176504,632500.0,268088,1420243.0,601976,3.390833,81.88361948453604,87.96140958762888,100.0
00:04:48.874956,2264728.0,1137400,645029.0,262072,1303941.0,529784,4.017788,38.95536206185568,41.42719793814431,100.0
00:04:52.358900,2542681.0,1107320,707578.0,195896,1468123.0,406456,3.483944,82.04566122448982,88.21170000000001,100.0
00:04:55.008889,2834342.0,938872,715044.0,186872,1313553.0,343288,2.649989,83.53885391752574,90.23154226804122,100.0
00:04:57.260444,2074754.0,583928,664032.0,219960,1490385.0,493688,2.251555,83.53885391752574,90.23154226804122,100.0
00:04:59.541678,2585744.0,737336,663974.0,186872,1209048.0,340280,2.281234,61.956602959183684,66.1513848979592,100.0
00:05:03.564422,2638803.0,1326904,676433.0,192888,1372646.0,391416,4.022744,44.49785319587629,47.71713618556703,100.0
00:05:05.184788,2986900.0,604984,706741.0,358328,1406809.0,713272,1.620366,44.892713061224484,48.35334316326531,100.0
00:05:09.220054,2517310.0,1269752,785361.0,156792,1583906.0,316216,4.035266,45.49235494845361,48.88591061855673,100.0
00:05:13.255343,2576929.0,1299832,615849.0,313208,1343334.0,683192,4.035289,70.04606785714284,74.84123765306124,100.0
00:05:15.388754,2945382.0,785464,623765.0,316216,1401061.0,710264,2.133411,79.2676525773196,85.71715206185564,100.0
00:05:19.436365,2509632.0,1269752,689418.0,177848,1587266.0,409464,4.047611,82.54775102040814,88.91028897959185,100.0
00:05:23.494142,2556718.0,1296824,482307.0,244024,1326530.0,671160,4.057777,79.15829340206183,85.27526896907217,100.0
00:05:25.560086,3018273.0,779448,498889.0,253048,1376580.0,698232,2.065944,44.655685257731946,47.93962360824742,100.0
00:05:27.641264,2498984.0,650104,805164.0,207928,1573928.0,406456,2.081178,57.59023204081629,62.21479897959182,100.0
00:05:31.706308,2504789.0,1272760,660518.0,171832,1365841.0,355320,4.065044,52.227507525773206,55.97823247422681,100.0
00:05:35.724930,2851094.0,1432184,782145.0,397432,1332681.0,677176,4.018622,62.64707020408164,67.64246938775509,100.0
00:05:39.743574,2563650.0,1287800,695370.0,349304,1497779.0,752376,4.018644,45.39734288659795,48.75169185567009,100.0
00:05:43.762241,2629504.0,1320888,624314.0,316216,1366661.0,692216,4.018667,53.499920204081626,57.290313163265324,100.0
00:05:45.845663,2877450.0,749368,676067.0,343288,1398784.0,710264,2.083422,50.95757134020619,54.77327257731959,100.0
00:05:49.879574,2571844.0,1296824,658733.0,165816,1507170.0,379384,4.033911,48.63304071428572,52.08813204081631,100.0
00:05:53.913507,2524107.0,1272760,663386.0,337272,1361531.0,692216,4.033933,61.870586632653065,67.3746637755102,100.0
00:05:56.045562,3003689.0,800504,588358.0,298168,1324363.0,671160,2.132055,61.870586632653065,67.3746637755102,100.0
00:05:58.880473,2547596.0,902776,853219.0,219960,1576633.0,406456,2.834911,56.61554474226807,61.25970278350516,100.0
00:06:02.932995,2500653.0,1266744,620717.0,219960,1333747.0,472632,4.052522,55.67271793814434,61.540109793814445,100.0
00:06:06.228251,2958473.0,1218616,796438.0,403448,1402117.0,710264,3.295256,19.663419183673465,21.010833163265303,100.0
00:06:10.243340,2577907.0,1293816,789595.0,325240,1497949.0,617016,4.015089,48.57357515463916,51.96722814432991,100.0
00:06:14.291818,2473431.0,1251704,654582.0,331256,1361917.0,689208,4.048478,60.879547010309295,65.67381556701032,100.0
00:06:16.348462,3102125.0,797496,735948.0,373368,1364431.0,692216,2.056644,60.879547010309295,65.67381556701032,100.0
00:06:20.378828,2556194.0,1287800,747032.0,189880,1587258.0,403448,4.030366,73.42047577319583,79.0272418556701,100.0
00:06:22.807616,2597087.0,788472,604748.0,307192,1333111.0,677176,2.428788,73.42047577319583,79.0272418556701,100.0
00:06:26.538305,2838930.0,1323896,617421.0,183864,1455802.0,433528,3.730689,60.0140907142857,64.28852571428573,100.0
00:06:30.570871,2542865.0,1281784,594232.0,277112,1432769.0,668152,4.032566,48.9290537755102,52.2398663265306,100.0
00:06:34.603459,2566720.0,1293816,509726.0,259064,1356063.0,689208,4.032588,66.81527515463918,71.75042793814433,100.0
00:06:36.734170,2960408.0,788472,624180.0,316216,1342619.0,680184,2.130711,66.81527515463918,71.75042793814433,100.0
00:06:40.201703,2499196.0,1083256,550214.0,141752,1694426.0,436536,3.467533,85.78448377551024,90.8668175510204,100.0
00:06:44.259903,2182879.0,1107320,590750.0,256056,1305550.0,565880,4.0582,51.29155216494846,54.548792886597944,100.0
00:06:46.893503,2998177.0,987000,481048.0,244024,1234123.0,626040,2.6336,20.0765368367347,22.069363265306116,100.0
00:06:50.920324,2450878.0,1233656,841773.0,277112,1563620.0,514744,4.026821,50.87073041237114,49.466311855670114,100.0
00:06:54.980535,2442576.0,1239672,744905.0,325240,1357982.0,689208,4.060211,72.49017714285714,76.19695806122449,100.0
00:06:57.082280,3035557.0,797496,723774.0,367352,1348678.0,686200,2.101745,73.52458814432988,78.16224257731959,100.0
00:07:01.111301,2324113.0,1170488,768033.0,253048,1605496.0,412472,4.029021,28.711022755102036,30.578843877551012,100.0
00:07:05.140345,2557033.0,1287800,557559.0,283128,1321705.0,671160,4.029044,23.454774742268043,25.450691340206184,100.0
00:07:07.267500,2931419.0,779448,678211.0,343288,1373508.0,695224,2.127155,7.98995857142857,8.766392142857143,100.0
00:07:11.298721,2555652.0,1287800,773381.0,198904,1533604.0,394424,4.031221,32.53159371134021,35.07779886597939,100.0
00:07:15.363332,2457693.0,1248696,693427.0,352312,1380194.0,701240,4.064611,74.04633597938144,81.28357546391753,100.0
00:07:17.446255,2970563.0,773432,665964.0,337272,1307428.0,662136,2.082923,77.82569755102038,85.13638010204082,100.0
00:07:21.513043,2367619.0,1203576,620672.0,159800,1578699.0,406456,4.066788,58.31959,63.592155257731974,100.0
00:07:25.566776,2583013.0,1308856,551039.0,280120,1255186.0,638072,4.053733,30.62756163265306,33.622731122448975,100.0
00:07:27.595309,3073937.0,779448,814009.0,412472,1419507.0,719288,2.028533,29.364237422680407,31.643620515463926,100.0
00:07:31.654143,2431547.0,1233656,772562.0,195896,1508053.0,382392,4.058834,64.22063326530609,68.93091846938775,100.0
00:07:35.689776,2606524.0,1314872,652908.0,331256,1311005.0,665144,4.035633,51.86580556701031,55.23748381443294,100.0
00:07:37.790165,2957318.0,776440,639449.0,325240,1355041.0,689208,2.100389,9.043213061224494,9.605258265306121,100.0
00:07:41.817832,2581806.0,1299832,880159.0,225976,1594830.0,409464,4.027667,27.15655474226805,29.170244432989694,100.0
00:07:45.111454,2506954.0,1032120,771066.0,391416,1405104.0,713272,3.293622,38.64726204081634,41.3680664285714,100.0
00:07:47.980310,2710376.0,971960,675301.0,274104,1305212.0,529784,2.868856,49.66215340206186,53.38690958762887,100.0
00:07:50.608777,2381482.0,782456,806297.0,289144,1452174.0,520760,2.628467,19.253673092783494,20.895371752577326,100.0
00:07:54.630465,2639496.0,1326904,788486.0,259064,1328640.0,436536,4.021688,10.788727244897963,11.885260204081634,100.0
00:07:58.118309,2795115.0,1218616,718794.0,364344,1413110.0,716280,3.487844,20.194396288659792,21.89755319587628,100.0
00:08:02.173598,2380267.0,1206584,737105.0,319224,1459451.0,632056,4.055289,60.177407653061216,64.34623132653059,100.0
00:08:06.239053,2338800.0,1188536,748423.0,379384,1329953.0,674168,4.065455,0.0,0.0,100.0
