delta_t_s,1280x720_bitrate,1280x720_size_byte,640x360_bitrate,640x360_size_byte,854x480_bitrate,854x480_size_byte,seg_len_s,640x360_vmaf_score,854x480_vmaf_score,1280x720_vmaf_score
00:00:04.087411,2767788.0,1414136,829380.0,337272,1454910.0,743352,4.087411,74.1555679012346,78.9782719753086,100.0
00:00:08.161766,2510877.0,1278776,726888.0,370360,1286029.0,373368,4.074355,61.21741419753086,21.331183703703708,100.0
00:00:10.661377,2571638.0,803512,780061.0,325240,1388724.0,707256,2.499611,82.20954148148151,38.23229135802469,100.0
00:00:14.726888,2622883.0,1332920,705107.0,358328,1763844.0,54520,4.065511,82.60014864197534,31.87742345679012,100.0
00:00:18.760866,2738831.0,1381048,809626.0,412472,1385799.0,704248,4.033978,89.81211530864196,17.237764444444448,100.0
00:00:21.285022,2451296.0,773432,742097.0,231992,1441385.0,734328,2.524156,88.16334185185184,53.000029999999995,100.0
00:00:25.310145,2433976.0,1224632,516892.0,216952,1300173.0,406456,4.025123,77.54421555555555,59.38274913580248,100.0
00:00:29.350168,2675168.0,1350968,598705.0,304184,1298053.0,544824,4.040023,73.60489691358026,20.543574691358028,100.0
00:00:31.922080,2667761.0,857656,768254.0,307192,1427568.0,725304,2.571912,84.99925580246915,55.34399987654324,100.0
00:00:34.029936,2650017.0,698232,732072.0,192888,1400160.0,559864,2.107856,84.99925580246915,55.34399987654324,100.0
00:00:37.014025,2734738.0,1020088,781481.0,397432,1417053.0,373368,2.984089,62.570468148148166,49.71573925925926,100.0
00:00:40.682536,2618104.0,1200568,813519.0,262072,1402525.0,713272,3.668511,35.57448185185184,39.28543888888888,100.0
00:00:42.628826,2375440.0,577912,644475.0,156792,1467136.0,472632,1.94629,24.716769629629624,27.228214197530857,100.0
00:00:46.698292,2661727.0,1353976,639376.0,325240,1213221.0,295160,4.069466,23.707100123456787,26.059806172839508,100.0
00:00:50.777925,2401455.0,1224632,555202.0,283128,1372626.0,698232,4.079633,70.73334358024692,74.96518530864195,100.0
00:00:53.259592,2745380.0,851640,699375.0,216952,1333814.0,680184,2.481667,51.99327320987653,57.25897604938273,100.0
00:00:55.578625,2439830.0,707256,748422.0,216952,1475111.0,457592,2.319033,39.3381450617284,46.07573691358024,100.0
00:00:59.649325,2720035.0,1384056,840455.0,331256,1308766.0,379384,4.0707,26.84837012345679,27.932072222222217,100.0
00:01:01.811603,3117512.0,842616,808903.0,310200,1542583.0,607992,2.162278,26.84837012345679,27.932072222222217,100.0
00:01:03.969514,2287456.0,617016,458606.0,123704,1483480.0,568888,2.157911,69.42559925925926,72.08800975308641,100.0
00:01:08.041614,2583182.0,1314872,757152.0,385400,1172304.0,316216,4.0721,57.826451358024684,60.13742407407408,100.0
00:01:10.997759,2500099.0,923832,758068.0,280120,1383557.0,704248,2.956145,41.55073790123458,44.707223703703704,100.0
00:01:14.619837,2831046.0,1281784,831292.0,376376,1336031.0,493688,3.622078,18.33380172839506,20.345275308641977,100.0
00:01:18.693260,2700494.0,1375032,794578.0,400440,1495662.0,677176,4.073423,19.935696419753086,22.140619012345685,100.0
00:01:22.776849,2611271.0,1332920,841261.0,216952,1442183.0,734328,4.083589,46.254554074074065,18.842163950617284,100.0
00:01:25.262471,2508660.0,779448,698385.0,355320,1367879.0,698232,2.485623,64.94460827160495,73.60524802469139,100.0
00:01:29.337205,2569701.0,1308856,994900.0,66552,1356588.0,421496,4.074733,73.50547061728395,80.99290197530865,100.0
00:01:33.088438,2720743.0,1275768,762568.0,388408,1364946.0,695224,3.751233,69.59111493827157,75.87513716049385,100.0
00:01:35.923682,2555784.0,905784,789841.0,370360,1418507.0,665144,2.835244,6.193796790123457,7.271298148148147,100.0
00:01:39.999737,2515734.0,1281784,790394.0,280120,1401490.0,496696,4.076055,36.71302493827161,38.91880592592592,100.0
00:01:44.044259,2797138.0,1414136,744610.0,379384,1323177.0,674168,4.044522,81.04440469135803,84.05466345679011,100.0
00:01:46.578959,2526544.0,800504,752118.0,286136,1437666.0,734328,2.5347,81.04440469135803,84.05466345679011,100.0
00:01:50.614637,2666123.0,1344952,361829.0,159800,1403508.0,436536,4.035678,77.76656358024692,58.65483086419752,100.0
00:01:52.890226,2803655.0,797496,567313.0,289144,1405373.0,716280,2.275589,77.76656358024692,58.65483086419752,100.0
00:01:56.922226,2411920.0,1215608,622423.0,316216,1501871.0,418488,4.032,63.82594209876544,29.637553456790133,100.0
00:01:57.275571,2664545.0,117688,697152.0,216952,1307793.0,659128,0.353345,63.82594209876544,29.637553456790133,100.0
00:02:01.312560,2760631.0,1393080,795803.0,397432,1574891.0,69560,4.036989,71.58634802469136,78.05901086419752,100.0
00:02:04.965849,2503861.0,1143416,753579.0,262072,1458345.0,728312,3.653289,42.16293123456791,44.23792518518518,100.0
00:02:07.921138,2639249.0,974968,798574.0,385400,1321176.0,611000,2.955289,55.17994580246912,61.541023456790114,100.0
00:02:12.001150,2507396.0,1278776,754918.0,259064,1409703.0,520760,4.080012,31.090515308641972,32.761804197530864,100.0
00:02:16.026406,2762700.0,1390072,749963.0,382392,1280607.0,653112,4.025256,20.725208765432097,21.989209753086424,100.0
00:02:18.565061,2655314.0,842616,776485.0,370360,1432642.0,728312,2.538655,65.95535037037034,70.04325814814815,100.0
00:02:22.646383,2435838.0,1242680,731856.0,373368,1468870.0,457592,4.081322,65.79560185185186,70.07094209876544,100.0
00:02:26.714661,2414072.0,1227640,751948.0,382392,1297885.0,662136,4.068278,46.48068825,49.904013125000006,100.0
00:02:29.208194,2906026.0,905784,850455.0,265080,1331621.0,677176,2.493533,36.17389234567901,40.29666913580247,100.0
00:02:33.249138,2710289.0,1369016,884399.0,322232,1516344.0,472632,4.040944,30.117252962962972,71.45861172839506,100.0
00:02:37.281760,2471221.0,1245688,458904.0,231992,1415349.0,722296,4.032622,24.28791641975308,61.451667283950634,100.0
00:02:39.846271,2797445.0,896760,650788.0,301176,1325279.0,674168,2.564511,41.73717234567903,44.22227012345678,100.0
00:02:43.930238,2616922.0,1335928,684244.0,349304,1525192.0,475640,4.083967,48.59302296296296,52.16316123456792,100.0
00:02:48.001149,2371133.0,1206584,497280.0,253048,1355967.0,692216,4.070911,77.60858543209879,85.8838403703704,100.0
00:02:50.497316,2825836.0,881720,608549.0,189880,1283470.0,653112,2.496167,61.65811419753087,66.3911225925926,100.0
00:02:54.582594,2798685.0,1429176,666353.0,340280,1553306.0,484664,4.085278,33.95485851851851,36.661743580246906,100.0
00:02:58.613128,2472502.0,1245688,609395.0,310200,1449779.0,740344,4.030534,2.5044598765432093,3.932651358024691,100.0
00:03:01.157051,2687653.0,854648,839473.0,262072,1306691.0,665144,2.543923,21.749061111111093,22.593567901234568,100.0
00:03:05.243651,2568128.0,1311864,719134.0,367352,1446496.0,451576,4.0866,27.93582518518519,30.9479075308642,100.0
00:03:09.317195,2345970.0,1194552,538310.0,274104,1360982.0,695224,4.073544,80.48099074074076,84.70111382716048,100.0
00:03:11.815995,3217698.0,1005048,579017.0,180856,1288548.0,656120,2.4988,27.861108271604937,30.052931481481483,100.0
00:03:15.880695,2605645.0,1323896,651966.0,331256,1561299.0,487672,4.0647,29.512937283950595,31.477324444444434,100.0
00:03:18.370651,2716912.0,845624,629395.0,195896,1356475.0,689208,2.489956,61.86821493827162,66.99498543209877,100.0
00:03:22.449729,2679052.0,1366008,443190.0,225976,1392885.0,433528,4.079078,56.322016419753105,59.08877987654322,100.0
00:03:26.474040,2715511.0,1366008,793796.0,403448,1463781.0,746360,4.024311,11.953946049382717,13.812692469135802,100.0
00:03:30.554962,2247382.0,1146424,532057.0,271096,1427057.0,725304,4.080922,75.96223296296297,83.84421617283951,100.0
00:03:33.079618,2917859.0,920824,539924.0,168824,1234580.0,629048,2.524656,75.96223296296297,83.84421617283951,100.0
00:03:37.146952,2154311.0,1095288,521383.0,265080,1598129.0,499704,4.067334,85.43423777777777,89.73895530864198,100.0
00:03:40.765663,2334939.0,1056184,472972.0,213944,1249101.0,635064,3.618711,84.73847790123459,90.32881407407402,100.0
00:03:43.709597,2911000.0,1071224,556860.0,204920,1264308.0,571896,2.943934,62.73383987654321,67.32130580246911,100.0
00:03:47.778253,2532138.0,1287800,710477.0,361336,1505055.0,553848,4.068656,55.94610444444446,57.09017530864198,100.0
00:03:51.857076,2437330.0,1242680,679207.0,346296,1390643.0,707256,4.078823,35.46819666666666,36.01109432098764,100.0
00:03:54.337932,2901475.0,899768,854801.0,265080,1280981.0,653112,2.480856,35.46819666666666,36.01109432098764,100.0
00:03:58.407898,2655487.0,1350968,763461.0,388408,1553192.0,481656,4.069966,30.548128888888883,31.563504444444433,100.0
00:04:02.488031,2589892.0,1320888,737968.0,376376,1390195.0,707256,4.080133,34.74767728395062,37.07909950617283,100.0
00:04:04.970209,2686646.0,833592,873735.0,271096,1363139.0,695224,2.482178,42.39534975308643,43.61802987654323,100.0
00:04:09.041498,2619160.0,1332920,769124.0,391416,1445723.0,448568,4.071289,53.253413580246935,56.370763086419736,100.0
00:04:13.122954,2435758.0,1242680,637497.0,325240,1360190.0,692216,4.081456,75.21469938271603,83.19614407407404,100.0
00:04:15.606443,2908089.0,902776,437242.0,135736,1356802.0,692216,2.483489,71.30119345679013,81.7340797530864,100.0
00:04:18.302687,2303767.0,776440,429516.0,144760,1580615.0,490680,2.696244,71.30119345679013,81.7340797530864,100.0
00:04:22.379076,2285301.0,1164472,602870.0,307192,1268466.0,427512,4.076389,64.59360604938271,74.28019987654324,100.0
00:04:26.257087,2861392.0,1387064,509605.0,247032,1287649.0,656120,3.878011,74.21108543209877,81.77596629629632,100.0
00:04:30.331010,2375286.0,1209592,491005.0,250040,1477623.0,716280,4.073923,84.90571629629628,89.81883432098768,100.0
00:04:34.415099,2451864.0,1251704,466215.0,238008,1282522.0,653112,4.084089,81.92238222222224,86.55158703703705,100.0
00:04:36.901233,2924354.0,908792,494853.0,153784,1291113.0,659128,2.486134,88.48710160493827,93.56613308641974,100.0
00:04:40.976477,2291848.0,1167480,325508.0,165816,1520857.0,472632,4.075244,85.00336493827164,89.14828246913578,100.0
00:04:45.061888,2398058.0,1224632,483734.0,247032,1234866.0,629048,4.085411,78.46450407407407,82.2274737037037,100.0
00:04:47.549332,2893791.0,899768,533289.0,165816,1278915.0,653112,2.487444,37.63123716049383,37.98211481481482,100.0
00:04:51.625887,2326529.0,1185528,390337.0,198904,1568427.0,487672,4.076555,54.44938112499999,55.688520749999995,100.0
00:04:55.712620,2261851.0,1155448,348147.0,177848,1210857.0,617016,4.086733,77.61681518518519,80.68866061728396,100.0
00:04:58.201387,2950267.0,917816,513668.0,159800,1266725.0,647096,2.488767,78.70067259259257,83.66119098765428,100.0
00:05:02.279265,2372983.0,1209592,413815.0,210936,1548255.0,481656,4.077878,68.55504148148148,72.1795202469136,100.0
00:05:06.344087,2499006.0,1269752,651946.0,331256,1275377.0,650104,4.064822,47.585405679012354,49.64224444444444,100.0
00:05:08.834176,2968028.0,923832,581042.0,180856,1356434.0,689208,2.490089,56.77492358024692,59.69055962962962,100.0
00:05:12.913376,2466601.0,1257720,508068.0,259064,1547433.0,481656,4.0792,69.25418407407405,75.65721703703701,100.0
00:05:15.019232,2926787.0,770424,778476.0,204920,1298560.0,662136,2.105856,23.742689382716055,24.989390370370366,100.0
00:05:17.417399,3041656.0,911800,904344.0,271096,1475534.0,388408,2.398167,81.26515061728401,89.06656012345681,100.0
00:05:19.537277,2124167.0,562872,398724.0,105656,1636850.0,490680,2.119878,81.26515061728401,89.06656012345681,100.0
00:05:23.576089,2217190.0,1119352,388026.0,195896,1159281.0,307192,4.038812,80.14868037037033,86.77432518518522,100.0
00:05:27.189489,2591438.0,1170488,566903.0,256056,1222173.0,617016,3.6134,76.34740000000001,81.66685271604935,100.0
00:05:30.169834,3174182.0,1182520,493537.0,183864,1359402.0,614008,2.980345,58.23489283950614,61.98306172839508,100.0
00:05:34.209967,2955039.0,1492344,855568.0,436536,1559336.0,580920,4.040133,36.87906925925927,40.21997543209878,100.0
00:05:37.949822,2433035.0,1137400,665383.0,307192,1561279.0,788472,3.739855,60.51186444444446,63.59288950617284,100.0
00:05:40.815378,2360795.0,845624,462921.0,165816,1300568.0,607992,2.865556,80.72771543209876,89.45803111111108,100.0
00:05:44.439745,2112192.0,956920,412479.0,186872,1269098.0,454584,3.624367,80.86062716049385,89.80478691358024,100.0
00:05:48.515456,2297489.0,1170488,425843.0,216952,1162743.0,526776,4.075711,84.80054246913579,88.53083382716048,100.0
00:05:51.475212,2919829.0,1080248,553883.0,204920,1240629.0,632056,2.959756,84.80054246913579,88.53083382716048,100.0
00:05:54.016479,2406383.0,764408,408363.0,129720,1497009.0,553848,2.541267,85.6054611111111,91.63028962962963,100.0
00:05:58.100435,2345882.0,1197560,442660.0,225976,1222722.0,388408,4.083956,77.29127358024691,82.10473790123457,100.0
00:06:02.129623,2807782.0,1414136,466595.0,235000,1285263.0,656120,4.029189,83.89510703703704,88.72781456790125,100.0
00:06:06.215413,2580417.0,1317880,489579.0,250040,1475933.0,743352,4.085789,57.508226790123466,60.060589876543204,100.0
00:06:10.288147,2659591.0,1353976,573869.0,292152,1373032.0,701240,4.072734,60.227955185185195,62.025923580246875,100.0
00:06:12.786136,2611841.0,815544,482871.0,150776,1383342.0,704248,2.497989,70.96935024691358,75.32682987654319,100.0
00:06:16.873247,2314632.0,1182520,448207.0,228984,1446206.0,451576,4.087111,68.18936049382718,71.27539098765433,100.0
00:06:20.905602,2769772.0,1396088,609122.0,310200,1284271.0,656120,4.032355,75.61618691358026,69.80038728395066,100.0
00:06:23.428135,2586428.0,815544,636668.0,198904,1456871.0,734328,2.522533,89.49202580246913,89.8872801234568,100.0
00:06:26.408924,2317968.0,863672,356222.0,132728,1374897.0,433528,2.980789,88.43945395061725,82.70200987654323,100.0
00:06:30.491224,2452938.0,1251704,413366.0,210936,1171598.0,436536,4.0823,88.88436987654323,87.26775395061729,100.0
00:06:34.059968,2846384.0,1269752,398679.0,177848,1321153.0,674168,3.568744,89.47139172839505,36.6465483950617,100.0
00:06:38.084790,2643420.0,1329912,787778.0,400440,1504529.0,671160,4.024822,87.51282135802468,7.435664814814815,100.0
00:06:42.166223,2482939.0,1266744,774302.0,216952,1415043.0,719288,4.081433,41.05333839506173,8.606686296296294,100.0
00:06:44.691390,2783853.0,878712,748675.0,382392,1346582.0,686200,2.525167,52.25717790123458,42.43898888888889,100.0
00:06:48.759235,2426161.0,1233656,838523.0,33464,1424683.0,445560,4.067845,76.49015246913582,86.82909740740739,100.0
00:06:52.795546,2588200.0,1305848,533149.0,271096,1302185.0,662136,4.036311,15.468992716049385,26.422590493827162,100.0
00:06:55.322035,2839545.0,896760,405551.0,132728,1324648.0,433528,2.526489,12.592854197530865,32.1502461728395,100.0
00:06:59.391191,2531827.0,1287800,659900.0,325240,1502130.0,740344,4.069156,48.399065679012345,69.41434518518517,100.0
00:07:03.428814,2784038.0,1405112,710390.0,361336,1366817.0,695224,4.037623,53.119039753086426,65.12844543209876,100.0
00:07:05.956614,2447763.0,773432,772124.0,313208,1521075.0,617016,2.5278,73.01057074074072,82.70966987654322,100.0
00:07:10.027092,2495533.0,1269752,457917.0,189880,1284889.0,532792,4.070478,64.9960938271605,79.11151222222226,100.0
00:07:13.774069,2749523.0,1287800,467774.0,238008,1313166.0,668152,3.746977,28.003034938271604,47.416129382716065,100.0
00:07:16.605047,2602136.0,920824,668716.0,313208,1458652.0,683192,2.830978,54.45456387499998,65.53670762499999,100.0
00:07:20.635147,2675784.0,1347960,715082.0,253048,1335600.0,472632,4.0301,36.76056851851852,38.001309259259266,100.0
00:07:24.680136,2457717.0,1242680,751298.0,382392,1581317.0,532792,4.044989,39.798131851851856,45.06348740740739,100.0
00:07:27.257014,2812035.0,905784,661865.0,334264,1271395.0,641080,2.576878,63.28309765432097,67.17519283950617,100.0
00:07:30.287425,2740581.0,1038136,838050.0,265080,1425946.0,695224,3.030411,76.84533185185188,82.04076172839507,100.0
00:07:34.372903,2026941.0,1035128,755372.0,286136,1382698.0,523768,4.085478,77.64411345679012,87.2242728395062,100.0
00:07:37.903114,2877452.0,1269752,377704.0,192888,1172872.0,598968,3.530211,51.126662839506174,54.62356074074074,100.0
00:07:41.935848,2787413.0,1405112,818842.0,361336,1514134.0,668152,4.032734,10.411171481481484,10.333282962962967,100.0
00:07:45.960260,2458324.0,1236664,821685.0,418488,1474636.0,743352,4.024412,11.166282469135803,13.936431111111117,100.0
00:07:48.539772,2734532.0,881720,719486.0,367352,1296818.0,659128,2.579512,11.166282469135803,13.936431111111117,100.0
00:07:52.573816,2637377.0,1329912,833460.0,259064,1473672.0,466616,4.034044,38.23305246913581,60.09830481481483,100.0
00:07:56.599538,2583053.0,1299832,788156.0,397432,1414505.0,713272,4.025722,43.09088802469137,62.090174444444436,100.0
00:07:59.180371,2723808.0,878712,777830.0,391416,1369608.0,689208,2.580833,43.09088802469137,62.090174444444436,100.0
00:08:02.006193,2896420.0,1023096,784391.0,253048,1455728.0,469624,2.825822,48.88120530864197,68.94987074074072,100.0
00:08:06.072838,2213850.0,1125368,818576.0,289144,1508352.0,532792,4.066645,48.86462950617283,66.56337716049384,100.0
00:08:09.815982,2810198.0,1314872,574728.0,292152,1231560.0,626040,3.743144,100.0,100.0,100.0
