delta_t_s,1280x720_bitrate,1280x720_size_byte,640x360_bitrate,640x360_size_byte,854x480_bitrate,854x480_size_byte,seg_len_s,640x360_vmaf_score,854x480_vmaf_score,1280x720_vmaf_score
00:00:04.087411,624794.0,319224,230342.0,117688,401075.0,204920,4.087411,84.01419076923074,91.46530102564103,100.0
00:00:08.078355,555481.0,277112,229880.0,114680,374592.0,186872,3.990944,89.76578792207793,94.82754714285704,100.0
00:00:11.148133,643778.0,247032,251827.0,96632,424286.0,162808,3.069778,86.01723538461546,93.76396769230773,100.0
00:00:15.059689,492931.0,241016,222241.0,108664,345282.0,168824,3.911556,91.11273487179481,94.91394807692303,100.0
00:00:19.143956,307114.0,156792,195168.0,99640,254087.0,129720,4.084267,87.3403635064935,93.08229740259736,100.0
00:00:23.215168,461778.0,235000,231258.0,117688,349474.0,177848,4.071212,89.39865371794865,94.71950564102563,100.0
00:00:26.462379,549315.0,222968,252889.0,102648,408513.0,165816,3.247211,89.39865371794865,94.71950564102563,100.0
00:00:30.532456,1490668.0,758392,284535.0,144760,775265.0,394424,4.070078,88.64869461538447,93.53678358974359,100.0
00:00:32.610702,1390927.0,361336,395133.0,102648,811977.0,210936,2.078245,88.64869461538447,93.53678358974359,100.0
00:00:35.027702,180455.0,54520,180455.0,54520,180455.0,54520,2.417,90.7073894805194,94.68108688311685,100.0
00:00:39.103480,2675317.0,1363000,473069.0,241016,1388212.0,707256,4.075778,76.87860871794871,89.67128961538458,100.0
00:00:41.187436,2772787.0,722296,648090.0,168824,1491041.0,388408,2.083956,82.29553794871795,91.24210705128205,100.0
00:00:45.255247,2680556.0,1363000,550900.0,280120,1385015.0,704248,4.067812,86.6807912987013,93.47798051948051,100.0
00:00:49.333226,2573557.0,1311864,685249.0,349304,1393365.0,710264,4.077978,87.85254910256413,94.41340794871792,100.0
00:00:53.398160,2664694.0,1353976,640089.0,325240,1433355.0,728312,4.064934,87.82909610389609,95.14741987012985,100.0
00:00:57.473260,2646236.0,1347960,750689.0,382392,1394349.0,710264,4.0751,80.71408141025645,93.30906756410258,100.0
00:01:01.558527,2645541.0,1350968,778273.0,397432,1396769.0,713272,4.085267,81.66487272727272,93.90063350649346,100.0
00:01:03.587039,2658768.0,674168,796296.0,201912,1425028.0,361336,2.028512,82.71091448717945,93.90550897435897,100.0
00:01:07.669062,2677119.0,1366008,796577.0,406456,1427355.0,728312,4.082023,84.5054355128205,94.73349179487178,100.0
00:01:11.738040,2579250.0,1311864,757733.0,385400,1355048.0,689208,4.068978,84.73222064935065,93.49275662337664,100.0
00:01:12.814185,2865041.0,385400,852524.0,114680,1545724.0,207928,1.076145,84.73222064935065,93.49275662337664,100.0
00:01:16.895874,2712712.0,1384056,796642.0,406456,1427471.0,728312,4.081689,86.1600528205128,93.81616115384615,100.0
00:01:20.964508,2461177.0,1251704,598105.0,304184,1301932.0,662136,4.068634,86.19533272727274,92.89182610389612,100.0
00:01:24.042309,2729657.0,1050168,735922.0,283128,1478686.0,568888,3.077801,89.57553346153843,95.78077051282048,100.0
00:01:27.795065,2533681.0,1188536,667686.0,313208,1334571.0,626040,3.752756,90.62101376623374,96.5627557142857,100.0
00:01:31.859854,2676629.0,1359992,794034.0,403448,1415646.0,719288,4.064789,85.6871351282051,93.4605132051282,100.0
00:01:33.932810,2752675.0,713272,825657.0,213944,1522170.0,394424,2.072956,84.89083166666667,93.54200717948719,100.0
00:01:38.012844,2696118.0,1375032,796965.0,406456,1439846.0,734328,4.080034,81.8999118181818,92.81153363636363,100.0
00:01:42.079833,2616012.0,1329912,775854.0,394424,1373462.0,698232,4.066989,86.65702858974362,95.8608557692308,100.0
00:01:42.945456,2644439.0,286136,781864.0,84600,1421256.0,153784,0.865623,86.59981282051278,94.75559423076922,100.0
00:01:47.025589,2666564.0,1359992,785150.0,400440,1386731.0,707256,4.080133,87.2197501298701,94.61923311688311,100.0
00:01:50.800710,2518671.0,1188536,740223.0,349304,1345787.0,635064,3.775121,84.0310430769231,93.63185820512818,100.0
00:01:53.678310,2760678.0,993016,837297.0,301176,1514662.0,544824,2.8776,87.63679688311686,95.78364493506494,100.0
00:01:56.332221,2757614.0,914808,735590.0,244024,1433778.0,475640,2.653911,91.7164571794872,97.15526820512817,100.0
00:02:00.412721,2589659.0,1320888,790977.0,403448,1386606.0,707256,4.0805,91.08671743589746,96.84921346153841,100.0
00:02:04.480166,2521059.0,1281784,586447.0,298168,1331894.0,677176,4.067445,90.96262870129868,96.47776792207797,100.0
00:02:05.554778,2958701.0,397432,540235.0,72568,1458357.0,195896,1.074612,90.96262870129868,96.47776792207797,100.0
00:02:09.634923,2625271.0,1338936,415476.0,198904,1332822.0,638072,4.080145,87.40973435897438,92.89670448717952,100.0
00:02:13.702012,2592281.0,1317880,662573.0,337272,1413046.0,719288,4.067089,84.86541324675328,90.0356146753247,100.0
00:02:15.527023,2928867.0,668152,776422.0,201912,1539833.0,400440,1.825011,84.86541324675328,90.0356146753247,100.0
00:02:19.591312,1480949.0,752376,284940.0,144760,811895.0,412472,4.064289,87.84263435897431,93.64342884615381,100.0
00:02:23.665768,1554033.0,791480,325571.0,165816,874835.0,445560,4.074456,87.75622701298704,93.45843727272732,100.0
00:02:24.413723,3671750.0,343288,583136.0,54520,1805712.0,168824,0.747955,87.75622701298704,93.45843727272732,100.0
00:02:28.492301,2514178.0,1281784,755949.0,385400,1328259.0,677176,4.078578,85.71253910256408,93.32375820512823,100.0
00:02:32.557823,2581442.0,1311864,787972.0,400440,1385795.0,704248,4.065522,79.89156679487178,89.9774112820513,100.0
00:02:35.757645,2783494.0,1113336,775543.0,310200,1489982.0,595960,3.199822,80.26445807692308,89.64561935897439,100.0
00:02:39.826768,2449054.0,1245688,745878.0,379384,1319517.0,671160,4.069123,84.81780896103895,93.83121181818181,100.0
00:02:42.988479,2550659.0,1008056,777280.0,307192,1348110.0,532792,3.161711,83.03911141025644,91.8240267948718,100.0
00:02:45.939813,2936315.0,1083256,767457.0,283128,1550203.0,571896,2.951334,82.03011512820511,90.52647282051282,100.0
00:02:50.015868,2409466.0,1227640,744610.0,379384,1270043.0,647096,4.076055,83.57943948051947,90.83622376623377,100.0
00:02:53.184512,2446351.0,968952,730013.0,289144,1314783.0,520760,3.168644,80.78102192307695,89.99313076923077,100.0
00:02:56.017645,2863464.0,1014072,858933.0,304184,1521447.0,538808,2.833133,84.30974428571426,92.64084259740257,100.0
00:03:00.091601,2652886.0,1350968,750900.0,382392,1406554.0,716280,4.073956,88.83117243589741,94.5308969230769,100.0
00:03:04.175723,2557902.0,1305848,754923.0,385400,1344132.0,686200,4.084122,87.52697384615387,93.24497307692309,100.0
00:03:05.243790,2931771.0,391416,836441.0,111672,1557415.0,207928,1.068067,87.52697384615387,93.24497307692309,100.0
00:03:09.317401,2534965.0,1290808,774593.0,394424,1306249.0,665144,4.073611,83.91027987179486,91.83587897435899,100.0
00:03:13.401179,2675969.0,1366008,666598.0,340280,1409063.0,719288,4.083778,91.00313423076922,95.24192089743592,100.0
00:03:15.803579,2645647.0,794488,441984.0,132728,1443649.0,433528,2.4024,86.85592870129868,94.69656311688313,100.0
00:03:19.887979,2581294.0,1317880,754872.0,385400,1355824.0,692216,4.0844,85.69632615384616,92.47946653846154,100.0
00:03:23.959324,2642766.0,1344952,769113.0,391416,1407456.0,716280,4.071345,90.64458519480513,95.61629753246756,100.0
00:03:25.037835,2903380.0,391416,872966.0,117688,1542333.0,207928,1.078511,90.64458519480513,95.61629753246756,100.0
00:03:28.454558,2465932.0,1053176,698137.0,298168,1296793.0,553848,3.416723,88.6889357692308,94.43928192307693,100.0
00:03:32.531613,2532824.0,1290808,744427.0,379384,1328755.0,677176,4.077055,81.61236181818181,90.30118584415582,100.0
00:03:36.618835,2597175.0,1326904,724912.0,370360,1337225.0,683192,4.087222,78.50536102564101,89.71324807692308,100.0
00:03:40.526167,2987727.0,1459256,819873.0,400440,1546597.0,755384,3.907333,81.334791025641,90.89208102564102,100.0
00:03:44.606212,2454295.0,1251704,390003.0,198904,1310087.0,668152,4.080044,86.86807064935067,93.15314948051949,100.0
00:03:46.003868,3170153.0,553848,467021.0,81592,1792761.0,313208,1.397656,78.62679025641025,88.51722641025641,100.0
00:03:50.040280,2701409.0,1363000,722416.0,274104,1387418.0,707256,4.036412,62.90425324675326,88.04018584415584,100.0
00:03:53.859824,2483077.0,1185528,817219.0,415480,1378397.0,650104,3.819544,69.32994730769231,92.36163166666668,100.0
00:03:56.943946,2747471.0,1059192,780458.0,373368,1436643.0,553848,3.084122,83.94813743589741,94.76805217948721,100.0
00:04:01.013479,2667596.0,1356984,793109.0,403448,1413996.0,719288,4.069533,79.08366077922076,92.61624883116883,100.0
00:04:05.093179,2578369.0,1314872,761640.0,388408,1386878.0,707256,4.0797,88.01316256410254,94.84786141025639,100.0
00:04:08.367367,2742322.0,1122360,772627.0,316216,1389994.0,568888,3.274188,87.03968818181816,93.25094,100.0
00:04:12.441212,2564354.0,1305848,685944.0,349304,1347523.0,686200,4.073845,87.27077692307694,93.5484015384615,100.0
00:04:15.357391,2484851.0,905784,595167.0,216952,1346090.0,490680,2.916179,88.66950714285717,94.39296675324675,100.0
00:04:18.443735,2893634.0,1116344,850839.0,328248,1497984.0,577912,3.086344,87.78817833333336,93.24018807692309,100.0
00:04:22.223523,2541027.0,1200568,732942.0,346296,1325026.0,626040,3.779788,82.52326435897434,90.08727999999999,100.0
00:04:26.292123,2674122.0,1359992,799205.0,406456,1437978.0,731320,4.0686,82.99245779220783,90.47301363636365,100.0
00:04:27.242768,2914198.0,346296,889131.0,105656,1597904.0,189880,0.950645,82.99245779220783,90.47301363636365,100.0
00:04:31.315046,2653979.0,1350968,751210.0,382392,1383496.0,704248,4.072278,87.28190564102565,93.83685051282052,100.0
00:04:35.397490,2600214.0,1326904,796495.0,406456,1391840.0,710264,4.082444,90.14124753246755,96.06422441558442,100.0
00:04:36.463879,2778423.0,370360,860323.0,114680,1559866.0,207928,1.066389,90.14124753246755,96.06422441558442,100.0
00:04:40.494112,2741375.0,1381048,780822.0,397432,1451667.0,731320,4.030233,83.50888756410255,96.45696038461536,100.0
00:04:43.579945,2285852.0,881720,547286.0,207928,1217496.0,469624,3.085833,63.47448653846155,93.79209833333334,100.0
00:04:46.650189,2885295.0,1107320,580977.0,222968,1545028.0,592952,3.070244,69.22101896103898,92.51689909090909,100.0
00:04:50.729044,2696898.0,1375032,803095.0,409464,1416664.0,722296,4.078855,31.65016833333333,94.02891576923076,100.0
00:04:53.668733,2685998.0,987000,795055.0,292152,1449927.0,532792,2.939689,41.14058,93.35610298701299,100.0
00:04:56.732144,2561808.0,980984,558707.0,213944,1344237.0,514744,3.063411,63.27646115384616,93.30052282051284,100.0
00:05:00.804177,2524128.0,1284792,638973.0,325240,1318574.0,671160,4.072033,54.95182589743588,93.43160743589746,100.0
00:05:04.886377,2682898.0,1369016,790648.0,403448,1433187.0,731320,4.0822,44.53497576923079,93.72055653846154,100.0
00:05:08.955533,2732894.0,1390072,805010.0,409464,1437782.0,731320,4.069156,40.780894487179495,93.11129000000001,100.0
00:05:13.034866,2513712.0,1281784,714516.0,364344,1328013.0,677176,4.079333,47.29226688311689,93.25705727272727,100.0
00:05:17.101144,2728911.0,1387064,793744.0,403448,1444717.0,734328,4.066278,36.31918423076922,93.59115179487182,100.0
00:05:17.423832,4260015.0,171832,1053351.0,42488,1799087.0,72568,0.322688,36.31918423076922,93.59115179487182,100.0
00:05:21.495099,2542335.0,1293816,763217.0,388408,1372019.0,698232,4.071267,44.14674807692307,92.6767096153846,100.0
00:05:23.574544,2616790.0,680184,765219.0,198904,1355407.0,352312,2.079445,44.14674807692307,92.6767096153846,100.0
00:05:26.159567,2784557.0,899768,838974.0,271096,1509222.0,487672,2.585023,50.613650384615376,92.6406353846154,100.0
00:05:27.863467,2586255.0,550840,594926.0,126712,1272825.0,271096,1.7039,41.384827532467554,91.22026,100.0
00:05:31.945956,2582502.0,1317880,761119.0,388408,1368247.0,698232,4.082489,46.57615666666666,91.45591564102561,100.0
00:05:35.306368,2528737.0,1062200,738480.0,310200,1347168.0,565880,3.360412,45.05293589743588,92.33166153846153,100.0
00:05:39.373545,2615892.0,1329912,781735.0,397432,1391148.0,707256,4.067177,44.57383272727272,91.27037649350652,100.0
00:05:40.114222,3285469.0,304184,946247.0,87608,1758477.0,162808,0.740677,44.57383272727272,91.27037649350652,100.0
00:05:44.185511,2684177.0,1366008,792767.0,403448,1419296.0,722296,4.071289,36.57463384615385,90.78041551282053,100.0
00:05:48.266967,2600844.0,1326904,767208.0,391416,1392177.0,710264,4.081456,20.906801410256403,95.63360051282058,100.0
00:05:50.958989,2879477.0,968952,859261.0,289144,1502870.0,505720,2.692022,30.19217833333332,89.16151858974358,100.0
00:05:55.031156,2606777.0,1326904,763049.0,388408,1377625.0,701240,4.072167,34.998997532467534,91.59528714285716,100.0
00:05:59.113490,2541338.0,1296824,755254.0,385400,1350615.0,689208,4.082334,34.875787307692285,92.43340794871796,100.0
00:06:00.179779,3004363.0,400440,837836.0,111672,1514876.0,201912,1.066289,34.875787307692285,92.43340794871796,100.0
00:06:03.667690,2567386.0,1119352,759780.0,331256,1353117.0,589944,3.487911,36.79153743589744,90.87100153846154,100.0
00:06:07.454312,2561861.0,1212600,782459.0,370360,1398895.0,662136,3.786622,20.870713461538465,88.92402038461537,100.0
00:06:10.528745,2850055.0,1095288,815000.0,313208,1480306.0,568888,3.074433,20.870713461538465,88.92402038461537,100.0
00:06:14.611789,2652875.0,1353976,755699.0,346296,1346474.0,617016,4.083044,49.42339692307691,85.8737744871795,100.0
00:06:18.681789,2531302.0,1287800,656888.0,334264,1366238.0,695224,4.07,56.160268974358985,84.87475705128205,100.0
00:06:20.342878,2855726.0,592952,695919.0,180856,1552436.0,403448,1.661089,56.160268974358985,84.87475705128205,100.0
00:06:24.429000,2639098.0,1347960,583767.0,298168,1372920.0,701240,4.086122,53.55654038461538,93.33635217948719,100.0
00:06:28.502067,2505763.0,1275768,621086.0,316216,1371412.0,698232,4.073067,50.823128333333344,92.35328589743588,100.0
00:06:29.248633,3227320.0,301176,938783.0,87608,1680140.0,156792,0.746566,50.823128333333344,92.35328589743588,100.0
00:06:33.325822,2633076.0,1341944,585046.0,298168,1352319.0,689208,4.077189,53.69477948051949,93.37381142857147,100.0
00:06:37.413178,2538215.0,1296824,683677.0,349304,1396055.0,713272,4.087356,57.23277064102563,94.70938153846156,100.0
00:06:41.362357,2687959.0,1326904,530889.0,262072,1420528.0,701240,3.949179,52.061771558441535,94.66089831168833,100.0
00:06:43.852890,2812904.0,875704,735534.0,228984,1431211.0,445560,2.490533,52.061771558441535,94.66089831168833,100.0
00:06:45.972268,2294982.0,607992,694030.0,183864,1193618.0,316216,2.119378,28.370898717948712,96.56924012820517,100.0
00:06:49.676912,2748463.0,1272760,806270.0,373368,1481815.0,686200,3.704644,25.98270649350649,96.33014064935062,100.0
00:06:52.637101,2561717.0,947896,757032.0,280120,1342335.0,496696,2.960189,35.125723717948745,96.86481397435895,100.0
00:06:56.722023,2657546.0,1356984,801903.0,409464,1438123.0,734328,4.084922,42.650982692307686,97.16552282051279,100.0
00:07:00.793890,2589239.0,1317880,763105.0,388408,1359997.0,692216,4.071867,45.133816666666675,94.83778974358975,100.0
00:07:01.747801,2853767.0,340280,785180.0,93624,1516753.0,180856,0.953911,45.133816666666675,94.83778974358975,100.0
00:07:05.823346,2681374.0,1366008,812292.0,388408,1422495.0,680184,4.075545,45.31424871794873,71.1644373076923,100.0
00:07:08.991479,2423958.0,959928,694426.0,295160,1274736.0,541816,3.168133,42.82594480519481,44.66313025974027,100.0
00:07:12.074357,2850053.0,1098296,843990.0,325240,1538697.0,592952,3.082878,63.13649307692307,67.17334435897435,100.0
00:07:14.599435,2526641.0,797496,649231.0,204920,1325861.0,418488,2.525078,74.57439532467531,80.08918168831171,100.0
00:07:18.667191,2609603.0,1326904,509497.0,259064,1379119.0,701240,4.067756,65.05960833333333,69.62018512820511,100.0
00:07:20.743113,2945806.0,764408,627414.0,162808,1566363.0,406456,2.075922,76.16408743589743,81.70075525641026,100.0
00:07:24.826113,2552711.0,1302840,436870.0,222968,1332714.0,680184,4.083,79.2482518181818,84.93644077922079,100.0
00:07:28.896058,2614112.0,1329912,450097.0,228984,1331076.0,677176,4.069945,74.56464923076922,79.939358974359,100.0
00:07:29.973169,3219931.0,433528,606006.0,81592,1834774.0,247032,1.077111,74.56464923076922,79.939358974359,100.0
00:07:34.055825,2647233.0,1350968,690358.0,352312,1391768.0,710264,4.082656,65.78394467532466,70.31865350649349,100.0
00:07:38.125425,2578855.0,1311864,615702.0,313208,1378494.0,701240,4.0696,74.54725641025638,79.807771025641,100.0
00:07:40.328336,2732297.0,752376,536628.0,147768,1508839.0,415480,2.202911,42.0762016883117,44.43647129870129,100.0
00:07:44.398992,2655037.0,1350968,721951.0,367352,1389959.0,707256,4.070656,2.6932887179487177,2.9006589743589744,100.0
00:07:46.686358,2799740.0,800504,832426.0,238008,1505731.0,430520,2.287366,2.6932887179487177,2.9006589743589744,100.0
00:07:50.771836,2356788.0,1203576,413045.0,210936,1237663.0,632056,4.085478,78.95172363636365,84.48783376623379,100.0
00:07:52.842259,2918762.0,755384,524476.0,135736,1570523.0,406456,2.070423,78.95172363636365,84.48783376623379,100.0
00:07:56.919771,2503032.0,1275768,455163.0,231992,1322704.0,674168,4.077512,29.49740871794872,30.936634743589746,100.0
00:08:00.984227,2659087.0,1350968,776338.0,394424,1403921.0,713272,4.064456,52.132550519480525,54.47150337662337,100.0
00:08:02.598061,2909523.0,586936,866706.0,174840,1582437.0,319224,1.613834,52.132550519480525,54.47150337662337,100.0
00:08:06.683384,2692628.0,1375032,466074.0,238008,1384969.0,707256,4.085323,83.634505,89.94966,100.0
