delta_t_s,1280x720_bitrate,1280x720_size_byte,640x360_bitrate,640x360_size_byte,854x480_bitrate,854x480_size_byte,seg_len_s,640x360_vmaf_score,854x480_vmaf_score,1280x720_vmaf_score
00:00:04.045711,2611927.0,1320888,672870.0,340280,1362841.0,689208,4.045711,64.52179787499999,78.67742600000001,100.0
00:00:08.124811,2419467.0,1233656,667362.0,340280,1357585.0,692216,4.0791,86.16061088607594,94.17633898734175,100.0
00:00:10.230555,3086931.0,812536,355689.0,93624,1555607.0,409464,2.105744,76.269712,86.88885837500001,100.0
00:00:14.296944,2681494.0,1363000,740462.0,376376,1509773.0,767416,4.066389,71.79209316455696,84.97088215189875,100.0
00:00:18.373499,2297014.0,1170488,329618.0,162808,1188300.0,586936,4.076555,84.499294375,91.762937375,100.0
00:00:20.458221,647852.0,168824,230982.0,63544,449664.0,123704,2.084722,85.98977575,92.01066487499997,100.0
00:00:23.358977,490487.0,177848,200135.0,72568,366050.0,132728,2.900756,85.98977575,92.01066487499997,100.0
00:00:27.430899,2642392.0,1344952,443969.0,225976,1430895.0,728312,4.071922,84.32160387499997,90.08068750000001,100.0
00:00:30.678821,1319736.0,535800,297287.0,120696,734421.0,298168,3.247922,75.90858253164555,81.65625037974681,100.0
00:00:34.749610,2400761.0,1221624,603700.0,307192,1301243.0,662136,4.070789,77.69573724999998,84.06426887500004,100.0
00:00:38.830565,1439521.0,734328,378123.0,192888,843959.0,430520,4.080955,85.53056562500001,92.79510612499999,100.0
00:00:40.896465,548921.0,141752,222771.0,57528,409142.0,105656,2.0659,71.96141139240507,79.20524405063288,100.0
00:00:44.093587,2785845.0,1113336,550395.0,219960,1476187.0,589944,3.197122,71.96141139240507,79.20524405063288,100.0
00:00:47.492687,468133.0,198904,192032.0,81592,347781.0,147768,3.3991,86.49277562499995,92.773755625,100.0
00:00:51.074831,2835736.0,1269752,827124.0,370360,1505618.0,674168,3.582144,33.756960250000006,38.67642049999999,100.0
00:00:53.945220,2658627.0,953912,763949.0,274104,1375947.0,493688,2.870389,33.756960250000006,38.67642049999999,100.0
00:00:58.009987,2481279.0,1260728,764438.0,388408,1362372.0,692216,4.064767,35.850072874999995,38.99277762499999,100.0
00:01:01.292454,2801385.0,1149432,821996.0,337272,1459799.0,598968,3.282467,11.853983499999998,12.676636750000005,100.0
00:01:03.873076,2472259.0,797496,691207.0,222968,1306649.0,421496,2.580622,11.853983499999998,12.676636750000005,100.0
00:01:07.949943,2627382.0,1338936,697241.0,355320,1364231.0,695224,4.076867,31.362970875000002,33.316105125,100.0
00:01:11.536475,2731622.0,1224632,812693.0,364344,1476938.0,662136,3.586533,28.07442341772152,30.613097088607596,100.0
00:01:15.162009,2675689.0,1212600,817226.0,370360,1447776.0,656120,3.625533,16.825970749999993,18.464294374999998,100.0
00:01:19.238887,2379467.0,1212600,709044.0,361336,1263884.0,644088,4.076878,28.772116875000005,30.575730625,100.0
00:01:21.782720,2962081.0,941880,786340.0,250040,1543120.0,490680,2.543833,24.191610379746837,25.919609367088615,100.0
00:01:25.869231,2627070.0,1341944,772148.0,394424,1378678.0,704248,4.086511,33.68327212500002,36.36511225,100.0
00:01:28.774865,2493869.0,905784,779528.0,283128,1359257.0,493688,2.905634,22.044705063291147,23.73393759493671,100.0
00:01:31.975798,2812599.0,1125368,820380.0,328248,1466912.0,586936,3.200933,21.512993124999998,22.445972000000005,100.0
00:01:36.046020,2655320.0,1350968,816937.0,241016,1551035.0,457592,4.070222,45.999151749999996,48.08983612499999,100.0
00:01:40.126409,1846647.0,941880,594064.0,277112,1406569.0,656120,4.080389,87.76531974683547,94.37428835443038,100.0
00:01:42.191754,514114.0,132728,195997.0,99640,332085.0,168824,2.065345,57.42379612499999,60.84877275,100.0
00:01:46.222476,2424625.0,1221624,673646.0,301176,1433915.0,641080,4.030722,14.69777848101266,15.509853924050637,100.0
00:01:48.891720,2218887.0,740344,679377.0,268088,1190101.0,469624,2.669244,10.983356749999999,11.617968375000004,100.0
00:01:52.422120,2890931.0,1275768,852880.0,376376,1527686.0,674168,3.5304,44.89809189873417,47.840045822784816,100.0
00:01:55.787709,2474797.0,1041144,715894.0,301176,1323645.0,556856,3.365589,47.8620385,50.644131749999985,100.0
00:01:59.860065,2677565.0,1363000,798468.0,406456,1413015.0,719288,4.072356,36.20541462500001,37.9191785,100.0
00:02:02.649621,2778799.0,968952,794712.0,277112,1476203.0,514744,2.789556,6.303306202531646,6.541522658227849,100.0
00:02:06.726443,2574287.0,1311864,673638.0,343288,1370149.0,698232,4.076822,14.546384,15.153991000000001,100.0
00:02:10.813432,2644426.0,1350968,777945.0,397432,1407956.0,719288,4.086989,19.267581772151903,22.299237468354423,100.0
00:02:12.843677,2727615.0,692216,771910.0,195896,1471223.0,373368,2.030245,22.508824999999995,24.472970625000002,100.0
00:02:16.927433,2611164.0,1332920,696065.0,355320,1391393.0,710264,4.083756,17.94022737500001,19.277611625000002,100.0
00:02:20.998133,2607716.0,1326904,792881.0,403448,1401767.0,713272,4.0707,27.177888227848104,30.598928354430374,100.0
00:02:23.077000,2721697.0,707256,800158.0,207928,1413662.0,367352,2.078867,38.76422812500001,42.921065,100.0
00:02:27.162956,2574422.0,1314872,766363.0,391416,1372976.0,701240,4.085956,13.37968075949367,14.935607088607588,100.0
00:02:31.235856,2718566.0,1384056,812176.0,337272,1430552.0,728312,4.0729,35.14547287499998,24.16562862499999,100.0
00:02:33.316923,2591624.0,674168,776471.0,274104,1389041.0,361336,2.081067,31.53809848101266,34.50625569620253,100.0
00:02:37.381857,2593655.0,1317880,764406.0,388408,1380076.0,701240,4.064934,63.078016999999974,66.11480712500001,100.0
00:02:39.496668,2334075.0,617016,627256.0,165816,1241710.0,328248,2.114811,55.371032875000004,60.68180699999999,100.0
00:02:43.530413,2888131.0,1456248,698729.0,352312,1504095.0,758392,4.033745,50.42446759493668,56.30134594936708,100.0
00:02:46.346302,2650263.0,932856,804372.0,283128,1436761.0,505720,2.815889,48.160031625,50.882564500000015,100.0
00:02:50.426235,2489750.0,1269752,702615.0,358328,1345512.0,686200,4.079933,16.743453544303797,17.65044240506329,100.0
00:02:53.700656,2822967.0,1155448,846063.0,346296,1441339.0,589944,3.274421,34.432278624999995,38.347988875,100.0
00:02:57.774712,2646915.0,1347960,798135.0,406456,1376986.0,701240,4.074056,22.253741499999997,24.79925487500001,100.0
00:03:01.858935,2593190.0,1323896,754904.0,385400,1414802.0,722296,4.084223,17.194256708860753,18.02097151898735,100.0
00:03:03.928113,2711182.0,701240,745757.0,192888,1408652.0,364344,2.069178,11.447293125000002,12.189219750000001,100.0
00:03:06.336036,2529648.0,761400,750774.0,225976,1360389.0,409464,2.407923,11.447293125000002,12.189219750000001,100.0
00:03:08.859547,2623570.0,827576,764065.0,241016,1412508.0,445560,2.523511,45.074145822784814,48.86984493670887,100.0
00:03:11.340814,2357892.0,731320,728582.0,225976,1242590.0,385400,2.481267,30.588096375,32.91872174999999,100.0
00:03:14.201669,2953477.0,1056184,859021.0,307192,1565585.0,559864,2.860855,45.517027374999984,50.105979624999996,100.0
00:03:18.071592,2550244.0,1233656,778053.0,376376,1399874.0,677176,3.869923,51.12744101265823,55.86216354430381,100.0
00:03:22.137447,2575312.0,1308856,740559.0,376376,1338334.0,680184,4.065855,52.516494,55.994077875000016,100.0
00:03:24.420002,2847812.0,812536,718212.0,204920,1508905.0,430520,2.282555,60.53311164556961,67.3032211392405,100.0
00:03:28.500658,2554177.0,1302840,743770.0,379384,1327582.0,677176,4.080656,57.335201000000005,62.82441574999999,100.0
00:03:30.774802,2604387.0,740344,805521.0,228984,1450996.0,412472,2.274144,59.738805696202554,65.81295189873417,100.0
00:03:34.596812,2758506.0,1317880,812992.0,388408,1448904.0,692216,3.82201,37.50593825000001,41.918884499999976,100.0
00:03:38.661179,2582176.0,1311864,764513.0,388408,1380269.0,701240,4.064367,24.47597037500001,27.015398875,100.0
00:03:42.527180,2540382.0,1227640,753944.0,364344,1370172.0,662136,3.866001,56.77393632911394,61.00966430379745,100.0
00:03:44.818857,2836476.0,812536,547344.0,156792,1450396.0,415480,2.291677,68.359957125,71.86907599999999,100.0
00:03:48.885424,2438758.0,1239672,562904.0,286136,1320347.0,671160,4.066567,64.06406493670886,66.70650873417723,100.0
00:03:52.962158,2491704.0,1269752,714972.0,364344,1346568.0,686200,4.076734,61.50726800000003,65.538581,100.0
00:03:55.047058,2967747.0,773432,855553.0,222968,1571160.0,409464,2.0849,30.335273499999992,34.69824737499997,100.0
00:03:59.115825,2916500.0,1483320,828744.0,421496,1514805.0,770424,4.068767,44.06776594936708,48.04412,100.0
00:04:02.235470,1983384.0,773432,463786.0,180856,1088595.0,424504,3.119645,72.98109825,79.08936899999998,100.0
00:04:05.274593,2851496.0,1083256,571091.0,216952,1513341.0,574904,3.039123,65.24022063291139,70.75001379746834,100.0
00:04:08.719938,2431477.0,1047160,503756.0,216952,1306973.0,562872,3.445345,68.35680549999998,74.1998265,100.0
00:04:12.176760,2611360.0,1128376,585619.0,253048,1379208.0,595960,3.456822,32.209364810126566,34.68954202531645,100.0
00:04:15.496715,2856732.0,1185528,559024.0,231992,1501302.0,623032,3.319955,37.57825724999999,39.53854862499999,100.0
00:04:19.569882,2558873.0,1302840,544268.0,277112,1353655.0,689208,4.073167,61.762025749999985,66.37371987499999,100.0
00:04:23.653216,2623221.0,1338936,578272.0,295160,1409217.0,719288,4.083334,52.302892278481,54.82744126582278,100.0
00:04:25.679794,2970035.0,752376,595194.0,150776,1450137.0,367352,2.026578,35.78372925000001,38.01135850000001,100.0
00:04:29.759883,2530940.0,1290808,690792.0,352312,1351358.0,689208,4.080089,4.461569113924051,5.2987526582278495,100.0
00:04:33.826928,2521307.0,1281784,728509.0,370360,1337942.0,680184,4.067045,25.974364499999997,27.556715624999992,100.0
00:04:35.902140,2958410.0,767416,731992.0,189880,1613282.0,418488,2.075212,39.18588600000002,41.35714574999999,100.0
00:04:39.942729,2615238.0,1320888,572478.0,289144,1382436.0,698232,4.040589,45.5007517721519,47.29665291139241,100.0
00:04:44.016705,2599712.0,1323896,703642.0,358328,1394733.0,710264,4.073977,40.075653,42.66891062500001,100.0
00:04:46.140550,2743372.0,728312,703901.0,186872,1463037.0,388408,2.123844,38.61972329113923,40.77022582278481,100.0
00:04:48.890372,2547667.0,875704,508658.0,174840,1313760.0,451576,2.749822,69.814906,75.36587462500002,100.0
00:04:52.848784,2450679.0,1212600,499254.0,247032,1313868.0,650104,3.958412,67.99867962500001,73.21943299999997,100.0
00:04:56.391251,2840325.0,1257720,517117.0,228984,1502103.0,665144,3.542467,40.40847025316454,42.691529493670885,100.0
00:05:00.436240,2624291.0,1326904,559958.0,283128,1386881.0,701240,4.044989,59.28003524999999,61.93196912499998,100.0
00:05:04.514617,2502501.0,1275768,543573.0,277112,1351926.0,689208,4.078377,49.658895569620256,52.28311189873417,100.0
00:05:06.577939,2882156.0,743352,467967.0,120696,1494289.0,385400,2.063322,53.327842624999995,56.064996125000015,100.0
00:05:10.648339,2619732.0,1332920,562374.0,286136,1348663.0,686200,4.0704,35.95833860759493,38.20446189873417,100.0
00:05:13.143994,2633569.0,821560,521892.0,162808,1418631.0,442552,2.495655,58.712168625000004,62.24167075000001,100.0
00:05:16.811683,2677740.0,1227640,571634.0,262072,1437696.0,659128,3.667689,23.831250500000007,25.598825499999993,100.0
00:05:20.884283,2523777.0,1284792,638884.0,325240,1377478.0,701240,4.0726,63.61039531645571,67.75735670886077,100.0
00:05:24.967049,2670738.0,1363000,607823.0,310200,1374048.0,701240,4.082766,61.037588625000026,62.834112874999995,100.0
00:05:27.034760,2841124.0,734328,711372.0,183864,1537669.0,397432,2.067711,57.32536341772152,61.910867594936725,100.0
00:05:30.734193,2466124.0,1140408,443138.0,204920,1282254.0,592952,3.699433,64.11064250000001,68.77679462500001,100.0
00:05:34.815316,2571574.0,1311864,672928.0,343288,1386394.0,707256,4.081123,54.407032,56.383865625,100.0
00:05:37.256749,2908900.0,887736,750326.0,228984,1538846.0,469624,2.441434,59.37017493670886,63.128089493670885,100.0
00:05:41.333750,2538760.0,1293816,655901.0,334264,1364187.0,695224,4.077,51.668263249999995,54.610466874999986,100.0
00:05:43.544049,2570743.0,710264,523947.0,144760,1318713.0,364344,2.210299,65.25249873417721,69.01343594936706,100.0
00:05:47.455283,2732494.0,1335928,616022.0,301176,1458919.0,713272,3.911234,30.811366375,32.40857437499999,100.0
00:05:51.539205,2416610.0,1233656,725498.0,370360,1302951.0,665144,4.083922,54.037018101265815,58.06259594936711,100.0
00:05:55.610083,2631247.0,1338936,639154.0,325240,1360327.0,692216,4.070878,68.9694925,76.03884575000001,100.0
00:05:57.689127,2941382.0,764408,626472.0,162808,1564011.0,406456,2.079044,47.50642412500001,51.90916887500001,100.0
00:06:01.775249,2527204.0,1290808,672105.0,343288,1337585.0,683192,4.086122,37.622678987341786,39.82801316455695,100.0
00:06:05.097582,2557720.0,1062200,529651.0,219960,1348122.0,559864,3.322333,52.362844624999994,54.87464187500003,100.0
00:06:07.921860,2863922.0,1011064,640095.0,225976,1526218.0,538808,2.824278,31.17067873417722,33.256719999999994,100.0
00:06:11.986960,2516594.0,1278776,569027.0,289144,1320823.0,671160,4.0651,46.569893875000005,49.045370250000005,100.0
00:06:14.101949,2823125.0,746360,581691.0,153784,1469163.0,388408,2.114989,78.45696774999999,84.903135875,100.0
00:06:18.135871,2631491.0,1326904,495874.0,250040,1408582.0,710264,4.033922,77.25642151898737,82.47449645569617,100.0
00:06:20.951926,2658652.0,935864,633419.0,222968,1436676.0,505720,2.816055,54.2940305,57.42090650000002,100.0
00:06:25.032037,2560416.0,1305848,655401.0,334264,1345453.0,686200,4.080111,55.84421164556963,58.80616506329115,100.0
00:06:28.306637,2705234.0,1107320,654951.0,268088,1433911.0,586936,3.2746,61.78983325,67.20287137500004,100.0
00:06:32.380870,2505046.0,1275768,609096.0,310200,1311956.0,668152,4.074233,67.08844037500003,72.87322687500001,100.0
00:06:36.465270,2628428.0,1341944,684171.0,349304,1426524.0,728312,4.0844,63.661204303797454,69.12113177215188,100.0
00:06:38.534614,2815624.0,728312,652666.0,168824,1431796.0,370360,2.069344,62.84274862500003,67.74068187499999,100.0
00:06:42.611047,2503694.0,1275768,650089.0,331256,1334861.0,680184,4.076433,69.13005734177213,75.29152569620256,100.0
00:06:46.697647,2621124.0,1338936,666138.0,340280,1396313.0,713272,4.0866,53.328029125000015,57.86920650000002,100.0
00:06:48.769191,3021730.0,782456,756521.0,195896,1546440.0,400440,2.071544,55.6803640506329,58.92223544303796,100.0
00:06:52.847824,2620344.0,1335928,726439.0,370360,1399041.0,713272,4.078633,44.156711125,46.206109624999996,100.0
00:06:56.829991,2544833.0,1266744,792380.0,394424,1366460.0,680184,3.982167,42.20974149999999,45.047062375,100.0
00:06:58.996624,2911326.0,788472,667786.0,180856,1467464.0,397432,2.166633,50.64131569620253,55.933920632911395,100.0
00:07:02.493546,2498837.0,1092280,750941.0,328248,1342748.0,586936,3.496922,51.45082512500001,55.449624000000014,100.0
00:07:06.557913,2576255.0,1308856,657940.0,334264,1374348.0,698232,4.064367,61.73028936708862,66.52072962025315,100.0
00:07:09.172657,2973782.0,971960,728202.0,238008,1510474.0,493688,2.614744,62.02912725000001,67.8415325,100.0
00:07:13.237201,2451813.0,1245688,592786.0,301176,1315083.0,668152,4.064544,63.380744125,68.76854625,100.0
00:07:17.311912,2575621.0,1311864,738950.0,376376,1370859.0,698232,4.074711,67.82792354430383,71.94734784810126,100.0
00:07:19.394790,2959074.0,770424,729298.0,189880,1538025.0,400440,2.082878,65.840892625,70.57139762499999,100.0
00:07:23.461534,2503742.0,1272760,645721.0,328248,1361710.0,692216,4.066744,68.65402379746834,73.89983924050632,100.0
00:07:27.538445,2556523.0,1302840,614598.0,313208,1346509.0,686200,4.076911,70.067768375,75.35852774999998,100.0
00:07:29.623523,3152150.0,821560,820857.0,213944,1594108.0,415480,2.085078,57.47718024999999,62.746183125,100.0
00:07:33.609056,2681554.0,1335928,799138.0,406456,1431943.0,728312,3.985533,22.76128240506329,24.651573797468355,100.0
00:07:36.464867,2545804.0,908792,769771.0,268088,1357087.0,472632,2.855811,30.612924624999994,32.205781249999994,100.0
00:07:39.829245,2654503.0,1116344,730457.0,307192,1388495.0,583928,3.364378,59.32485063291139,64.15568886075948,100.0
00:07:43.900389,2560145.0,1302840,621380.0,316216,1342506.0,683192,4.071144,71.758648,76.68182162500003,100.0
00:07:47.981700,2553767.0,1302840,472428.0,241016,1345057.0,686200,4.081311,75.02258873417722,79.28763911392403,100.0
00:07:50.006256,2889799.0,731320,500700.0,126712,1570446.0,397432,2.024556,73.92175262500001,78.46221287500002,100.0
00:07:54.084323,2461385.0,1254712,496407.0,253048,1298921.0,662136,4.078067,72.77017612499999,77.39610049999999,100.0
00:07:58.149334,2587686.0,1314872,533520.0,271096,1391889.0,707256,4.065011,71.61271974683547,76.1566307594937,100.0
00:08:00.222512,3030956.0,785464,488957.0,126712,1556829.0,403448,2.073178,78.80381550000001,83.56537,100.0
00:08:04.302779,2406979.0,1227640,448958.0,228984,1268732.0,647096,4.080267,76.50831367088607,81.02915151898736,100.0
00:08:08.369990,2556704.0,1299832,556898.0,283128,1361554.0,692216,4.067211,83.57885,90.68654,100.0
