delta_t_s,256x144x25_size_byte,256x144x25_bitrate,seg_len_s,426x240x25_size_byte,426x240x25_bitrate,640x360x25_size_byte,640x360x25_bitrate,854x480x25_size_byte,854x480x25_bitrate,1280x720x25_size_byte,1280x720x25_bitrate,1280x720x50_size_byte,1280x720x50_bitrate,1920x1080x25_size_byte,1920x1080x25_bitrate,1920x1080x50_size_byte,1920x1080x50_bitrate,256x144x25_vmaf_score,426x240x25_vmaf_score,640x360x25_vmaf_score,854x480x25_vmaf_score,1280x720x25_vmaf_score,1280x720x50_vmaf_score,1920x1080x25_vmaf_score,1920x1080x50_vmaf_score
00:00:03,206048,549461.0,3.0,270532,721418.0,422624,1126997.0,613256,1635349.0,912552,2433472.0,1191356,3176949.0,1545360,4120960.0,2112744,5633984.0,26.768709533333304,40.70536539999999,61.53631319999993,72.82393199999996,83.82374893333328,91.44219453333328,88.04186466666665,100.0
00:00:06,162432,433152.0,3.0,199280,531413.0,269968,719914.0,392732,1047285.0,737336,1966229.0,968200,2581866.0,1431808,3818154.0,1932076,5152202.0,1.3527624666666669,31.101060399999994,51.90376626666666,63.90622753333338,76.21421173333339,84.88532313333333,81.40299373333333,100.0
00:00:09,156980,418613.0,3.0,182924,487797.0,249476,665269.0,362088,965568.0,680748,1815328.0,946392,2523712.0,1368640,3649706.0,1927752,5140672.0,0.46174260000000006,30.5701322,59.03443186666667,73.19305526666668,88.05924299999998,88.15563426666667,91.99319433333336,100.0
00:00:12,161304,430144.0,3.0,205672,548458.0,273352,728938.0,393484,1049290.0,651232,1736618.0,881720,2351253.0,1178948,3143861.0,1641428,4377141.0,0.03486960000000001,32.80105806666666,62.29528519999996,75.9083886666667,87.9853674,90.47904653333337,91.56631893333336,100.0
00:00:15,178412,475765.0,3.0,197024,525397.0,253612,676298.0,330692,881845.0,567196,1512522.0,833780,2223413.0,1029112,2744298.0,1575252,4200672.0,1.4330191946308724,31.266973557046967,57.42498201342283,71.84464476510068,81.1141036912752,92.8415062416107,84.68784006711407,100.0
00:00:18,160364,427637.0,3.0,215824,575530.0,359268,958048.0,518316,1382176.0,876268,2336714.0,1208652,3223072.0,1637668,4367114.0,2331388,6217034.0,0.0006138666666666667,28.100960466666667,58.836035266666656,73.21716666666669,82.73869273333334,88.80174713333331,84.69587093333338,100.0
00:00:21,175028,466741.0,3.0,218268,582048.0,290272,774058.0,391416,1043776.0,657248,1752661.0,951280,2536746.0,1123864,2996970.0,1713808,4570154.0,22.6262274,50.08781433333333,70.17342366666662,79.37887986666674,87.32683926666662,92.02656040000001,91.07957446666664,100.0
00:00:24,183300,488800.0,3.0,222404,593077.0,267148,712394.0,321292,856778.0,501020,1336053.0,768544,2049450.0,864988,2306634.0,1375032,3666752.0,0.8295197315436242,38.28980510067114,67.5944167785235,73.04187691275166,72.51932872483225,93.2329413422819,91.23952993288587,100.0
00:00:27,157168,419114.0,3.0,184052,490805.0,241204,643210.0,326368,870314.0,503464,1342570.0,717220,1912586.0,821748,2191328.0,1263548,3369461.0,24.875649133333333,57.07444366666664,87.13796226666662,91.99642880000006,98.2203525333333,99.99710233333334,51.64375359999999,100.0
00:00:30,149272,398058.0,3.0,172772,460725.0,251732,671285.0,353628,943008.0,542380,1446346.0,540500,1441333.0,1005988,2682634.0,1063328,2835541.0,36.52870073333334,63.398388466666646,82.6856926,88.83901513333332,93.19247266666666,99.22626360000001,73.67542800000001,100.0
00:00:33,158672,423125.0,3.0,183300,488800.0,214132,571018.0,290648,775061.0,446688,1191168.0,542568,1446848.0,753316,2008842.0,1057312,2819498.0,24.866389194630873,58.42127818791948,74.55066161073822,82.61158369127516,89.84922067114098,94.18870644295296,90.7760163758389,100.0
00:00:36,159800,426133.0,3.0,212816,567509.0,260192,693845.0,342912,914432.0,491056,1309482.0,661384,1763690.0,933984,2490624.0,1303968,3477248.0,5.084643533333333,42.294442933333315,63.818000466666646,72.8736500666667,84.2632001333333,89.30488453333335,87.93435326666663,100.0
00:00:39,160364,427637.0,3.0,189128,504341.0,268464,715904.0,385212,1027232.0,659128,1757674.0,939624,2505664.0,1227828,3274208.0,1811568,4830848.0,0.20673200000000003,22.027337733333333,43.923222933333335,60.671219666666666,68.88807966666667,80.72203153333336,76.27254899999998,100.0
00:00:42,168824,450197.0,3.0,203604,542944.0,268652,716405.0,393108,1048288.0,707820,1887520.0,997904,2661077.0,1296824,3458197.0,1907072,5085525.0,1.070204093959732,14.586471812080545,30.417543825503355,42.01549134228189,60.68653281879194,67.35376791946307,70.75661456375838,100.0
00:00:45,162808,434154.0,3.0,230112,613632.0,284068,757514.0,393108,1048288.0,725116,1933642.0,808776,2156736.0,1388380,3702346.0,1649512,4398698.0,0.6829600000000001,27.76428493333332,54.428471533333365,71.2217878,82.68872006666665,89.95393920000002,87.38063833333337,100.0
00:00:48,168824,450197.0,3.0,203040,541440.0,293656,783082.0,419992,1119978.0,726432,1937152.0,1058628,2823008.0,1354352,3611605.0,1995996,5322656.0,0.031435234899328854,31.432485503355707,57.97784416107379,72.67400785234899,85.27664536912752,89.47536201342281,89.13815677852352,100.0
00:00:51,170328,454208.0,3.0,204732,545952.0,276548,737461.0,394988,1053301.0,699360,1864960.0,1013320,2702186.0,1280844,3415584.0,1898424,5062464.0,0.7442346666666667,31.081350799999996,55.18798746666666,67.70649133333333,80.91061113333336,88.54643299999996,84.2019282666667,100.0
00:00:54,150776,402069.0,3.0,201160,536426.0,330880,882346.0,486732,1297952.0,857468,2286581.0,1135332,3027552.0,1601948,4271861.0,2202984,5874624.0,2.475255933333334,37.36007553333333,58.55101346666669,67.52317426666664,78.77069906666667,87.95517886666673,82.91794899999996,100.0
00:00:57,164688,439168.0,3.0,181232,483285.0,237820,634186.0,369608,985621.0,719100,1917600.0,968764,2583370.0,1497608,3993621.0,2005960,5349226.0,0.07845288590604028,32.40105503355705,61.08207469798661,74.51400362416105,83.33916060402683,90.15312825503354,89.13423496644292,100.0
00:01:00,163936,437162.0,3.0,207364,552970.0,318284,848757.0,448380,1195680.0,763280,2035413.0,1057124,2818997.0,1399848,3732928.0,2012352,5366272.0,0.4537189333333335,34.35669453333333,61.08408926666663,74.01807053333333,84.3389404666667,90.56585293333332,87.90009386666667,100.0
00:01:03,164124,437664.0,3.0,205296,547456.0,322796,860789.0,459848,1226261.0,778132,2075018.0,1049980,2799946.0,1369016,3650709.0,1955388,5214368.0,0.04515126666666666,24.48680486666667,49.650962866666696,63.77618653333334,77.85490980000002,85.95087380000002,83.47126433333331,100.0
00:01:06,162808,434154.0,3.0,201912,538432.0,308320,822186.0,456276,1216736.0,783960,2090560.0,1032872,2754325.0,1405488,3747968.0,1949936,5199829.0,0.002200805369127517,21.202349664429526,45.23477033557047,60.933362147651,77.71989691275168,81.67286771812081,86.80465395973152,100.0
00:01:09,152092,405578.0,3.0,182736,487296.0,222216,592576.0,303808,810154.0,570392,1521045.0,787720,2100586.0,1064832,2839552.0,1553820,4143520.0,0.3503413333333333,35.281102800000006,61.37677366666668,73.44388120000002,86.93773546666668,88.44596806666665,89.85901686666662,100.0
00:01:12,160928,429141.0,3.0,196836,524896.0,264516,705376.0,398372,1062325.0,730756,1948682.0,1008432,2689152.0,1297388,3459701.0,1943732,5183285.0,0.5223720000000001,25.993210066666663,47.2068282,58.659721066666634,72.05578926666662,84.23702139999996,76.30418133333339,100.0
00:01:15,154912,413098.0,3.0,189880,506346.0,310388,827701.0,474700,1265866.0,870816,2322176.0,1103560,2942826.0,1708732,4556618.0,2229116,5944309.0,2.0985938926174494,32.70463463087247,56.53074718120805,68.6028633557047,80.15000771812078,87.03778879194631,83.63092597315438,100.0
00:01:18,148144,395050.0,3.0,170892,455712.0,213380,569013.0,296288,790101.0,545012,1453365.0,757076,2018869.0,1037760,2767360.0,1474108,3930954.0,0.009564533333333333,33.84881686666666,62.352915399999944,76.00056026666665,87.81894619999998,90.67844186666666,91.19404546666667,100.0
00:01:21,171644,457717.0,3.0,198152,528405.0,273728,729941.0,385588,1028234.0,691276,1843402.0,991512,2644032.0,1241176,3309802.0,1874548,4998794.0,0.015857133333333336,28.251713000000017,55.40708506666668,70.40651233333334,81.23682693333326,90.57525273333339,85.75117793333335,100.0
00:01:24,166756,444682.0,3.0,206236,549962.0,300424,801130.0,442552,1180138.0,780576,2081536.0,1099612,2932298.0,1432372,3819658.0,2076836,5538229.0,0.20471087248322148,28.20567322147651,55.12545275167787,70.93675114093959,82.3392955704698,90.01785758389262,86.46392463087247,100.0
00:01:27,160176,427136.0,3.0,207364,552970.0,338400,902400.0,494628,1319008.0,834908,2226421.0,1133076,3021536.0,1506444,4017184.0,2151660,5737760.0,0.29561506666666665,31.678915133333316,59.33309119999997,73.43424713333333,85.5946048666667,89.90410746666663,89.14664406666668,100.0
00:01:30,161680,431146.0,3.0,202100,538933.0,294408,785088.0,406832,1084885.0,685072,1826858.0,991136,2643029.0,1212600,3233600.0,1840896,4909056.0,0.4429320666666666,32.65567873333336,60.78061999999998,75.07299273333335,87.56540026666663,87.9849632,91.02861846666669,100.0
00:01:33,185556,494816.0,3.0,231992,618645.0,302304,806144.0,436912,1165098.0,753880,2010346.0,971584,2590890.0,1337808,3567488.0,1834128,4891008.0,0.10317416107382549,36.53942174496645,63.998671946308725,74.66825664429524,87.51280543624159,90.46181053691278,90.08049006711407,100.0
00:01:36,161868,431648.0,3.0,204732,545952.0,298732,796618.0,419804,1119477.0,701428,1870474.0,964252,2571338.0,1224632,3265685.0,1795776,4788736.0,2.3940812000000005,34.721346533333346,59.41373973333335,72.32446726666666,84.7766846,89.77882833333332,88.76620086666668,100.0
00:01:39,169576,452202.0,3.0,203980,543946.0,282940,754506.0,408900,1090400.0,724176,1931136.0,1016328,2710208.0,1294944,3453184.0,1910268,5094048.0,0.0013942281879194632,39.77912489932885,63.65738677852351,75.9918859731544,86.17454268456375,92.40322241610741,91.5934896644295,100.0
00:01:42,160740,428640.0,3.0,199092,530912.0,323924,863797.0,469812,1252832.0,703120,1874986.0,1046596,2790922.0,1101680,2937813.0,1735804,4628810.0,8.90694066666667,43.648603800000025,66.32913213333332,76.73534626666668,88.2406196,88.90843679999996,92.20509946666664,100.0
00:01:45,168448,449194.0,3.0,208116,554976.0,232932,621152.0,285948,762528.0,445748,1188661.0,638260,1702026.0,853144,2275050.0,1256404,3350410.0,5.063326066666666,44.03301973333332,69.07128726666663,78.19114093333333,87.99972453333334,90.20375786666666,90.11075180000005,100.0
00:01:48,161304,430144.0,3.0,193264,515370.0,272036,725429.0,387656,1033749.0,658752,1756672.0,914056,2437482.0,1206020,3216053.0,1775660,4735093.0,6.607547516778523,32.05962597315436,52.30200013422821,63.78748751677852,78.5167455704698,83.54883389261744,83.23957986577186,100.0
00:01:51,161680,431146.0,3.0,199844,532917.0,251920,671786.0,362652,967072.0,658376,1755669.0,872320,2326186.0,1237604,3300277.0,1703468,4542581.0,0.3671096666666667,28.756077066666677,51.754944266666655,63.3173954,76.55097826666666,86.61361153333337,81.32109686666668,100.0
00:01:54,154160,411093.0,3.0,201912,538432.0,308132,821685.0,440672,1175125.0,753880,2010346.0,1021028,2722741.0,1427860,3807626.0,1983588,5289568.0,1.902832266666666,30.326091799999983,51.63492453333335,63.09579479999998,76.96928419999998,85.88228999999998,81.74682946666665,100.0
00:01:57,155852,415605.0,3.0,191948,511861.0,284256,758016.0,424692,1132512.0,799000,2130666.0,1011440,2697173.0,1569424,4185130.0,2085108,5560288.0,0.8751134228187919,24.09557859060404,47.10119677852351,59.9533579194631,74.63969281879194,83.09835469798662,79.92868208053694,100.0
00:02:00,160364,427637.0,3.0,176908,471754.0,252108,672288.0,390288,1040768.0,777756,2074016.0,1015200,2707200.0,1633908,4357088.0,2142636,5713696.0,2.845828133333334,26.929457999999997,52.592668133333326,64.85167339999998,79.83861079999994,85.13287026666666,84.42567853333334,100.0
00:02:03,139872,372992.0,3.0,164688,439168.0,219208,584554.0,330128,880341.0,642772,1714058.0,855400,2281066.0,1363000,3634666.0,1786376,4763669.0,18.68345693333334,36.37952133333334,48.18630086666667,54.952158666666655,66.29019986666665,82.43080093333332,69.66555993333331,100.0
00:02:06,145324,387530.0,3.0,170704,455210.0,195332,520885.0,286888,765034.0,591824,1578197.0,775124,2066997.0,1285920,3429120.0,1680720,4481920.0,1.2716978523489932,34.18499885906041,57.303850536912734,70.33904651006713,84.23748986577183,87.21171812080539,87.87638906040269,100.0
00:02:09,165440,441173.0,3.0,185932,495818.0,226728,604608.0,311892,831712.0,581296,1550122.0,846940,2258506.0,1156576,3084202.0,1681660,4484426.0,0.17434573333333336,30.376292733333322,55.54593766666664,68.38576573333336,82.80922773333329,88.56857286666663,86.7928046,100.0
00:02:12,162056,432149.0,3.0,180480,481280.0,237632,633685.0,356260,950026.0,677552,1806805.0,945264,2520704.0,1377664,3673770.0,1923428,5129141.0,0.11907680000000001,30.73944240000001,56.989933866666675,71.02126773333333,84.60517840000004,91.27666339999993,87.74562406666666,100.0
00:02:15,162432,433152.0,3.0,208304,555477.0,343100,914933.0,493688,1316501.0,827388,2206368.0,1168608,3116288.0,1515280,4040746.0,2211632,5897685.0,0.560596711409396,32.24608496644295,57.925820402684536,71.03013020134227,82.5808061744966,91.14950261744964,86.12397355704697,100.0
00:02:18,159048,424128.0,3.0,211876,565002.0,344040,917440.0,491808,1311488.0,825132,2200352.0,1110704,2961877.0,1504000,4010666.0,2121392,5657045.0,4.2435735999999995,33.35283386666669,55.19964300000001,65.00660006666664,76.47388013333334,85.12574120000004,80.54570553333332,100.0
00:02:21,163560,436160.0,3.0,194016,517376.0,252108,672288.0,359268,958048.0,669468,1785248.0,842428,2246474.0,1325964,3535904.0,1701964,4538570.0,0.49149322147651014,24.551282550335568,38.70645979865774,49.37013174496644,61.55472161073824,78.4406729530201,69.00058382550338,100.0
00:02:24,152844,407584.0,3.0,177660,473760.0,276736,737962.0,440860,1175626.0,880028,2346741.0,1086264,2896704.0,1781676,4751136.0,2222160,5925760.0,1.0416245333333332,32.94318606666666,58.52024566666666,73.06099019999996,84.98790873333328,91.2693896666666,88.12504559999998,100.0
00:02:27,167320,446186.0,3.0,204356,544949.0,284820,759520.0,413976,1103936.0,716280,1910080.0,981172,2616458.0,1304720,3479253.0,1834692,4892512.0,3.641380266666667,40.13740499999999,64.78980726666666,75.7269342,87.39111853333333,89.26166713333336,89.56927733333333,100.0
00:02:30,164500,438666.0,3.0,201536,537429.0,292716,780576.0,420368,1120981.0,697104,1858944.0,974216,2597909.0,1273136,3395029.0,1846536,4924096.0,2.640813691275168,41.917392281879174,66.97762912751679,76.19797006711411,87.80226476510065,89.95066355704695,90.62781590604031,100.0
00:02:33,165816,442176.0,3.0,202288,539434.0,268840,716906.0,367728,980608.0,630928,1682474.0,895632,2388352.0,1156200,3083200.0,1718696,4583189.0,9.868598666666664,49.17294166666668,68.9465864,77.73387153333331,87.33057740000004,88.39483366666666,89.63188886666666,100.0
00:02:36,161492,430645.0,3.0,195332,520885.0,246656,657749.0,331256,883349.0,565316,1507509.0,810844,2162250.0,1051108,2802954.0,1544796,4119456.0,0.033117600000000004,25.160482266666666,53.92632606666666,67.17402173333333,81.1098503333333,85.8523037333333,85.86608666666667,100.0
00:02:39,156792,418112.0,3.0,209620,558986.0,262260,699360.0,356636,951029.0,618520,1649386.0,743352,1982272.0,1086264,2896704.0,1391576,3710869.0,0.36374436241610736,27.43549637583892,55.07821630872482,66.1496232214765,78.87275020134227,85.15926892617456,82.70826530201342,100.0
00:02:42,149836,399562.0,3.0,184240,491306.0,252296,672789.0,359456,958549.0,644840,1719573.0,877020,2338720.0,1222376,3259669.0,1723020,4594720.0,1.3523446666666668,24.19818426666667,47.039522199999986,55.906337866666675,71.5598717333333,78.68131759999997,76.5767816666667,100.0
00:02:45,153784,410090.0,3.0,174464,465237.0,195520,521386.0,246092,656245.0,504216,1344576.0,645592,1721578.0,1042648,2780394.0,1375596,3668256.0,1.705562866666667,32.78101573333335,50.275939400000006,61.02524339999999,71.60590700000002,81.00232139999999,77.36467379999999,100.0
00:02:48,190632,508352.0,3.0,222404,593077.0,302116,805642.0,425444,1134517.0,706692,1884512.0,1028548,2742794.0,1390260,3707360.0,2042056,5445482.0,0.34862684563758395,26.045954563758382,50.930932684563764,64.43770852348995,76.7727932214765,85.73864684563756,81.47352000000004,100.0
00:02:51,174088,464234.0,3.0,230300,614133.0,375060,1000160.0,537116,1432309.0,912928,2434474.0,1196620,3190986.0,1628268,4342048.0,2233064,5954837.0,3.4304621333333336,30.302766800000008,50.6478884,60.859598133333336,75.2758763333333,82.99025206666664,79.44379119999998,100.0
00:02:54,161304,430144.0,3.0,201724,537930.0,267148,712394.0,385588,1028234.0,664392,1771712.0,878712,2343232.0,1245688,3321834.0,1708732,4556618.0,6.105025133333333,31.611060200000004,49.87988466666666,58.132795533333365,72.55599606666671,81.13248193333328,76.482588,100.0
00:02:57,149272,398058.0,3.0,181044,482784.0,224096,597589.0,305688,815168.0,575468,1534581.0,787908,2101088.0,1181956,3151882.0,1581832,4218218.0,3.278193087248323,31.916353154362415,53.662623758389245,64.90503120805369,77.68372563758388,83.22170812080533,81.63030557046979,100.0
00:03:00,159800,426133.0,3.0,191948,511861.0,246092,656245.0,369608,985621.0,696916,1858442.0,919884,2453024.0,1379920,3679786.0,1839016,4904042.0,0.7588132000000001,29.453747666666658,56.028454733333334,71.07577339999993,82.39154633333332,89.29206799999996,85.77874373333339,100.0
00:03:03,166192,443178.0,3.0,198152,528405.0,310200,827200.0,474700,1265866.0,807460,2153226.0,1131760,3018026.0,1486140,3963040.0,2155044,5746784.0,0.30984886666666667,25.090486666666667,48.527534333333314,65.47356853333332,78.51915946666668,89.97990953333338,84.9190260666667,100.0
00:03:06,164876,439669.0,3.0,205108,546954.0,326744,871317.0,479964,1279904.0,805956,2149216.0,1124428,2998474.0,1500616,4001642.0,2142260,5712693.0,1.9483634899328857,34.30522476510069,59.6870279194631,73.18289510067115,85.36492644295303,88.78499328859063,91.10904758389263,100.0
00:03:09,166944,445184.0,3.0,207176,552469.0,252672,673792.0,289332,771552.0,490116,1306976.0,752188,2005834.0,901460,2403893.0,1436884,3831690.0,4.244247866666666,32.20990199999999,55.51732406666668,65.93229239999995,78.91400153333333,87.0034915333333,84.18632166666661,100.0
00:03:12,167508,446688.0,3.0,206048,549461.0,269780,719413.0,396116,1056309.0,703308,1875488.0,953348,2542261.0,1281784,3418090.0,1799536,4798762.0,3.025793892617448,29.841016778523482,48.963299395973145,57.48820510067116,71.16212885906043,82.68735040268456,76.01183087248323,100.0
00:03:15,162244,432650.0,3.0,199280,531413.0,252108,672288.0,356072,949525.0,660632,1761685.0,872320,2326186.0,1287048,3432128.0,1742384,4646357.0,5.5625675333333335,27.319970866666658,40.12404553333332,46.547963333333335,60.87845026666668,77.93435539999994,64.76941166666667,100.0
00:03:18,154536,412096.0,3.0,185180,493813.0,235000,626666.0,345168,920448.0,663076,1768202.0,910860,2428960.0,1375784,3668757.0,1886956,5031882.0,0.20479966666666666,28.889698600000024,57.779475466666675,69.21189239999998,84.39541266666666,87.53160286666666,87.83798046666665,100.0
00:03:21,148896,397056.0,3.0,177284,472757.0,217328,579541.0,316404,843744.0,573024,1528064.0,766852,2044938.0,1057876,2821002.0,1449104,3864277.0,2.7336066442953024,35.40705691275168,64.78696939597313,74.47266315436244,89.62930651006708,89.71223791946308,95.10603892617452,100.0
00:03:24,146264,390037.0,3.0,177848,474261.0,216952,578538.0,263200,701866.0,423752,1130005.0,582048,1552128.0,726244,1936650.0,1054116,2810976.0,3.6062887999999997,38.29127246666666,65.85249760000002,76.67405853333334,87.68827039999992,89.79825613333337,91.19498746666667,100.0
00:03:27,159988,426634.0,3.0,188752,503338.0,224660,599093.0,282564,753504.0,455148,1213728.0,688832,1836885.0,799376,2131669.0,1310360,3494293.0,15.376776866666663,46.11853686666666,63.31647753333331,70.86084113333331,79.38756646666666,89.51908373333332,83.4517943333333,100.0
00:03:30,157544,420117.0,3.0,184992,493312.0,207928,554474.0,239324,638197.0,330316,880842.0,525648,1401728.0,628296,1675456.0,1022720,2727253.0,3.518847583892618,34.310737248322155,59.151517583892606,70.74146684563755,83.84687577181205,89.44995201342282,87.183322147651,100.0
00:03:33,152844,407584.0,3.0,198340,528906.0,316028,842741.0,445560,1188160.0,729440,1945173.0,1001100,2669600.0,1316000,3509333.0,1862892,4967712.0,13.590774533333333,43.21789360000002,56.33726786666665,61.377098999999994,72.10677940000001,83.07242679999997,75.31806580000001,100.0
00:03:36,156792,418112.0,3.0,181420,483786.0,215636,575029.0,261320,696853.0,463984,1237290.0,664204,1771210.0,925336,2467562.0,1324836,3532896.0,0.6868462666666667,25.453942199999997,46.64941446666668,58.01675626666665,74.26929566666664,83.96815286666664,79.8971588,100.0
00:03:39,149460,398560.0,3.0,178036,474762.0,223156,595082.0,303808,810154.0,554976,1479936.0,749744,1999317.0,1085700,2895200.0,1485200,3960533.0,14.340997651006708,40.216643422818784,58.849723691275116,66.31651744966443,78.16103442953018,83.07519577181202,82.3026308724832,100.0
00:03:42,170704,455210.0,3.0,214508,572021.0,271284,723424.0,365472,974592.0,677552,1806805.0,881156,2349749.0,1371648,3657728.0,1767952,4714538.0,0.7301476,28.42982553333332,52.51756759999999,65.93689386666665,80.95955580000003,84.85258393333334,89.3736260666666,100.0
00:03:45,166568,444181.0,3.0,184052,490805.0,222968,594581.0,313020,834720.0,538996,1437322.0,705564,1881504.0,951280,2536746.0,1301336,3470229.0,6.255979466666668,38.10277693333333,59.99473893333333,70.38483806666667,83.22411780000002,86.7341548,86.76751306666668,100.0
00:03:48,179728,479274.0,3.0,209620,558986.0,272412,726432.0,359832,959552.0,639576,1705536.0,882660,2353760.0,1236852,3298272.0,1694444,4518517.0,0.09268,26.2645222818792,52.21661993288587,66.21277818791947,79.66567818791948,85.98893644295302,85.21727315436242,100.0
00:03:51,170516,454709.0,3.0,201348,536928.0,260756,695349.0,372428,993141.0,638824,1703530.0,831336,2216896.0,1176880,3138346.0,1586532,4230752.0,15.39770159999999,37.248783000000024,50.3742346,64.91357333333335,78.4062831333333,88.61438313333332,84.79804659999996,100.0
00:03:54,165252,440672.0,3.0,203416,542442.0,272976,727936.0,405328,1080874.0,756700,2017866.0,788284,2102090.0,1432184,3819157.0,1567920,4181120.0,0.688391476510067,21.324921610738254,39.89780402684565,54.021226375838935,67.23217328859059,79.98335174496644,73.82680496644294,100.0
00:03:57,181796,484789.0,3.0,221652,591072.0,331256,883349.0,471880,1258346.0,865740,2308640.0,1093408,2915754.0,1673200,4461866.0,2059728,5492608.0,0.0646852,28.503337466666665,55.120604800000024,69.36735006666669,79.78309173333336,86.57878266666663,84.0331059333333,100.0
00:04:00,166192,443178.0,3.0,212252,566005.0,281436,750496.0,393484,1049290.0,667964,1781237.0,919696,2452522.0,1165600,3108266.0,1709108,4557621.0,0.28031259999999997,23.29212113333334,50.10937106666666,67.19945206666668,79.41340593333331,86.83869386666666,84.97104453333336,100.0
00:04:03,165440,441173.0,3.0,198528,529408.0,307004,818677.0,473196,1261856.0,815732,2175285.0,1080812,2882165.0,1355856,3615616.0,1914592,5105578.0,0.2981051677852349,33.07712510067115,59.79418187919463,72.78451986577181,86.4624155033557,89.60577570469799,90.24375006711409,100.0
00:04:06,164312,438165.0,3.0,202664,540437.0,305312,814165.0,435596,1161589.0,753880,2010346.0,1052800,2807466.0,1350216,3600576.0,1986032,5296085.0,4.297301600000001,36.77732233333334,61.47376826666668,74.1584333333333,85.65912580000004,89.01736353333334,90.7178716,100.0
00:04:09,180104,480277.0,3.0,209620,558986.0,258124,688330.0,324864,866304.0,529408,1411754.0,771928,2058474.0,976096,2602922.0,1450984,3869290.0,1.682360866666667,46.49067040000002,71.3756064,77.6846685333333,85.2003584666667,90.63489453333331,91.0326728666667,100.0
00:04:12,170140,453706.0,3.0,187624,500330.0,222968,594581.0,282752,754005.0,458156,1221749.0,690524,1841397.0,841112,2242965.0,1299832,3466218.0,0.0207406711409396,29.585566442953013,55.1715630872483,69.51492302013423,84.29102221476509,86.40569812080534,92.61173248322145,100.0
00:04:15,178600,476266.0,3.0,221464,590570.0,269028,717408.0,327872,874325.0,516248,1376661.0,783396,2089056.0,946956,2525216.0,1497984,3994624.0,0.06668513333333333,20.91411486666667,42.41274693333332,55.693043733333326,66.50714239999998,84.98038506666667,71.33278080000004,100.0
00:04:18,157920,421120.0,3.0,203040,541440.0,348552,929472.0,534296,1424789.0,986248,2629994.0,1313368,3502314.0,1883572,5022858.0,2567892,6847712.0,0.3081569333333333,13.6236366,33.72349213333333,46.486469800000016,59.245323866666645,84.24257419999999,67.56252799999996,100.0
00:04:21,159612,425632.0,3.0,179164,477770.0,284256,758016.0,430520,1148053.0,773432,2062485.0,1122172,2992458.0,1525808,4068821.0,2165196,5773856.0,1.2772152348993289,17.1431743624161,38.11696557046981,48.30427758389262,61.68330959731543,83.13604463087242,67.23845214765102,100.0
00:04:24,136676,364469.0,3.0,189880,506346.0,324112,864298.0,487672,1300458.0,873824,2330197.0,1012944,2701184.0,1763064,4701504.0,2002388,5339701.0,1.1791423333333333,22.639197933333342,44.74487800000001,55.36875666666664,66.86914126666665,82.3718314666667,72.2908452,100.0
00:04:27,160928,429141.0,3.0,175968,469248.0,209620,558986.0,313960,837226.0,602728,1607274.0,842240,2245973.0,1207524,3220064.0,1617364,4312970.0,1.7931158666666673,32.843335133333326,61.18568660000002,76.17864519999999,88.09255993333338,91.35719060000004,93.04491119999999,100.0
00:04:30,201348,536928.0,3.0,279932,746485.0,369796,986122.0,466616,1244309.0,693344,1848917.0,920260,2454026.0,1146988,3058634.0,1678276,4475402.0,0.3288525503355705,29.960782013422815,55.18024953020131,69.4789644295302,83.93390275167789,88.59567134228193,90.6680195973154,100.0
00:04:33,190444,507850.0,3.0,241204,643210.0,318096,848256.0,434092,1157578.0,735832,1962218.0,934924,2493130.0,1345516,3588042.0,1734300,4624800.0,1.2581053999999996,27.57032026666667,52.952392933333314,68.3835738666667,80.4430279333333,88.72610986666666,85.14523733333337,100.0
00:04:36,156792,418112.0,3.0,198528,529408.0,312080,832213.0,454960,1213226.0,764596,2038922.0,1062764,2834037.0,1362060,3632160.0,1992236,5312629.0,0.0064748,28.31914426666667,55.46200513333332,71.67378486666665,86.41714580000001,88.67083713333335,89.07441466666667,100.0
00:04:39,164124,437664.0,3.0,199092,530912.0,265832,708885.0,410028,1093408.0,686764,1831370.0,964064,2570837.0,1200380,3201013.0,1821156,4856416.0,0.4824408724832214,29.48392885906039,56.67888221476511,70.34901651006713,82.76856617449661,89.08010013422818,86.5487959060403,100.0
00:04:42,156228,416608.0,3.0,191760,511360.0,279932,746485.0,407772,1087392.0,718160,1915093.0,944888,2519701.0,1321076,3522869.0,1814200,4837866.0,0.5585066000000001,26.194661733333348,49.26615626666666,60.78381406666667,74.47585373333338,84.77239813333335,79.29655766666664,100.0
00:04:45,156604,417610.0,3.0,185180,493813.0,252296,672789.0,389536,1038762.0,754632,2012352.0,966320,2576853.0,1554008,4144021.0,1990544,5308117.0,1.6620608724832213,16.88300644295302,38.374553087248316,47.334385436241604,62.89576832214764,82.14657872483225,69.60247248322149,100.0
00:04:48,139684,372490.0,3.0,172396,459722.0,293468,782581.0,477144,1272384.0,957108,2552288.0,1187408,3166421.0,2027392,5406378.0,2501152,6669738.0,0.7491007333333334,28.785782400000027,53.29309446666669,64.96640906666661,78.38391699999997,85.67573280000005,82.95175079999996,100.0
00:04:51,151904,405077.0,3.0,180292,480778.0,232932,621152.0,330128,880341.0,634876,1693002.0,885292,2360778.0,1275204,3400544.0,1794272,4784725.0,3.2716529999999997,20.478614533333324,35.17264033333333,44.218993333333344,58.82784086666666,80.21086220000001,63.20296573333332,100.0
00:04:54,157920,421120.0,3.0,177848,474261.0,200032,533418.0,289144,771050.0,585056,1560149.0,845248,2253994.0,1238168,3301781.0,1786376,4763669.0,0.7939746979865774,28.072662751677854,50.31298000000001,61.05836604026845,73.81850053691277,84.86355838926175,78.3966257718121,100.0
00:04:57,150776,402069.0,3.0,187060,498826.0,265644,708384.0,404952,1079872.0,777944,2074517.0,980796,2615456.0,1549872,4132992.0,2016676,5377802.0,1.0585783333333336,22.793849933333345,53.01352313333333,68.71887226666666,82.64679960000001,88.08033886666668,87.44856460000001,100.0
00:05:00,157732,420618.0,3.0,194768,519381.0,254928,679808.0,359644,959050.0,613632,1636352.0,800504,2134677.0,1068780,2850080.0,1472040,3925440.0,12.703311333333334,40.62932860000001,68.2479785333333,80.42426086666669,90.03142053333335,91.31932493333328,92.1059476666667,100.0
00:05:03,181232,483285.0,3.0,234060,624160.0,281248,749994.0,335956,895882.0,472444,1259850.0,669280,1784746.0,738088,1968234.0,1201884,3205024.0,15.868274295302012,46.20625550335568,67.95414201342281,78.7612716778523,88.92213859060406,89.55584604026842,91.95779053691273,100.0
00:05:06,152092,405578.0,3.0,192324,512864.0,253612,676298.0,359832,959552.0,588252,1568672.0,813664,2169770.0,1039640,2772373.0,1527688,4073834.0,5.774516800000001,34.6964684,56.040883599999994,66.32594746666663,79.29758233333332,84.84441266666664,83.74680006666671,100.0
00:05:09,154724,412597.0,3.0,176156,469749.0,239324,638197.0,373932,997152.0,733576,1956202.0,938120,2501653.0,1514152,4037738.0,1939784,5172757.0,0.8116634000000003,35.41178933333332,58.65079373333334,70.80893526666667,83.65819513333334,88.93863366666663,86.63125913333333,100.0
00:05:12,161116,429642.0,3.0,200220,533920.0,303244,808650.0,453456,1209216.0,836788,2231434.0,1101680,2937813.0,1604580,4278880.0,2183056,5821482.0,1.5849746979865773,18.005554697986586,39.69076543624162,51.62759590604025,65.01403268456374,84.68010859060412,69.08207664429533,100.0
00:05:15,145888,389034.0,3.0,177096,472256.0,293092,781578.0,466052,1242805.0,933232,2488618.0,1144168,3051114.0,1948244,5195317.0,2402452,6406538.0,0.48829386666666663,27.579148666666665,52.66854513333335,66.2800512,79.04298386666672,87.1587028666666,84.86289233333336,100.0
00:05:18,148332,395552.0,3.0,190256,507349.0,301364,803637.0,450260,1200693.0,813852,2170272.0,1079872,2879658.0,1538968,4103914.0,2191892,5845045.0,1.3030542000000003,29.910436466666656,54.37071133333332,68.12214080000001,78.30800206666662,86.87399266666664,85.47850206666668,100.0
00:05:21,172772,460725.0,3.0,195332,520885.0,246092,656245.0,339716,905909.0,593892,1583712.0,861980,2298613.0,1113900,2970400.0,1668876,4450336.0,0.13799483221476508,28.498860134228185,56.45804013422818,70.9108897986577,84.36892751677857,88.07059046979872,87.57487624161074,100.0
00:05:24,152280,406080.0,3.0,191008,509354.0,284444,758517.0,422436,1126496.0,723988,1930634.0,943008,2514688.0,1272572,3393525.0,1745392,4654378.0,13.032369199999994,44.448442133333344,64.9027180666667,74.79947779999999,85.9059428666667,87.81138493333339,91.05109753333335,100.0
00:05:27,157732,420618.0,3.0,176532,470752.0,201536,537429.0,254552,678805.0,457592,1220245.0,651984,1738624.0,906160,2416426.0,1296824,3458197.0,5.76014677852349,36.404753892617435,57.771166442953046,69.61102906040266,84.00584604026848,86.2048501342282,89.49691483221474,100.0
00:05:30,149272,398058.0,3.0,169764,452704.0,197964,527904.0,245340,654240.0,448944,1197184.0,628296,1675456.0,896008,2389354.0,1249824,3332864.0,4.377501333333332,37.543417866666665,60.55706073333332,73.39221920000004,87.09420553333328,87.79488993333331,91.79076493333334,100.0
00:05:33,153408,409088.0,3.0,175216,467242.0,221088,589568.0,309072,824192.0,601224,1603264.0,812724,2167264.0,1250388,3334368.0,1684856,4492949.0,0.5513732666666665,33.838638933333336,56.97687460000002,70.28856740000003,84.89716513333336,88.89697186666659,89.58388179999999,100.0
00:05:36,157544,420117.0,3.0,183112,488298.0,254176,677802.0,366600,977600.0,678680,1809813.0,954100,2544266.0,1316940,3511840.0,1862140,4965706.0,11.82773255033557,45.70502201342281,65.50321610738256,75.95464281879195,87.32734684563763,88.14239114093958,90.4536931543624,100.0
00:05:39,155852,415605.0,3.0,192700,513866.0,238384,635690.0,326932,871818.0,561744,1497984.0,773432,2062485.0,1052424,2806464.0,1479184,3944490.0,22.8193678,48.029199133333336,63.36021926666663,72.0120346666667,83.38392626666666,85.40883346666665,87.71467986666667,100.0
00:05:42,160364,427637.0,3.0,194956,519882.0,252484,673290.0,371112,989632.0,687140,1832373.0,952596,2540256.0,1378792,3676778.0,1959524,5225397.0,4.325662333333332,41.80129093333333,66.90730553333331,78.62000339999997,87.73986053333334,90.4421544,90.79107873333325,100.0
00:05:45,165064,440170.0,3.0,202664,540437.0,274856,732949.0,376564,1004170.0,644652,1719072.0,830396,2214389.0,1108448,2955861.0,1525620,4068320.0,5.018840000000002,29.353160067114114,48.68228107382552,58.541255369127505,70.5054306711409,84.5702612751678,75.55826483221482,100.0
00:05:48,134420,358453.0,3.0,168448,449194.0,248348,662261.0,382580,1020213.0,730192,1947178.0,858220,2288586.0,1423160,3795093.0,1695572,4521525.0,11.232603533333334,41.16768466666668,61.66026453333332,73.04133199999997,85.71668080000006,87.63481986666667,91.84349060000001,100.0
00:05:51,123140,328373.0,3.0,158672,423125.0,192512,513365.0,245340,654240.0,473760,1263360.0,594080,1584213.0,1005236,2680629.0,1255840,3348906.0,9.051116399999996,37.993555999999984,58.33055026666665,70.04223000000002,82.78292973333335,86.96440506666663,88.69288353333332,100.0
00:05:54,154160,411093.0,3.0,179164,477770.0,191572,510858.0,267712,713898.0,534860,1426293.0,691088,1842901.0,1129504,3012010.0,1453616,3876309.0,22.467293221476496,43.331549999999986,59.27808577181208,67.2709542281879,77.47634906040265,86.44059362416108,80.50256644295303,100.0
00:05:57,123140,328373.0,3.0,160176,427136.0,218080,581546.0,304184,811157.0,554036,1477429.0,681124,1816330.0,1127624,3006997.0,1392892,3714378.0,18.235615866666677,35.19920726666667,52.31051380000001,60.404838200000015,71.67265786666667,85.024884,75.51271080000002,100.0
00:06:00,145136,387029.0,3.0,168824,450197.0,199468,531914.0,282564,753504.0,556104,1482944.0,718348,1915594.0,1173308,3128821.0,1500428,4001141.0,0.7225014000000002,30.582928466666672,58.44601620000001,71.56830159999996,86.48275080000002,87.8283024666667,89.63449899999998,100.0
00:06:03,159988,426634.0,3.0,196084,522890.0,277488,739968.0,412660,1100426.0,694096,1850922.0,946956,2525216.0,1226136,3269696.0,1768516,4716042.0,5.079486912751681,33.2120232885906,53.745954832214785,64.68168697986576,78.07881724832218,84.87054610738254,85.67532100671134,100.0
00:06:06,169764,452704.0,3.0,197964,527904.0,241580,644213.0,316404,843744.0,547456,1459882.0,785840,2095573.0,1030052,2746805.0,1521484,4057290.0,3.9402815333333328,36.94671779999997,57.81216346666667,70.27566333333327,82.21998379999998,88.01598446666665,85.92517866666668,100.0
00:06:09,152468,406581.0,3.0,197400,526400.0,312080,832213.0,464736,1239296.0,893376,2382336.0,1070284,2854090.0,1746708,4657888.0,2279688,6079168.0,2.4874846,30.170896199999994,51.366964333333335,63.012694733333326,78.06228333333333,83.71849086666663,84.92822499999998,100.0
00:06:12,141376,377002.0,3.0,162244,432650.0,188564,502837.0,249852,666272.0,492560,1313493.0,630552,1681472.0,1018772,2716725.0,1313744,3503317.0,0.24193241610738256,19.693257181208057,40.92745167785235,52.37794536912751,68.52472644295295,81.16225154362417,74.68793838926175,100.0
00:06:15,156228,416608.0,3.0,177848,474261.0,264140,704373.0,401568,1070848.0,770988,2055968.0,1017644,2713717.0,1571868,4191648.0,2079092,5544245.0,0.16014899999999999,32.802885400000015,54.061780000000006,68.69120233333332,79.0106924666667,85.0173935333333,84.28519466666667,100.0
00:06:18,173712,463232.0,3.0,203228,541941.0,276360,736960.0,381264,1016704.0,669092,1784245.0,915936,2442496.0,1282912,3421098.0,1791076,4776202.0,0.09091127516778524,25.201775838926174,51.99329885906041,67.84906939597315,81.97696791946306,87.25539409395974,86.83862147651006,100.0
00:06:21,165252,440672.0,3.0,202476,539936.0,294972,786592.0,415292,1107445.0,723236,1928629.0,1028736,2743296.0,1265428,3374474.0,1950876,5202336.0,0.0467166,29.106728266666664,55.2484096,70.22236639999997,82.99071186666663,88.89949400000002,88.23622893333334,100.0
00:06:24,146640,391040.0,3.0,185744,495317.0,251920,671786.0,369420,985120.0,687516,1833376.0,922516,2460042.0,1354728,3612608.0,1853680,4943146.0,0.0015606666666666666,24.594759333333343,50.55277073333331,65.65634920000008,81.61804380000001,85.57705100000003,88.343424,100.0
00:06:27,132728,353941.0,3.0,152844,407584.0,210936,562496.0,339904,906410.0,706692,1884512.0,907288,2419434.0,1521672,4057792.0,1948996,5197322.0,0.01774798657718121,26.15997087248323,53.04154503355705,67.82252939597315,83.87116845637584,86.03292718120811,90.65326483221479,100.0
00:06:30,174652,465738.0,3.0,197964,527904.0,218644,583050.0,296852,791605.0,550464,1467904.0,798060,2128160.0,1127060,3005493.0,1606648,4284394.0,0.2224204666666667,33.367341066666675,60.36886860000002,73.05484913333333,86.00321526666664,89.03367179999995,89.3709887333333,100.0
00:06:33,169012,450698.0,3.0,219396,585056.0,322044,858784.0,457216,1219242.0,740720,1975253.0,1020464,2721237.0,1297576,3460202.0,1910268,5094048.0,0.009650133333333333,28.25935906666666,57.133248133333325,72.31529806666666,85.99764499999998,88.52054866666668,89.95163766666668,100.0
00:06:36,165628,441674.0,3.0,209056,557482.0,342536,913429.0,497636,1327029.0,853144,2275050.0,1189852,3172938.0,1543480,4115946.0,2244908,5986421.0,7.4156522147651,42.107327181208035,63.70821107382551,74.85487120805374,86.58295651006709,89.99279134228195,91.37026046979865,100.0
00:06:39,167884,447690.0,3.0,212252,566005.0,251920,671786.0,307944,821184.0,458156,1221749.0,620024,1653397.0,713084,1901557.0,1123300,2995466.0,0.0,29.66626666666667,57.35027153333333,72.1665578666667,89.30718899999998,89.49835053333338,90.49953900000001,100.0
00:06:42,161304,430144.0,3.0,192700,513866.0,255492,681312.0,360772,962058.0,624348,1664928.0,884728,2359274.0,1113524,2969397.0,1680720,4481920.0,0.03762673333333333,33.57481713333331,59.71687713333328,72.71191033333336,86.93815186666664,87.40466846666668,92.57588759999999,100.0
00:06:45,175216,467242.0,3.0,233684,623157.0,262448,699861.0,318472,849258.0,462668,1233781.0,674732,1799285.0,817236,2179296.0,1271632,3391018.0,2.134057315436241,32.24276000000002,57.487857852349,69.70818120805369,82.51027845637581,86.87115134228186,87.41730583892618,100.0
00:06:48,162056,432149.0,3.0,197776,527402.0,286888,765034.0,431460,1150560.0,769296,2051456.0,980420,2614453.0,1354540,3612106.0,1861576,4964202.0,0.0,35.28440886666665,61.358381533333315,69.00706426666666,75.57187946666666,89.12580646666666,87.31441379999997,100.0
00:06:51,159612,425632.0,3.0,190256,507349.0,254176,677802.0,352124,938997.0,596524,1590730.0,853708,2276554.0,1058064,2821504.0,1597060,4258826.0,0.9266173333333336,26.946179333333326,57.62723093333334,72.29622006666669,87.9013888666667,87.91519913333335,92.40249886666668,100.0
00:06:54,160740,428640.0,3.0,196272,523392.0,269968,719914.0,420744,1121984.0,733576,1956202.0,972524,2593397.0,1206772,3218058.0,1753288,4675434.0,0.14207362416107383,29.761222281879206,59.36705080536913,74.59165395973154,88.56757946308723,88.60513885906038,94.79527456375837,100.0
00:06:57,208304,555477.0,3.0,274104,730944.0,314148,837728.0,372052,992138.0,553284,1475424.0,811972,2165258.0,967448,2579861.0,1496104,3989610.0,0.05030726666666666,31.997695799999985,59.76261553333334,74.62687786666662,86.25986940000003,88.85182020000003,90.42390679999997,100.0
00:07:00,166192,443178.0,3.0,198152,528405.0,275044,733450.0,396492,1057312.0,676988,1805301.0,932104,2485610.0,1212412,3233098.0,1762876,4701002.0,1.4033443333333333,27.082510533333327,52.438184066666686,68.99055826666668,81.95743793333338,88.75809233333328,86.95972906666665,100.0
00:07:03,183864,490304.0,3.0,213192,568512.0,296100,789600.0,419804,1119477.0,765912,2042432.0,1085888,2895701.0,1412444,3766517.0,2115564,5641504.0,1.1644841610738261,35.80776637583892,62.30804805369126,74.12466013422818,86.04063174496645,88.93731771812082,89.38719147651007,100.0
00:07:06,163560,436160.0,3.0,205484,547957.0,264516,705376.0,369608,985621.0,607240,1619306.0,838104,2234944.0,1077240,2872640.0,1572056,4192149.0,12.392303400000001,42.92309360000001,65.95655793333333,75.04222553333328,83.61315339999997,91.40331766666667,87.19744913333332,100.0
00:07:09,162808,434154.0,3.0,198528,529408.0,249100,664266.0,321856,858282.0,506284,1350090.0,786968,2098581.0,847692,2260512.0,1405300,3747466.0,1.6360318120805373,31.54707604026845,59.653274832214784,73.57139651006715,87.44611939597317,88.29140503355707,92.72442543624159,100.0
00:07:12,160928,429141.0,3.0,192324,512864.0,251168,669781.0,359644,959050.0,603856,1610282.0,888112,2368298.0,1055996,2815989.0,1662108,4432288.0,0.7977677999999997,34.36698233333335,60.56538666666665,73.36520233333336,87.8800456,87.12289599999997,92.7295642666667,100.0
00:07:15,172772,460725.0,3.0,202288,539434.0,267900,714400.0,374308,998154.0,664768,1772714.0,850888,2269034.0,1147176,3059136.0,1629396,4345056.0,4.4515628666666665,34.09541980000001,61.62267926666667,74.02391453333335,88.8760238,87.76499393333329,92.88181833333331,100.0
00:07:18,174464,465237.0,3.0,206424,550464.0,235752,628672.0,301176,803136.0,533356,1422282.0,787344,2099584.0,1019336,2718229.0,1554384,4145024.0,0.1893873154362416,29.30143583892617,53.295047986577195,65.48064530201347,73.8916493288591,87.97864899328863,83.52111744966446,100.0
00:07:21,153408,409088.0,3.0,190444,507850.0,289708,772554.0,404200,1077866.0,691652,1844405.0,947332,2526218.0,1249072,3330858.0,1793896,4783722.0,2.1854069333333337,32.79391673333337,54.10473199999999,66.46740306666662,82.78348940000001,91.63739186666666,89.87978613333333,100.0
00:07:24,159612,425632.0,3.0,200408,534421.0,303244,808650.0,438228,1168608.0,737712,1967232.0,1071412,2857098.0,1373904,3663744.0,2034160,5424426.0,0.06523693333333334,25.76577120000001,50.94766919999999,66.37168340000002,79.59909139999999,85.80185206666668,84.88643919999998,100.0
00:07:27,152092,405578.0,3.0,198904,530410.0,312644,833717.0,484476,1291936.0,867808,2314154.0,1132324,3019530.0,1514152,4037738.0,1962720,5233920.0,0.22515651006711407,10.585986375838925,29.943435973154383,46.14414201342282,61.956560067114104,73.27456288590608,71.99251503355704,100.0
00:07:30,174464,465237.0,3.0,197400,526400.0,306628,817674.0,446124,1189664.0,821936,2191829.0,1087204,2899210.0,1564348,4171594.0,2080972,5549258.0,0.16221693333333334,31.40810906666667,55.77809146666668,70.15263446666668,83.0430076,87.86402226666665,86.64830373333338,100.0
00:07:33,159236,424629.0,3.0,191384,510357.0,255304,680810.0,360208,960554.0,633560,1689493.0,873636,2329696.0,1181016,3149376.0,1702152,4539072.0,0.7145750666666667,19.669573599999996,42.0590496,57.25224006666667,72.62904419999995,84.41810780000002,79.20270673333334,100.0
00:07:36,164124,437664.0,3.0,194768,519381.0,280496,747989.0,418112,1114965.0,757828,2020874.0,1020088,2720234.0,1405488,3747968.0,1968924,5250464.0,1.6748146979865766,30.33847288590604,55.71945872483224,69.81085255033557,84.44515724832213,87.38438879194631,90.57617161073831,100.0
00:07:39,149272,398058.0,3.0,195708,521888.0,233120,621653.0,274104,730944.0,422624,1126997.0,601600,1604266.0,784900,2093066.0,1179700,3145866.0,15.353347066666668,39.94862173333333,58.833012666666676,69.06349379999999,83.36038693333332,86.68750900000002,88.531449,100.0
00:07:42,168448,449194.0,3.0,207176,552469.0,229548,612128.0,264140,704373.0,432212,1152565.0,630176,1680469.0,869124,2317664.0,1263172,3368458.0,4.951225866666668,35.83456926666663,63.12200300000003,74.81885733333334,85.96388866666666,88.9232336,88.92792586666665,100.0
00:07:45,158108,421621.0,3.0,201536,537429.0,286136,763029.0,407960,1087893.0,696916,1858442.0,911424,2430464.0,1214856,3239616.0,1703092,4541578.0,0.0,34.0810410738255,65.23628080536913,77.38538208053691,87.41955979865772,90.56519442953021,91.53980194630871,100.0
00:07:48,163748,436661.0,3.0,188376,502336.0,222028,592074.0,293468,782581.0,492184,1312490.0,681312,1816832.0,882284,2352757.0,1254336,3344896.0,0.15078906666666667,25.917231600000004,44.46496180000002,52.816963933333334,63.81423313333334,82.22880306666669,68.9958364,100.0
00:07:51,146264,390037.0,3.0,194016,517376.0,316780,844746.0,497824,1327530.0,976096,2602922.0,1067464,2846570.0,1918352,5115605.0,2185500,5828000.0,13.786039328859061,44.996358120805375,64.2127527516779,73.96959100671143,85.29549026845643,86.2253544295302,89.48221879194625,100.0
00:07:54,139872,372992.0,3.0,159988,426634.0,185180,493813.0,224472,598592.0,444996,1186656.0,586184,1563157.0,915372,2440992.0,1211096,3229589.0,3.7345882666666665,31.72241953333333,53.40567026666666,65.71619199999999,81.61584740000002,83.44504166666664,87.90811193333342,100.0
00:07:57,151340,403573.0,3.0,168448,449194.0,193076,514869.0,238760,636693.0,475828,1268874.0,613632,1636352.0,958236,2555296.0,1254336,3344896.0,1.4673060000000007,30.11644499999999,53.85707333333336,68.06290153333332,79.25141139999997,88.2356839333333,83.7319027333333,100.0
00:08:00,159424,425130.0,3.0,191196,509856.0,290460,774560.0,426760,1138026.0,748992,1997312.0,1046972,2791925.0,1425604,3801610.0,2044312,5451498.0,0.4009418120805369,28.90328550335571,55.479283758389265,69.48390194630873,82.50149906040267,88.82929825503355,86.27652006711406,100.0
00:08:03,159988,426634.0,3.0,214132,571018.0,324300,864800.0,475264,1267370.0,862356,2299616.0,1084384,2891690.0,1587472,4233258.0,2103344,5608917.0,2.714287599999999,24.443370733333328,42.9749988,52.143278933333335,66.11468073333332,82.08404926666668,70.83819346666665,100.0
00:08:06,142880,381013.0,3.0,171268,456714.0,301552,804138.0,476016,1269376.0,951092,2536245.0,1169172,3117792.0,1976820,5271520.0,2436292,6496778.0,2.912402933333332,21.35667373333335,39.67526793333333,50.2070060666667,65.31306966666666,80.82985566666667,70.2948362,100.0
00:08:09,128028,341408.0,3.0,155476,414602.0,217516,580042.0,331256,883349.0,642020,1712053.0,772116,2058976.0,1290244,3440650.0,1569988,4186634.0,0.0,27.308458053691268,55.506266711409395,70.71429489932888,86.27547691275164,86.98986711409397,93.64618986577183,100.0
00:08:12,142880,381013.0,3.0,174276,464736.0,196648,524394.0,262260,699360.0,516060,1376160.0,657624,1753664.0,1093784,2916757.0,1386500,3697333.0,0.011648533333333332,24.3214058,52.86297346666667,68.58294446666667,83.7338268666667,87.21595673333337,89.10852053333332,100.0
00:08:15,158672,423125.0,3.0,189880,506346.0,285384,761024.0,407960,1087893.0,725116,1933642.0,974968,2599914.0,1362248,3632661.0,1888648,5036394.0,0.0050088,30.655261666666664,57.74393426666661,72.5636636,83.6792136,90.05425106666668,87.3475793333333,100.0
00:08:18,163560,436160.0,3.0,203416,542442.0,309072,824192.0,435408,1161088.0,741848,1978261.0,1010876,2695669.0,1341004,3576010.0,1916284,5110090.0,0.17339543624161072,28.357981140939597,54.66572214765098,70.99460919463085,81.87075597315442,89.48208436241613,86.70086362416104,100.0
00:08:21,174840,466240.0,3.0,209244,557984.0,291588,777568.0,410404,1094410.0,723988,1930634.0,1049980,2799946.0,1327844,3540917.0,1988852,5303605.0,0.16796619999999998,22.30976886666668,49.75593273333335,67.97298260000002,81.76628219999998,89.91556839999998,87.06942393333325,100.0
00:08:24,156980,418613.0,3.0,199656,532416.0,329376,878336.0,482408,1286421.0,815732,2175285.0,1104500,2945333.0,1408872,3756992.0,2012540,5366773.0,1.7706690666666665,34.397043133333334,58.61986839999999,71.38979266666671,82.61154233333338,89.74339173333335,86.00527186666666,100.0
00:08:27,164124,437664.0,3.0,193076,514869.0,254552,678805.0,370736,988629.0,651796,1738122.0,943196,2515189.0,1146236,3056629.0,1764756,4706016.0,0.0,27.76178986577182,56.277768255033564,72.08723382550338,83.50484798657722,87.72150033557048,88.77378221476508,100.0
00:08:30,172584,460224.0,3.0,196460,523893.0,271660,724426.0,435032,1160085.0,774560,2065493.0,1065208,2840554.0,1324084,3530890.0,1936400,5163733.0,5.125430666666665,32.47113873333333,49.89217606666668,59.164662800000016,71.5246834,83.77998546666676,74.85234,100.0
00:08:33,179540,478773.0,3.0,225036,600096.0,288580,769546.0,410968,1095914.0,708384,1889024.0,878148,2341728.0,1405864,3748970.0,1758364,4688970.0,1.8478964666666673,27.42934433333335,45.882561533333316,52.02476199999999,63.76130146666667,81.94596560000004,68.26390453333333,100.0
00:08:36,163936,437162.0,3.0,199844,532917.0,260944,695850.0,369796,986122.0,680184,1813824.0,898264,2395370.0,1353036,3608096.0,1777540,4740106.0,0.8843345637583893,24.713124496644287,45.72746335570471,57.35047214765099,69.3452569798658,84.60369489932889,73.14548637583894,100.0
00:08:39,156040,416106.0,3.0,194392,518378.0,299108,797621.0,450636,1201696.0,831524,2217397.0,978164,2608437.0,1608904,4290410.0,1927000,5138666.0,3.2214073999999995,29.726041733333325,46.271690000000014,54.625834600000005,68.42632766666665,80.95663986666672,72.14376506666665,100.0
00:08:42,164124,437664.0,3.0,187436,499829.0,252296,672789.0,374872,999658.0,691088,1842901.0,848820,2263520.0,1333484,3555957.0,1667184,4445824.0,0.04884624161073826,33.95988664429532,61.95871469798659,75.5373081879195,84.18246375838932,89.83710953020129,87.7202543624161,100.0
00:08:45,151152,403072.0,3.0,193264,515370.0,278240,741973.0,400064,1066837.0,663076,1768202.0,908040,2421440.0,1103748,2943328.0,1627516,4340042.0,1.8486515333333329,28.434777533333346,53.82308693333336,67.99917133333338,81.877345,88.56083186666666,87.95143273333332,100.0
00:08:48,184240,491306.0,3.0,228796,610122.0,303996,810656.0,410968,1095914.0,733388,1955701.0,1020088,2720234.0,1286108,3429621.0,1691436,4510496.0,0.04444986666666667,30.582564,62.04464093333332,74.64078093333337,88.87914753333337,91.6251462,89.25359793333338,100.0
00:08:51,159988,426634.0,3.0,197400,526400.0,260380,694346.0,355884,949024.0,568136,1515029.0,850700,2268533.0,940564,2508170.0,1504752,4012672.0,1.1514547651006712,24.308079261744968,52.96964281879195,67.36625879194628,82.2213720805369,87.36485986577179,87.53540671140942,100.0
00:08:54,164124,437664.0,3.0,191760,511360.0,272224,725930.0,429016,1144042.0,819116,2184309.0,1068216,2848576.0,1360932,3629152.0,2033408,5422421.0,0.22023426666666665,36.096933733333316,62.97177699999999,74.60948026666662,86.17632113333336,89.94403853333333,90.53772846666665,100.0
00:08:57,200784,535424.0,3.0,257936,687829.0,314336,838229.0,393860,1050293.0,681500,1817333.0,996776,2658069.0,1249072,3330858.0,1917788,5114101.0,2.820461133333333,26.565793999999997,52.49140560000001,66.37752986666663,81.50200080000005,86.95194626666667,87.61646433333328,100.0
00:09:00,171644,457717.0,3.0,223344,595584.0,280496,747989.0,388596,1036256.0,664016,1770709.0,932292,2486112.0,1234596,3292256.0,1794648,4785728.0,0.6215548322147649,20.605889530201345,48.25728986577182,63.7131998657718,80.71272530201341,83.16313939597312,92.21131932885903,100.0
00:09:03,177284,472757.0,3.0,206236,549962.0,251168,669781.0,333324,888864.0,647284,1726090.0,836976,2231936.0,1224256,3264682.0,1609844,4292917.0,3.057917066666666,39.5740350666667,64.45978306666666,75.84791673333335,87.78680226666665,87.71457806666669,96.32959573333338,100.0
00:09:06,181044,482784.0,3.0,238760,636693.0,273352,728938.0,328248,875328.0,494816,1319509.0,738088,1968234.0,880216,2347242.0,1391576,3710869.0,4.907238866666667,41.03419986666666,66.9653778,77.92253106666664,89.14525393333332,89.52048913333337,91.83279853333332,100.0
00:09:09,157168,419114.0,3.0,193264,515370.0,243084,648224.0,303620,809653.0,479964,1279904.0,645216,1720576.0,820244,2187317.0,1186844,3164917.0,8.159067919463082,45.83485885906042,69.66698033557047,80.41975973154366,89.23869067114096,90.8906790604027,92.3572074496644,100.0
00:09:12,152844,407584.0,3.0,176532,470752.0,206236,549962.0,237256,632682.0,365284,974090.0,552532,1473418.0,634688,1692501.0,1019524,2718730.0,0.0,28.369891866666663,56.239528666666665,71.36143120000001,86.45798466666665,86.63853939999998,94.84687386666666,100.0
00:09:15,177472,473258.0,3.0,239136,637696.0,303808,810154.0,382016,1018709.0,628296,1675456.0,832464,2219904.0,1138152,3035072.0,1586532,4230752.0,3.1535260000000007,33.850756999999994,58.08749933333334,70.39059853333332,83.16338019999998,88.49887599999994,86.91988240000005,100.0
00:09:18,180856,482282.0,3.0,218832,583552.0,268276,715402.0,351936,938496.0,590320,1574186.0,844872,2252992.0,1050732,2801952.0,1543480,4115946.0,1.5023516778523491,22.78218624161074,54.928579261744986,71.76633348993289,77.71357644295306,88.49969476510068,81.28539275167786,100.0
00:09:21,160928,429141.0,3.0,191384,510357.0,264140,704373.0,377880,1007680.0,639952,1706538.0,900332,2400885.0,1043964,2783904.0,1607964,4287904.0,2.654910133333333,35.23432273333334,61.95943633333329,74.46347706666667,85.5243696666667,88.49360379999999,91.0367257333333,100.0
00:09:24,178788,476768.0,3.0,232368,619648.0,291212,776565.0,379572,1012192.0,612880,1634346.0,868560,2316160.0,1158832,3090218.0,1698580,4529546.0,0.007129060402684564,20.236613825503355,45.835571275167815,60.51648389261744,78.01273597315439,83.71323181208052,85.01363825503356,100.0
00:09:27,166756,444682.0,3.0,186872,498325.0,250980,669280.0,381452,1017205.0,719852,1919605.0,1018208,2715221.0,1406240,3749973.0,2063300,5502133.0,0.24100100000000002,35.782585933333344,62.17951820000001,73.95207233333336,85.53258300000002,89.26886766666665,88.70966186666664,100.0
00:09:30,162432,433152.0,3.0,207364,552970.0,271284,723424.0,379760,1012693.0,636756,1698016.0,864988,2306634.0,1128000,3008000.0,1613980,4303946.0,0.2440721333333334,32.567845066666685,59.0458112,73.19003419999999,87.41125499999995,87.82308646666667,92.77720353333335,100.0
00:09:33,196084,522890.0,3.0,221276,590069.0,306816,818176.0,438040,1168106.0,795052,2120138.0,1036444,2763850.0,1404172,3744458.0,1965728,5241941.0,0.39761067114093956,29.046797248322147,56.031267718120795,71.04054073825505,83.48323463087247,89.90296879194632,87.35959463087246,100.0
00:09:36,173336,462229.0,3.0,210372,560992.0,275232,733952.0,381264,1016704.0,677552,1806805.0,951468,2537248.0,1173872,3130325.0,1786752,4764672.0,0.056912399999999995,29.3273752,57.44829219999998,73.1044923333333,85.07526793333334,90.51981600000003,88.1978678,100.0
00:09:39,161304,430144.0,3.0,199468,531914.0,281812,751498.0,413788,1103434.0,718536,1916096.0,960680,2561813.0,1262984,3367957.0,1810064,4826837.0,0.05666393333333333,32.24034006666664,60.94200226666666,73.77485726666666,86.53501586666665,89.91390386666671,90.72576100000003,100.0
00:09:42,159424,425130.0,3.0,194768,519381.0,265456,707882.0,372616,993642.0,657436,1753162.0,950904,2535744.0,1185528,3161408.0,1798596,4796256.0,0.03517758389261745,35.97239805369127,63.705157785234896,74.5478440939597,86.52679865771809,89.15074973154364,92.03048355704694,100.0
00:09:45,165816,442176.0,3.0,203040,541440.0,296664,791104.0,430896,1149056.0,739404,1971744.0,1030616,2748309.0,1348900,3597066.0,1942604,5180277.0,0.0,25.01348046666667,53.46145193333334,71.32907399999998,85.4674419333333,89.2284497333333,90.32766693333332,100.0
00:09:48,161868,431648.0,3.0,200220,533920.0,325240,867306.0,477708,1273888.0,811408,2163754.0,1112584,2966890.0,1396652,3724405.0,2006148,5349728.0,0.007625666666666667,29.078915066666674,56.46938800000001,72.01430953333336,84.64101373333335,89.30121573333332,88.87903613333333,100.0
00:09:51,175404,467744.0,3.0,210560,561493.0,295912,789098.0,411156,1096416.0,719664,1919104.0,1048852,2796938.0,1290244,3440650.0,1957832,5220885.0,0.0,26.09553986577182,54.12176503355704,72.15394865771809,85.6011683221477,89.3012055704698,89.84777818791945,100.0
00:09:54,164312,438165.0,3.0,214132,571018.0,315652,841738.0,474136,1264362.0,767416,2046442.0,1068216,2848576.0,1273324,3395530.0,1945236,5187296.0,2.221110466666667,37.98877113333331,63.56253313333331,75.32313986666665,87.54244853333336,87.53369853333331,90.3421292,100.0
00:09:57,164312,438165.0,3.0,198904,530410.0,244964,653237.0,325616,868309.0,575092,1533578.0,856904,2285077.0,1100552,2934805.0,1649136,4397696.0,1.7640816000000004,35.86642213333332,61.10753699999995,72.41554626666664,84.24165706666672,88.7281680666667,88.40585693333333,100.0
00:10:00,169012,450698.0,3.0,201348,536928.0,292716,780576.0,437852,1167605.0,764220,2037920.0,1014448,2705194.0,1356984,3618624.0,1925496,5134656.0,0.0655465100671141,35.045643758389275,62.61539181208054,75.29488302013424,86.32658046979866,89.5165341610738,89.35664208053696,100.0
00:10:03,172772,460725.0,3.0,222028,592074.0,327872,874325.0,476768,1271381.0,821560,2190826.0,1040580,2774880.0,1431244,3816650.0,1974188,5264501.0,0.2896388666666667,33.38055059999999,61.687084200000015,74.35157706666665,86.38505799999997,90.51545946666664,89.23118099999998,100.0
00:10:06,162432,433152.0,3.0,199468,531914.0,277676,740469.0,387656,1033749.0,648976,1730602.0,942632,2513685.0,1139844,3039584.0,1750280,4667413.0,1.5704339999999994,38.87862319999999,66.79035259999996,78.00492146666667,90.12123319999995,89.79212746666668,92.67144773333335,100.0
00:10:09,171268,456714.0,3.0,204168,544448.0,253424,675797.0,330504,881344.0,560804,1495477.0,800880,2135680.0,1028736,2743296.0,1519980,4053280.0,0.02039711409395973,31.6164877181208,59.93150429530201,73.77718731543624,87.98251785234896,88.87292389261745,92.07319409395971,100.0
00:10:12,177284,472757.0,3.0,222780,594080.0,301928,805141.0,432024,1152064.0,748240,1995306.0,1012756,2700682.0,1358300,3622133.0,1907448,5086528.0,0.0096454,28.047340600000013,57.01501253333332,72.26405133333328,85.5021401333333,89.7714526,90.2795254666667,100.0
00:10:15,167884,447690.0,3.0,217516,580042.0,323924,863797.0,463420,1235786.0,771740,2057973.0,1087204,2899210.0,1382552,3686805.0,1994304,5318144.0,1.6838722147651006,33.74827899328859,60.438648926174466,72.83397624161073,85.29844677852351,89.8194496644295,88.66440053691274,100.0
00:10:18,161868,431648.0,3.0,204732,545952.0,297604,793610.0,392356,1046282.0,715904,1909077.0,1003732,2676618.0,1295696,3455189.0,1904064,5077504.0,0.27120453333333333,38.257087266666666,67.18423086666667,78.50718713333336,87.7522532,91.21675780000004,90.62633626666663,100.0
00:10:21,164124,437664.0,3.0,206236,549962.0,290836,775562.0,400816,1068842.0,664956,1773216.0,958048,2554794.0,1197372,3192992.0,1774908,4733088.0,0.04846766666666666,36.05312646666667,65.93213086666668,76.28347079999999,86.81217413333337,91.02424500000002,89.36706233333331,100.0
00:10:24,167508,446688.0,3.0,206988,551968.0,302492,806645.0,426948,1138528.0,687516,1833376.0,982112,2618965.0,1186656,3164416.0,1812320,4832853.0,0.5434378523489933,31.790257046979853,58.381079530201326,72.78044731543623,84.77064120805372,89.58047798657718,88.14624711409394,100.0
00:10:27,165064,440170.0,3.0,199656,532416.0,263952,703872.0,380888,1015701.0,633560,1689493.0,928156,2475082.0,1161276,3096736.0,1767200,4712533.0,3.0897757333333327,37.09912433333333,63.93431573333333,75.97705559999997,87.25781459999999,88.76787833333336,90.67673446666664,100.0
00:10:30,185556,494816.0,3.0,222592,593578.0,269028,717408.0,354756,946016.0,601600,1604266.0,853144,2275050.0,1070096,2853589.0,1589164,4237770.0,0.41957140000000004,34.816484466666644,61.988298266666646,74.68284193333332,86.91089713333328,89.7744288,90.09547573333336,100.0
00:10:33,169200,451200.0,3.0,223908,597088.0,356260,950026.0,526400,1403733.0,887736,2367296.0,1240236,3307296.0,1553444,4142517.0,2322364,6192970.0,0.37224060402684567,28.55854174496643,56.997076308724836,72.9835444295302,87.83094221476506,91.13999134228186,92.21240469798661,100.0
00:10:36,180292,480778.0,3.0,233308,622154.0,288580,769546.0,389160,1037760.0,686200,1829866.0,914808,2439488.0,1189476,3171936.0,1681096,4482922.0,0.0,24.563776066666662,53.95634726666665,67.81532133333336,84.06247419999998,87.69805873333334,90.68771426666667,100.0
00:10:39,211688,564501.0,3.0,286888,765034.0,425444,1134517.0,534296,1424789.0,793360,2115626.0,1027044,2738784.0,1352848,3607594.0,1854808,4946154.0,0.0,5.114172666666666,24.04228006666666,36.788928000000006,50.39526413333333,76.604444,61.20932966666668,100.0
00:10:42,184992,493312.0,3.0,264140,704373.0,476204,1269877.0,712896,1901056.0,1209216,3224576.0,1339500,3572000.0,2067248,5512661.0,2380268,6347381.0,0.0,6.300267852348993,23.111940872483228,36.196325838926164,48.66886483221478,75.95059677852345,59.66672610738254,100.0
00:10:45,199468,531914.0,3.0,272224,725930.0,478836,1276896.0,689020,1837386.0,1130256,3014016.0,1318068,3514848.0,1976820,5271520.0,2334584,6225557.0,0.0,5.019427400000001,22.73577860000001,35.9151548,48.733733000000015,74.88342733333333,59.974707200000026,100.0
00:10:48,191760,511360.0,3.0,249476,665269.0,434844,1159584.0,642396,1713056.0,1113336,2968896.0,1267496,3379989.0,1928880,5143680.0,2241900,5978400.0,0.0,5.259349200000002,23.81032766666666,36.66980966666666,49.044138466666666,75.96397220000001,59.7846498,100.0
00:10:51,182736,487296.0,3.0,238196,635189.0,406456,1083882.0,611188,1629834.0,1052988,2807968.0,1310736,3495296.0,1854808,4946154.0,2305632,6148352.0,0.0,4.443377114093961,18.892173624161074,35.59520208053693,45.833351006711396,73.52930932885907,57.680207114093974,100.0
00:10:52.600000,134608,673040.0,1.6,162056,810280.0,247596,1237980.0,385400,1927000.0,642772,3213860.0,751248,3803787.0,1089836,5449180.0,1307352,6619503.0,0.0,8.162085,21.864684999999998,43.13682,65.06646,77.79879166666667,74.28666500000001,100.0
