delta_t_s,256x144x25_size_byte,256x144x25_bitrate,seg_len_s,426x240x25_size_byte,426x240x25_bitrate,640x360x25_size_byte,640x360x25_bitrate,854x480x25_size_byte,854x480x25_bitrate,1280x720x25_size_byte,1280x720x25_bitrate,1920x1080x25_size_byte,1920x1080x25_bitrate,256x144x25_vmaf_score,426x240x25_vmaf_score,640x360x25_vmaf_score,854x480x25_vmaf_score,1280x720x25_vmaf_score,1920x1080x25_vmaf_score
00:00:03,150776,402069.0,3.0,196272,523392.0,337084,898890.0,530724,1415264.0,1045844,2788917.0,2196592,5857578.0,20.4848648,45.40612813333332,65.32547013333335,82.56110093333332,93.66381253333331,100.0
00:00:06,151340,403573.0,3.0,179728,479274.0,241956,645216.0,355508,948021.0,648788,1730101.0,1250200,3333866.0,6.739389733333335,44.969225066666674,68.78794000000002,81.87679306666669,90.88747786666664,100.0
00:00:09,161116,429642.0,3.0,190820,508853.0,304560,812160.0,461728,1231274.0,880592,2348245.0,1751596,4670922.0,1.1685227999999996,27.612557999999996,48.415790399999985,64.93510213333333,82.8410952,100.0
00:00:12,158672,423125.0,3.0,193828,516874.0,302868,807648.0,461916,1231776.0,826260,2203360.0,1578260,4208693.0,0.06315533333333333,23.407615599999996,52.35125946666669,69.36475559999995,82.32891040000003,100.0
00:00:15,197400,526400.0,3.0,229172,611125.0,339716,905909.0,465864,1242304.0,822688,2193834.0,1495540,3988106.0,1.0646012000000002,32.816474400000004,57.55896626666669,75.37682693333333,88.8789268,100.0
00:00:18,168072,448192.0,3.0,195896,522389.0,239888,639701.0,327308,872821.0,602916,1607776.0,1193988,3183968.0,1.460898,39.032254266666676,65.01703546666667,76.88245253333335,86.93364306666669,100.0
00:00:21,168260,448693.0,3.0,204544,545450.0,250416,667776.0,326180,869813.0,549336,1464896.0,1014636,2705696.0,5.468294933333334,39.03029173333333,66.19176493333332,77.77336493333333,88.6606424,100.0
00:00:24,181232,483285.0,3.0,218832,583552.0,294408,785088.0,397620,1060320.0,683192,1821845.0,1275204,3400544.0,11.247847066666667,42.674400799999994,65.80355573333331,80.02963120000001,90.09449026666665,100.0
00:00:27,163748,436661.0,3.0,195708,521888.0,280496,747989.0,406080,1082880.0,731696,1951189.0,1391012,3709365.0,6.356592266666665,39.93744026666667,64.77493799999998,78.40235226666663,87.92708239999999,100.0
00:00:30,152468,406581.0,3.0,187436,499829.0,244024,650730.0,340656,908416.0,594268,1584714.0,1128940,3010506.0,3.5001690666666674,38.05531586666666,62.50055986666668,75.07277373333335,85.41222160000001,100.0
00:00:33,152280,406080.0,3.0,194016,517376.0,255868,682314.0,371112,989632.0,628860,1676960.0,1153944,3077184.0,0.019079054054054054,30.523709459459447,59.477454864864875,74.10758635135139,86.00550621621622,100.0
00:00:36,190068,506848.0,3.0,216952,578538.0,253800,676800.0,316028,842741.0,528092,1408245.0,959928,2559808.0,0.0,26.947610533333332,55.49168506666669,72.22262479999998,85.55050840000003,100.0
00:00:39,174464,465237.0,3.0,213568,569514.0,282940,754506.0,402132,1072352.0,681876,1818336.0,1178196,3141856.0,0.014298133333333332,30.092309466666674,57.55030360000001,74.49844373333333,88.17308320000001,100.0
00:00:42,207740,553973.0,3.0,263200,701866.0,342536,913429.0,453644,1209717.0,652172,1739125.0,1174248,3131328.0,0.0,29.611368400000003,59.04238493333333,75.27294053333333,88.3011756,100.0
00:00:45,161680,431146.0,3.0,197588,526901.0,272224,725930.0,388032,1034752.0,692404,1846410.0,1244560,3318826.0,0.0,31.87479733333334,61.104523999999984,75.42030853333334,86.80816599999997,100.0
00:00:48,175968,469248.0,3.0,214320,571520.0,265080,706880.0,316404,843744.0,533544,1422784.0,966508,2577354.0,0.1474292,34.54800506666666,61.88426706666669,76.39092600000002,87.37881666666667,100.0
00:00:51,179728,479274.0,3.0,218080,581546.0,270532,721418.0,346860,924960.0,571144,1523050.0,971396,2590389.0,7.072744864864864,43.53328351351353,67.77188675675679,80.72767918918919,91.91354189189188,100.0
00:00:54,179164,477770.0,3.0,215636,575029.0,308132,821685.0,410216,1093909.0,709700,1892533.0,1364692,3639178.0,3.1038046666666674,42.85766626666665,69.79219919999998,81.93880093333333,90.45891906666665,100.0
00:00:57,162244,432650.0,3.0,202476,539936.0,260568,694848.0,338588,902901.0,568512,1516032.0,997340,2659573.0,1.2430289333333333,39.94415173333333,65.69350173333332,76.9212816,86.54527386666672,100.0
00:01:00,203040,541440.0,3.0,255680,681813.0,296100,789600.0,333324,888864.0,482220,1285920.0,898452,2395872.0,3.6174356,38.82606266666666,63.98206306666665,76.03377706666664,86.88676920000003,100.0
00:01:03,199656,532416.0,3.0,236880,631680.0,289520,772053.0,377692,1007178.0,640328,1707541.0,1206208,3216554.0,5.656518666666668,37.7722,63.47004106666668,75.4238934666667,85.40106946666667,100.0
00:01:06,151716,404576.0,3.0,190632,508352.0,246280,656746.0,341596,910922.0,601600,1604266.0,1096228,2923274.0,4.233135540540539,37.115069054054054,62.46116162162161,74.52653283783786,85.11240229729728,100.0
00:01:09,176532,470752.0,3.0,200784,535424.0,235752,628672.0,293280,782080.0,499892,1333045.0,932104,2485610.0,0.7224398666666665,33.43401106666668,62.43998666666666,76.40121119999999,86.28601306666667,100.0
00:01:12,161304,430144.0,3.0,196460,523893.0,255304,680810.0,355696,948522.0,586936,1565162.0,1024976,2733269.0,0.18628013333333332,31.61801106666667,60.51288346666666,75.61382093333333,86.57760853333335,100.0
00:01:15,177472,473258.0,3.0,205484,547957.0,266208,709888.0,367916,981109.0,615324,1640864.0,1136272,3030058.0,0.4924914666666666,31.246011999999997,56.66527493333332,74.84832186666664,88.2386928,100.0
00:01:18,158672,423125.0,3.0,198904,530410.0,310200,827200.0,460224,1227264.0,785276,2094069.0,1405676,3748469.0,2.913436266666667,33.292278,57.73774226666667,75.84448800000001,88.4773462666667,100.0
00:01:21,159236,424629.0,3.0,194956,519882.0,306252,816672.0,455336,1214229.0,797308,2126154.0,1440644,3841717.0,7.402751333333333,39.07259866666666,65.18412560000002,81.17091693333332,90.26062853333336,100.0
00:01:24,160364,427637.0,3.0,194392,518378.0,283128,755008.0,401568,1070848.0,709136,1891029.0,1337808,3567488.0,6.4313436486486495,39.47872256756757,64.41781445945946,78.56536729729734,89.15335837837836,100.0
00:01:27,159612,425632.0,3.0,191760,511360.0,247220,659253.0,364908,973088.0,645216,1720576.0,1238732,3303285.0,2.569554533333333,37.15877279999999,63.37410386666664,76.56664106666668,87.03227053333332,100.0
00:01:30,179728,479274.0,3.0,203980,543946.0,266020,709386.0,366788,978101.0,635440,1694506.0,1135896,3029056.0,7.0227808000000005,42.597476266666675,66.09186466666667,77.43393746666669,87.43967386666667,100.0
00:01:33,163560,436160.0,3.0,191760,511360.0,251920,671786.0,352876,941002.0,623596,1662922.0,1165412,3107765.0,0.0,33.27734786666667,62.61276253333333,76.76904746666668,87.6511625333333,100.0
00:01:36,181232,483285.0,3.0,224096,597589.0,299484,798624.0,400440,1067840.0,674544,1798784.0,1218616,3249642.0,10.755920933333332,41.28654626666666,66.11844893333333,80.07718186666669,89.81755119999997,100.0
00:01:39,170516,454709.0,3.0,206048,549461.0,305876,815669.0,455712,1215232.0,779072,2077525.0,1406052,3749472.0,16.1708936,47.50106186666666,69.18405720000005,83.654998,93.2971722666667,100.0
00:01:42,154724,412597.0,3.0,203228,541941.0,339152,904405.0,508540,1356106.0,920824,2455530.0,1784120,4757653.0,1.6819383783783783,33.4555558108108,60.15900513513511,76.47283499999998,86.37506027027025,100.0
00:01:45,173148,461728.0,3.0,206424,550464.0,270720,721920.0,350244,933984.0,606112,1616298.0,1105816,2948842.0,0.0,19.83632013333333,47.33161986666665,66.39752973333334,83.36084119999997,100.0
00:01:48,169576,452202.0,3.0,213380,569013.0,318848,850261.0,481092,1282912.0,789224,2104597.0,1338372,3568992.0,11.609543333333331,36.44623626666666,58.44522373333334,72.92017493333337,86.48951360000002,100.0
00:01:51,159800,426133.0,3.0,198528,529408.0,312832,834218.0,470564,1254837.0,813288,2168768.0,1504752,4012672.0,6.3658676000000005,28.745331599999997,53.09807866666669,67.70641413333334,80.8712217333333,100.0
00:01:54,171080,456213.0,3.0,196460,523893.0,223156,595082.0,300612,801632.0,548772,1463392.0,1057124,2818997.0,4.912256,26.0913728,53.76731986666667,72.96518386666669,85.33970026666667,100.0
00:01:57,173712,463232.0,3.0,212440,566506.0,322420,859786.0,499328,1331541.0,850700,2268533.0,1526184,4069824.0,1.5124483783783786,34.39278351351351,55.19930135135136,74.45891594594595,87.10427081081082,100.0
00:02:00,171080,456213.0,3.0,211876,565002.0,271660,724426.0,375812,1002165.0,658940,1757173.0,1214104,3237610.0,0.16915946666666667,33.907149600000004,60.39825519999999,74.79919106666671,86.12205253333335,100.0
00:02:03,179540,478773.0,3.0,213380,569013.0,260380,694346.0,347988,927968.0,582988,1554634.0,1048852,2796938.0,0.32143813333333343,36.849043066666674,62.582794133333316,76.59787360000001,86.41897439999995,100.0
00:02:06,158108,421621.0,3.0,193076,514869.0,251544,670784.0,357200,952533.0,603480,1609280.0,1025540,2734773.0,0.6484048,39.746843466666675,67.4071205333333,79.27482373333329,89.37808533333333,100.0
00:02:09,177096,472256.0,3.0,202100,538933.0,250980,669280.0,330316,880842.0,535048,1426794.0,995648,2655061.0,19.917412533333337,46.37422186666668,66.01471053333333,77.56420453333337,87.65052840000001,100.0
00:02:12,157168,419114.0,3.0,197776,527402.0,292340,779573.0,426948,1138528.0,737148,1965728.0,1404924,3746464.0,6.942518133333334,39.66396773333334,66.11970306666667,77.99072173333334,87.39321813333329,100.0
00:02:15,168072,448192.0,3.0,201912,538432.0,257936,687829.0,355132,947018.0,602164,1605770.0,1054304,2811477.0,5.557897297297296,38.923352702702715,66.30040851351355,78.51781459459464,88.48366864864863,100.0
00:02:18,166004,442677.0,3.0,193076,514869.0,246092,656245.0,350620,934986.0,629800,1679466.0,1184400,3158400.0,3.790898133333334,38.20784946666665,64.35085773333333,78.95383560000002,90.50853373333338,100.0
00:02:21,162620,433653.0,3.0,205108,546954.0,316592,844245.0,458344,1222250.0,786592,2097578.0,1425980,3802613.0,4.903379733333332,36.24854053333334,59.36365400000001,78.96814186666666,90.37521826666666,100.0
00:02:24,157544,420117.0,3.0,191196,509856.0,299484,798624.0,455148,1213728.0,831336,2216896.0,1614732,4305952.0,0.0,25.666387333333333,56.29970013333337,75.49795453333333,87.7565118666667,100.0
00:02:27,163184,435157.0,3.0,201912,538432.0,327872,874325.0,502712,1340565.0,849572,2265525.0,1525244,4067317.0,0.029594266666666667,26.755875333333346,55.402822666666665,67.18810426666664,86.4119926666667,100.0
00:02:30,160364,427637.0,3.0,200408,534421.0,305688,815168.0,469436,1251829.0,778508,2076021.0,1414136,3771029.0,4.049358666666666,32.255205333333336,55.79944306666668,73.5848870666667,86.23918839999999,100.0
00:02:33,166944,445184.0,3.0,199656,532416.0,278616,742976.0,413600,1102933.0,720416,1921109.0,1302276,3472736.0,4.651977567567568,30.597454324324318,55.22061743243241,73.88261121621622,86.45276689189188,100.0
00:02:36,165628,441674.0,3.0,197776,527402.0,275608,734954.0,413788,1103434.0,738276,1968736.0,1341192,3576512.0,0.0,21.79344706666668,48.29684240000001,67.343882,83.14373626666666,100.0
00:02:39,170704,455210.0,3.0,209996,559989.0,326556,870816.0,498012,1328032.0,837540,2233440.0,1395148,3720394.0,0.0042055999999999994,21.447022666666673,48.77729093333334,69.55394453333335,83.13028039999999,100.0
00:02:42,162244,432650.0,3.0,214320,571520.0,369984,986624.0,554224,1477930.0,903716,2409909.0,1539344,4104917.0,1.9408950666666662,25.594279733333334,51.04414226666666,69.55415506666668,84.70524986666669,100.0
00:02:45,161868,431648.0,3.0,203040,541440.0,294220,784586.0,445184,1187157.0,761776,2031402.0,1349088,3597568.0,4.789661866666668,38.182690666666666,64.43784173333334,78.5685964,89.10276253333335,100.0
00:02:48,148520,396053.0,3.0,177284,472757.0,248724,663264.0,362276,966069.0,660256,1760682.0,1247756,3327349.0,3.705992666666666,39.16777586666667,64.4861833333333,78.04204666666665,88.29011253333333,100.0
00:02:51,159236,424629.0,3.0,180104,480277.0,236316,630176.0,332008,885354.0,594832,1586218.0,1139656,3039082.0,0.08389932432432433,30.1427645945946,56.33647756756758,72.82250067567567,85.58145716216218,100.0
00:02:54,193640,516373.0,3.0,229172,611125.0,293656,783082.0,383520,1022720.0,667964,1781237.0,1197936,3194496.0,0.0,21.415673866666673,50.124602799999984,69.26360679999999,84.18802600000004,100.0
00:02:57,164876,439669.0,3.0,205296,547456.0,326368,870314.0,501020,1336053.0,869312,2318165.0,1528440,4075840.0,0.0,21.764561466666674,45.864752666666675,65.34764213333334,81.72228799999998,100.0
00:03:00,175404,467744.0,3.0,215824,575530.0,308320,822186.0,475264,1267370.0,785840,2095573.0,1342696,3580522.0,0.004489866666666667,21.078310800000004,44.65267000000001,64.61698333333334,80.47329186666664,100.0
00:03:03,166380,443680.0,3.0,207364,552970.0,314336,838229.0,481844,1284917.0,820056,2186816.0,1427672,3807125.0,2.7848044,30.660602666666673,57.870493600000025,74.72203959999999,87.74340106666665,100.0
00:03:06,164876,439669.0,3.0,206612,550965.0,317344,846250.0,470564,1254837.0,823816,2196842.0,1419024,3784064.0,12.968627297297298,41.94306594594595,62.69388243243245,81.14797851351351,94.06965716216217,100.0
00:03:09,157356,419616.0,3.0,186496,497322.0,299860,799626.0,455524,1214730.0,849384,2265024.0,1673952,4463872.0,0.024867466666666668,28.467829733333335,55.054536000000006,73.45953106666667,84.78357386666666,100.0
00:03:12,168072,448192.0,3.0,204168,544448.0,271284,723424.0,401380,1070346.0,686952,1831872.0,1205832,3215552.0,0.0027525333333333333,27.84054280000001,53.25240066666668,74.41758613333333,85.80191119999996,100.0
00:03:15,167884,447690.0,3.0,202100,538933.0,283504,756010.0,418112,1114965.0,703120,1874986.0,1254336,3344896.0,0.041441200000000004,20.280208000000005,52.80946093333334,71.88413586666668,85.55079706666666,100.0
00:03:18,159988,426634.0,3.0,194204,517877.0,277300,739466.0,419804,1119477.0,720040,1920106.0,1278212,3408565.0,0.0,24.193824133333326,53.58745826666667,73.3424204,86.92626866666667,100.0
00:03:21,156228,416608.0,3.0,199844,532917.0,287076,765536.0,433716,1156576.0,726620,1937653.0,1249448,3331861.0,0.0,26.500190000000007,55.601695066666665,71.94984400000001,84.54985693333334,100.0
00:03:24,152280,406080.0,3.0,189316,504842.0,263012,701365.0,389724,1039264.0,665332,1774218.0,1166728,3111274.0,11.465861081081078,38.95122310810812,60.98618472972974,72.72080202702705,83.0042775675676,100.0
00:03:27,152656,407082.0,3.0,178036,474762.0,203228,541941.0,266584,710890.0,495192,1320512.0,1007868,2687648.0,0.7300336,37.29766226666668,62.49535453333331,74.50848866666668,85.0309892,100.0
00:03:30,185932,495818.0,3.0,226352,603605.0,271848,724928.0,329564,878837.0,559488,1491968.0,1009184,2691157.0,0.04243999999999999,26.302553200000002,53.38975399999998,71.58474946666665,84.52526039999996,100.0
00:03:33,179728,479274.0,3.0,212252,566005.0,281624,750997.0,400064,1066837.0,692216,1845909.0,1224820,3266186.0,5.885264933333333,36.88502479999999,58.331740666666676,72.03117759999999,83.95858146666664,100.0
00:03:36,181232,483285.0,3.0,218080,581546.0,263200,701866.0,344604,918944.0,608180,1621813.0,1116908,2978421.0,2.851606133333333,41.630553200000016,67.04602453333332,78.67013546666666,88.96924720000004,100.0
00:03:39,169952,453205.0,3.0,208116,554976.0,293280,782080.0,425820,1135520.0,701804,1871477.0,1231588,3284234.0,0.0277552,35.70731653333334,61.742477866666704,74.548134,85.04326733333335,100.0
00:03:42,203228,541941.0,3.0,247596,660256.0,294220,784586.0,360020,960053.0,586184,1563157.0,1047536,2793429.0,2.9570621621621616,30.465101621621628,60.301128243243255,76.44673013513516,88.95511851351347,100.0
00:03:45,163748,436661.0,3.0,211500,564000.0,360396,961056.0,522076,1392202.0,882284,2352757.0,1637104,4365610.0,9.155912533333337,38.42001240000001,62.5340172,78.69003333333335,91.67194693333333,100.0
00:03:48,159048,424128.0,3.0,178600,476266.0,288956,770549.0,443304,1182144.0,835848,2228928.0,1677524,4473397.0,0.028193600000000003,22.2327568,49.02795466666667,69.42768373333331,84.92421506666666,100.0
00:03:51,167132,445685.0,3.0,202476,539936.0,307756,820682.0,468496,1249322.0,800504,2134677.0,1397968,3727914.0,4.867967200000002,27.538737466666674,52.76380933333335,71.76414320000002,85.79501493333336,100.0
00:03:54,164500,438666.0,3.0,217328,579541.0,359268,958048.0,532604,1420277.0,879088,2344234.0,1584276,4224736.0,6.958079333333333,43.10469106666667,65.20342866666665,77.57715813333336,87.4110013333333,100.0
00:03:57,146452,390538.0,3.0,179728,479274.0,235940,629173.0,343100,914933.0,618896,1650389.0,1176692,3137845.0,0.8879216216216216,36.03340189189189,61.22090283783781,75.7986109459459,85.83719959459461,100.0
00:04:00,171268,456714.0,3.0,207176,552469.0,291964,778570.0,417360,1112960.0,699548,1865461.0,1272384,3393024.0,0.1055148,32.84002333333333,58.94980573333332,74.86877599999995,85.30790426666668,100.0
00:04:03,166944,445184.0,3.0,199844,532917.0,269780,719413.0,397996,1061322.0,670972,1789258.0,1182332,3152885.0,11.855391066666666,46.66365440000001,68.81742906666663,80.66724693333333,88.4808376,100.0
00:04:06,172020,458720.0,3.0,205296,547456.0,247032,658752.0,289896,773056.0,471316,1256842.0,913868,2436981.0,0.05612760000000001,29.011106133333342,60.19677013333335,76.62833546666666,90.08325093333332,100.0
00:04:09,153220,408586.0,3.0,195144,520384.0,313960,837226.0,451200,1203200.0,753692,2009845.0,1397592,3726912.0,0.06022293333333334,25.189255866666667,54.966646933333344,71.81099906666665,84.6336068,100.0
00:04:12,163748,436661.0,3.0,188752,503338.0,253988,677301.0,388408,1035754.0,681688,1817834.0,1226136,3269696.0,0.007688799999999999,26.57979826666667,53.78514520000001,71.08451573333335,83.52902973333335,100.0
00:04:15,170892,455712.0,3.0,203980,543946.0,276360,736960.0,414540,1105440.0,708384,1889024.0,1243620,3316320.0,0.0,28.569156351351356,56.63938202702701,73.82670189189186,86.74570905405402,100.0
00:04:18,157356,419616.0,3.0,192700,513866.0,270908,722421.0,408900,1090400.0,683192,1821845.0,1185152,3160405.0,0.03388893333333333,27.717549866666662,52.30383600000002,72.50601053333334,84.31575986666668,100.0
00:04:21,172396,459722.0,3.0,200220,533920.0,273164,728437.0,404200,1077866.0,690900,1842400.0,1184400,3158400.0,0.0,25.649907466666665,54.727307866666685,70.85631493333334,84.77313573333333,100.0
00:04:24,164124,437664.0,3.0,211500,564000.0,311328,830208.0,460412,1227765.0,763280,2035413.0,1286484,3430624.0,0.0,25.2323628,56.81138240000003,72.3219750666667,85.20558653333333,100.0
00:04:27,164876,439669.0,3.0,190632,508352.0,242708,647221.0,352688,940501.0,619084,1650890.0,1091340,2910240.0,6.287183466666668,32.26258293333335,57.679146666666654,74.66662293333334,87.43753533333334,100.0
00:04:30,174088,464234.0,3.0,197400,526400.0,285008,760021.0,413976,1103936.0,764596,2038922.0,1435568,3828181.0,3.570449333333333,27.512222666666677,54.3302066666667,74.87342239999998,88.89583359999997,100.0
00:04:33,156228,416608.0,3.0,197588,526901.0,277676,740469.0,398372,1062325.0,701992,1871978.0,1262608,3366954.0,0.2325195945945946,32.31563621621622,61.421108108108115,76.18848689189188,87.54330391891891,100.0
00:04:36,153032,408085.0,3.0,186872,498325.0,274104,730944.0,403072,1074858.0,690712,1841898.0,1233092,3288245.0,3.610991466666668,41.12062266666666,67.44297386666668,80.0340656,89.90441173333333,100.0
00:04:39,153596,409589.0,3.0,179728,479274.0,239700,639200.0,344416,918442.0,613068,1634848.0,1168608,3116288.0,2.0868138666666662,41.214655466666656,66.48943386666666,78.12084226666664,87.70604466666663,100.0
00:04:42,169200,451200.0,3.0,216764,578037.0,289332,771552.0,408524,1089397.0,674732,1799285.0,1167292,3112778.0,4.245945333333333,37.451201199999986,62.21067853333333,76.6325897333333,86.38776826666664,100.0
00:04:45,171644,457717.0,3.0,200032,533418.0,264892,706378.0,369420,985120.0,649164,1731104.0,1172556,3126816.0,5.842304133333332,37.261859066666666,60.133458400000016,75.06037599999999,85.92732253333334,100.0
00:04:48,162620,433653.0,3.0,188940,503840.0,232180,619146.0,344416,918442.0,612128,1632341.0,1154320,3078186.0,8.532649733333333,43.3801208,64.30281693333335,79.45166346666669,88.97129066666666,100.0
00:04:51,163936,437162.0,3.0,200972,535925.0,264328,704874.0,385776,1028736.0,687892,1834378.0,1240424,3307797.0,3.3802318918918925,29.36663905405404,56.35062972972971,70.56164135135135,84.37004391891892,100.0
00:04:54,161868,431648.0,3.0,195896,522389.0,287452,766538.0,448004,1194677.0,803136,2141696.0,1450044,3866784.0,5.046178933333333,39.427689199999996,60.76483146666664,73.98833093333333,83.86882760000002,100.0
00:04:57,166568,444181.0,3.0,204168,544448.0,256432,683818.0,353628,943008.0,627168,1672448.0,1184400,3158400.0,0.08162226666666667,36.024202133333326,62.225436400000014,76.06621360000001,85.55747906666664,100.0
00:05:00,213944,570517.0,3.0,234812,626165.0,286888,765034.0,355508,948021.0,598404,1595744.0,1051296,2803456.0,0.02433786666666667,30.3400144,56.81952733333334,73.7131092,85.66647266666665,100.0
00:05:03,177848,474261.0,3.0,217892,581045.0,316216,843242.0,474136,1264362.0,785840,2095573.0,1299268,3464714.0,0.12879186666666667,31.130843199999994,55.48302573333333,72.01215693333336,85.06499666666667,100.0
00:05:06,171832,458218.0,3.0,212816,567509.0,302680,807146.0,448004,1194677.0,741096,1976256.0,1259412,3358432.0,0.015709594594594593,32.65879729729729,60.29840067567568,76.40710108108108,88.15207513513518,100.0
00:05:09,169952,453205.0,3.0,206424,550464.0,311704,831210.0,468496,1249322.0,818176,2181802.0,1400976,3735936.0,0.7375930666666668,39.39721306666667,66.45032693333336,80.34509733333333,91.60111946666666,100.0
00:05:12,164688,439168.0,3.0,210560,561493.0,329564,878837.0,481656,1284416.0,807836,2154229.0,1409624,3758997.0,6.142463066666669,34.238080666666676,57.52530986666666,78.24426773333333,88.10723933333331,100.0
00:05:15,161680,431146.0,3.0,206424,550464.0,269592,718912.0,397056,1058816.0,692592,1846912.0,1268812,3383498.0,1.1418007999999997,34.49015333333332,60.082517066666675,72.6687808,83.86754813333333,100.0
00:05:18,184616,492309.0,3.0,213192,568512.0,276360,736960.0,372804,994144.0,670784,1788757.0,1249448,3331861.0,4.537639733333334,34.28936013333333,59.59167053333332,72.59699360000003,84.33110173333333,100.0
00:05:21,157168,419114.0,3.0,184992,493312.0,245528,654741.0,360772,962058.0,644840,1719573.0,1216172,3243125.0,4.622285866666666,42.60153,67.35886826666665,79.23584266666666,88.64822013333337,100.0
00:05:24,160740,428640.0,3.0,189128,504341.0,238384,635690.0,333888,890368.0,586560,1564160.0,1084572,2892192.0,1.2258763513513515,35.184591756756745,60.93180797297297,73.73128675675673,84.60404162162162,100.0
00:05:27,178412,475765.0,3.0,214320,571520.0,254552,678805.0,330692,881845.0,547268,1459381.0,1008808,2690154.0,0.8718189333333334,39.477061733333336,64.66077546666665,76.32900346666665,86.09895253333333,100.0
00:05:30,178976,477269.0,3.0,206988,551968.0,261508,697354.0,362464,966570.0,627168,1672448.0,1129128,3011008.0,2.8340460000000007,45.33667200000001,72.91047933333333,83.41206226666668,91.92076186666667,100.0
00:05:33,163748,436661.0,3.0,211500,564000.0,307944,821184.0,431836,1151562.0,707256,1886016.0,1223316,3262176.0,0.056243333333333326,35.149607866666656,62.7221424,76.72271773333333,87.30792559999999,100.0
00:05:36,159048,424128.0,3.0,197964,527904.0,257936,687829.0,367916,981109.0,631304,1683477.0,1104312,2944832.0,1.7570038666666667,27.968840933333322,55.3822196,71.8537090666667,83.55390319999998,100.0
00:05:39,178600,476266.0,3.0,208492,555978.0,289896,773056.0,401944,1071850.0,735268,1960714.0,1379168,3677781.0,9.738097066666668,39.66869013333332,63.409720799999995,80.10553826666666,90.03779879999999,100.0
00:05:42,150024,400064.0,3.0,176344,470250.0,242896,647722.0,365284,974090.0,669656,1785749.0,1289116,3437642.0,4.1108781081081105,36.871741756756755,61.9578156756757,74.7687916216216,86.1434041891892,100.0
00:05:45,155100,413600.0,3.0,176720,471253.0,213756,570016.0,306816,818176.0,566632,1511018.0,1120292,2987445.0,0.0212664,35.52987999999999,63.95842346666666,77.47256439999998,88.07660266666669,100.0
00:05:48,162056,432149.0,3.0,198904,530410.0,295160,787093.0,434468,1158581.0,708760,1890026.0,1258848,3356928.0,0.8723898666666666,35.77907093333334,64.1447012,77.36380706666667,87.20675120000001,100.0
00:05:51,173712,463232.0,3.0,205108,546954.0,278992,743978.0,396868,1058314.0,670784,1788757.0,1119352,2984938.0,2.7298162666666665,31.9635112,60.46898786666666,74.72019146666666,86.08131226666666,100.0
00:05:54,169764,452704.0,3.0,207552,553472.0,258688,689834.0,317720,847253.0,550840,1468906.0,1005424,2681130.0,0.0,25.732006933333334,56.87346866666665,73.21787440000003,86.40138040000002,100.0
00:05:57,171080,456213.0,3.0,239700,639200.0,273540,729440.0,307380,819680.0,426008,1136021.0,789412,2105098.0,0.0,25.852576351351356,57.79730405405407,73.76373094594595,86.8074272972973,100.0
00:06:00,170892,455712.0,3.0,222592,593578.0,262824,700864.0,298168,795114.0,410968,1095914.0,761964,2031904.0,0.0,26.40757359999999,57.65271239999997,73.9699568,86.86809093333336,100.0
00:06:03,177284,472757.0,3.0,231616,617642.0,265268,707381.0,300800,802133.0,421496,1123989.0,774560,2065493.0,0.0,26.341409200000005,56.4946232,72.75881253333331,86.24091999999999,100.0
00:06:06,178600,476266.0,3.0,213756,570016.0,246280,656746.0,287264,766037.0,446688,1191168.0,860288,2294101.0,0.0,27.62478240000001,57.78153013333334,73.42340440000001,86.39113919999998,100.0
00:06:09,170704,455210.0,3.0,243836,650229.0,287264,766037.0,324676,865802.0,447252,1192672.0,831900,2218400.0,0.0,25.888217466666656,56.875902266666635,72.95268719999999,86.1518241333333,100.0
00:06:11.240000,113364,404871.0,2.24,180856,645914.0,212440,758714.0,246468,880242.0,319600,1141428.0,595772,2127757.0,0.0,23.95503,55.307165,71.608705,85.254845,100.0
