delta_t_s,256x144x25_size_byte,256x144x25_bitrate,seg_len_s,426x240x25_size_byte,426x240x25_bitrate,640x360x25_size_byte,640x360x25_bitrate,854x480x25_size_byte,854x480x25_bitrate,1280x720x25_size_byte,1280x720x25_bitrate,1920x1080x25_size_byte,1920x1080x25_bitrate,256x144x25_vmaf_score,426x240x25_vmaf_score,640x360x25_vmaf_score,854x480x25_vmaf_score,1280x720x25_vmaf_score,1920x1080x25_vmaf_score
00:00:03,150588,401568.0,3.0,224660,599093.0,372428,993141.0,545576,1454869.0,965568,2574848.0,1782428,4753141.0,22.529634533333333,55.0720872,78.36104879999996,88.47342613333333,94.90686040000003,100.0
00:00:06,170892,455712.0,3.0,217516,580042.0,267900,714400.0,323360,862293.0,510232,1360618.0,979104,2610944.0,7.841796799999999,46.96297133333333,70.41852959999997,82.6954664,90.8142326666667,100.0
00:00:09,172772,460725.0,3.0,214132,571018.0,357012,952032.0,527904,1407744.0,896760,2391360.0,1579952,4213205.0,0.083242,29.950233866666675,56.60036506666665,75.15589546666668,88.3022641333333,100.0
00:00:12,169388,451701.0,3.0,234248,624661.0,403824,1076864.0,609120,1624320.0,1110892,2962378.0,2315972,6175925.0,0.9623550666666667,28.699514533333325,58.42194893333332,77.36126413333332,92.75788120000001,100.0
00:00:15,158672,423125.0,3.0,244776,652736.0,439732,1172618.0,677740,1807306.0,1271256,3390016.0,2662456,7099882.0,10.430224400000002,34.64021386666666,55.99995466666668,77.37043893333335,92.90356666666665,100.0
00:00:18,162620,433653.0,3.0,238008,634688.0,471504,1257344.0,774936,2066496.0,1517160,4045760.0,2779956,7413216.0,0.39108053333333337,8.242999066666666,20.81519186666667,38.2235864,55.841927733333335,100.0
00:00:21,158672,423125.0,3.0,235564,628170.0,462668,1233781.0,743916,1983776.0,1396840,3724906.0,2381960,6351893.0,0.2840650666666667,14.076659866666668,29.457731599999995,43.19737360000001,57.65447239999999,100.0
00:00:24,144384,385024.0,3.0,165816,442176.0,218080,581546.0,312456,833216.0,551592,1470912.0,1072916,2861109.0,0.9840842666666667,39.9655328,66.13802533333336,78.70702493333333,89.01240773333333,100.0
00:00:27,149648,399061.0,3.0,177096,472256.0,260944,695850.0,398936,1063829.0,756888,2018368.0,1585780,4228746.0,6.521635999999999,45.08205506666666,68.87874480000002,83.76116053333332,92.77991800000001,100.0
00:00:30,152844,407584.0,3.0,199092,530912.0,352312,939498.0,540124,1440330.0,997716,2660576.0,1921924,5125130.0,4.629936799999999,33.439765866666654,59.8710202666667,79.05558479999998,93.21717306666666,100.0
00:00:33,165816,442176.0,3.0,207364,552970.0,354004,944010.0,551404,1470410.0,891496,2377322.0,1520732,4055285.0,0.0,23.335341599999996,56.07767693333333,76.28244266666664,90.22646586666666,100.0
00:00:36,162432,433152.0,3.0,222028,592074.0,407396,1086389.0,607428,1619808.0,977600,2606933.0,1626388,4337034.0,0.0,26.47180386666667,58.15254653333332,77.9916024,90.81630306666666,100.0
00:00:39,168448,449194.0,3.0,229924,613130.0,414916,1106442.0,625664,1668437.0,1116156,2976416.0,1986408,5297088.0,1.8832664,26.263140533333328,56.58405640000002,74.23190840000002,88.25637973333335,100.0
00:00:42,163184,435157.0,3.0,260568,694848.0,454772,1212725.0,812912,2167765.0,1950312,5200832.0,3564104,9504277.0,11.89358346666667,35.546164266666665,53.07356786666667,69.63169573333332,86.92769639999999,100.0
00:00:45,156604,417610.0,3.0,228420,609120.0,408148,1088394.0,672852,1794272.0,1413572,3769525.0,2774692,7399178.0,10.405535733333332,34.86434053333334,54.8175765333333,74.08230466666667,88.61773626666667,100.0
00:00:48,152844,407584.0,3.0,174276,464736.0,269216,717909.0,379008,1010688.0,707444,1886517.0,1413948,3770528.0,0.9303454666666668,37.380708133333336,65.1461910666667,81.02335386666665,91.65673693333333,100.0
00:00:51,161304,430144.0,3.0,201536,537429.0,333700,889866.0,490492,1307978.0,830396,2214389.0,1495916,3989109.0,0.2514124,31.753492266666655,61.07394320000001,78.17611079999996,90.93955226666667,100.0
00:00:54,154536,412096.0,3.0,189316,504842.0,250228,667274.0,376752,1004672.0,633560,1689493.0,1185904,3162410.0,0.17190373333333334,32.174715599999985,60.01885586666666,75.65920159999999,88.31330920000002,100.0
00:00:57,157920,421120.0,3.0,194580,518880.0,288204,768544.0,439920,1173120.0,746360,1990293.0,1348900,3597066.0,0.0,28.417958,58.362827866666706,75.88163159999999,88.73093519999999,100.0
00:01:00,162996,434656.0,3.0,207364,552970.0,319412,851765.0,469812,1252832.0,808964,2157237.0,1495916,3989109.0,12.411099333333333,36.17234013333334,56.318118933333366,74.35342333333331,87.51293560000002,100.0
00:01:03,164500,438666.0,3.0,258124,688330.0,457780,1220746.0,708948,1890528.0,1257532,3353418.0,2387224,6365930.0,9.1084388,29.396974800000006,49.417173066666685,67.43113159999997,82.07894506666668,100.0
00:01:06,168072,448192.0,3.0,248912,663765.0,454020,1210720.0,706316,1883509.0,1273700,3396533.0,2412416,6433109.0,3.226056666666667,25.147876800000002,51.06888733333333,68.64266173333334,82.16887826666668,100.0
00:01:09,160176,427136.0,3.0,228608,609621.0,406456,1083882.0,633936,1690496.0,1231776,3284736.0,2027768,5407381.0,0.0,33.24667973333332,63.39095986666666,78.20883453333332,89.40585426666667,100.0
00:01:12,146264,390037.0,3.0,187436,499829.0,274480,731946.0,423564,1129504.0,702744,1873984.0,1306976,3485269.0,2.2471676,40.132630266666666,65.23665280000002,79.23696399999997,89.50561866666666,100.0
00:01:15,155288,414101.0,3.0,182924,487797.0,279556,745482.0,407208,1085888.0,732448,1953194.0,1455120,3880320.0,1.1657528,29.366236666666666,59.88006906666667,78.48140013333335,89.12121546666665,100.0
00:01:18,158860,423626.0,3.0,216576,577536.0,378068,1008181.0,550464,1467904.0,913116,2434976.0,1633532,4356085.0,0.0,30.223167999999998,62.43525760000001,79.24630293333334,91.76472599999998,100.0
00:01:21,152844,407584.0,3.0,192700,513866.0,329564,878837.0,462668,1233781.0,747112,1992298.0,1382928,3687808.0,1.5430342666666668,29.13021986666666,56.37069399999999,76.88783586666666,89.38973973333333,100.0
00:01:24,148144,395050.0,3.0,188940,503840.0,305876,815669.0,479400,1278400.0,832652,2220405.0,1632592,4353578.0,6.981650000000001,34.40541466666665,55.16791599999997,71.86800786666664,85.26769839999997,100.0
00:01:27,162620,433653.0,3.0,207552,553472.0,360584,961557.0,598968,1597248.0,1256592,3350912.0,2625608,7001621.0,11.117124533333332,33.28766813333333,53.53650973333334,71.60869880000001,85.09412093333329,100.0
00:01:30,163372,435658.0,3.0,230300,614133.0,415104,1106944.0,655556,1748149.0,1248508,3329354.0,2479720,6612586.0,15.536564000000002,47.24386599999998,65.60993373333332,79.90313960000003,91.2343942666667,100.0
00:01:33,153596,409589.0,3.0,216764,578037.0,399876,1066336.0,639952,1706538.0,1290432,3441152.0,2334208,6224554.0,20.587147599999998,55.79302426666668,75.04600626666664,85.37173933333337,93.01636066666664,100.0
00:01:36,154912,413098.0,3.0,178976,477269.0,216388,577034.0,297604,793610.0,550840,1468906.0,1111080,2962880.0,24.70270626666668,61.54100040000001,80.63723293333332,90.49534666666666,97.43195733333333,100.0
00:01:39,142504,380010.0,3.0,166944,445184.0,221840,591573.0,324300,864800.0,612128,1632341.0,1257344,3352917.0,2.8456934666666664,35.268120133333326,63.726495200000016,80.24379093333336,91.41409266666668,100.0
00:01:42,151904,405077.0,3.0,180104,480277.0,235376,627669.0,343476,915936.0,613632,1636352.0,1177632,3140352.0,0.07733413333333335,31.67801066666665,60.484952533333306,78.87002359999998,91.18989733333333,100.0
00:01:45,158296,422122.0,3.0,197024,525397.0,362464,966570.0,524332,1398218.0,897324,2392864.0,1709108,4557621.0,1.6636249333333333,34.62574213333333,60.50508693333332,79.75093413333333,92.50099266666666,100.0
00:01:48,156604,417610.0,3.0,187248,499328.0,302492,806645.0,453456,1209216.0,827200,2205866.0,1630900,4349066.0,0.8003811999999999,31.724272933333335,60.57225093333331,79.5710084,92.15155920000001,100.0
00:01:51,162056,432149.0,3.0,192324,512864.0,280308,747488.0,432212,1152565.0,770988,2055968.0,1360368,3627648.0,0.015958399999999998,24.633227999999995,54.739430000000006,74.01765933333337,88.71513973333333,100.0
00:01:54,159424,425130.0,3.0,213192,568512.0,349116,930976.0,482032,1285418.0,841112,2242965.0,1441020,3842720.0,1.7222182666666668,23.876264000000003,48.70601933333333,70.11594733333332,85.33289613333332,100.0
00:01:57,175968,469248.0,3.0,220524,588064.0,388972,1037258.0,604608,1612288.0,1030428,2747808.0,1829052,4877472.0,4.31127864864865,29.047016891891897,49.68222986486483,70.04334216216218,86.30870013513514,100.0
00:02:00,161680,431146.0,3.0,224848,599594.0,388220,1035253.0,591636,1577696.0,1070848,2855594.0,2024948,5399861.0,0.12655586666666666,24.56428266666666,50.903202133333316,70.14002893333333,85.36818506666668,100.0
00:02:03,155476,414602.0,3.0,222028,592074.0,380512,1014698.0,556292,1483445.0,895632,2388352.0,1564912,4173098.0,0.0,27.305175866666666,56.65526826666668,73.40542053333336,87.0376570666667,100.0
00:02:06,151340,403573.0,3.0,187436,499829.0,316404,843744.0,466240,1243306.0,782456,2086549.0,1421468,3790581.0,0.0,22.5562728,51.592824,69.58356586666666,85.82542600000002,100.0
00:02:09,184428,491808.0,3.0,264892,706378.0,379760,1012693.0,536552,1430805.0,694284,1851424.0,1049228,2797941.0,0.2016968,32.217729600000006,59.31985826666667,78.06067599999999,89.03608560000004,100.0
00:02:12,154724,412597.0,3.0,199656,532416.0,347612,926965.0,502336,1339562.0,835284,2227424.0,1564348,4171594.0,10.551513733333334,40.662388799999995,67.69896920000001,84.21879613333333,94.4169556,100.0
00:02:15,164124,437664.0,3.0,207364,552970.0,338212,901898.0,510232,1360618.0,969892,2586378.0,2165572,5774858.0,10.59286426666667,44.60040546666665,69.98127973333337,87.48144093333332,96.29394560000001,100.0
00:02:18,166568,444181.0,3.0,205108,546954.0,344604,918944.0,494064,1317504.0,864988,2306634.0,1606648,4284394.0,3.4420202666666673,29.729696266666664,54.69286999999999,74.18866799999996,89.90482573333334,100.0
00:02:21,166756,444682.0,3.0,245152,653738.0,437100,1165600.0,633560,1689493.0,1129692,3012512.0,2120452,5654538.0,11.6210344,43.84777080000001,64.04137866666665,79.67775719999999,91.87895053333337,100.0
00:02:24,162432,433152.0,3.0,190256,507349.0,302116,805642.0,454584,1212224.0,847692,2260512.0,1690308,4507488.0,9.426668133333333,43.5133608,66.05461053333332,85.30173986666665,96.71121026666661,100.0
00:02:27,155100,413600.0,3.0,185368,494314.0,313208,835221.0,470752,1255338.0,889052,2370805.0,1777540,4740106.0,0.0,27.487669733333338,59.74534386666671,77.68023946666666,90.4545484,100.0
00:02:30,155100,413600.0,3.0,199280,531413.0,305124,813664.0,431648,1151061.0,721356,1923616.0,1268624,3382997.0,0.0,29.939296933333342,60.981468933333346,77.95501253333336,90.27868213333333,100.0
00:02:33,159236,424629.0,3.0,192324,512864.0,275044,733450.0,414540,1105440.0,694472,1851925.0,1208276,3222069.0,0.0,25.706537866666665,57.005540800000006,77.10662360000003,90.3020218666667,100.0
00:02:36,154912,413098.0,3.0,208680,556480.0,362276,966069.0,509856,1359616.0,863484,2302624.0,1485200,3960533.0,0.16915933333333333,26.749981066666667,56.45103026666666,77.07999279999999,90.76308693333334,100.0
00:02:39,167132,445685.0,3.0,209808,559488.0,351560,937493.0,527716,1407242.0,886984,2365290.0,1589728,4239274.0,3.2924353333333327,36.08671079999999,61.278501733333336,80.24455466666666,91.94606639999996,100.0
00:02:42,145136,387029.0,3.0,200408,534421.0,352500,940000.0,535988,1429301.0,967824,2580864.0,1907636,5087029.0,1.8634452,31.970817466666666,52.656751200000016,72.6411617333333,88.57416413333335,100.0
00:02:45,153408,409088.0,3.0,180104,480277.0,263576,702869.0,399876,1066336.0,755384,2014357.0,1521672,4057792.0,6.489042399999997,35.83887426666666,60.94810333333331,80.08747413333334,94.80819960000002,100.0
00:02:48,161868,431648.0,3.0,197776,527402.0,316968,845248.0,468872,1250325.0,840172,2240458.0,1598752,4263338.0,0.9425534666666667,26.977925199999987,52.99139506666667,73.57621826666669,88.53673733333336,100.0
00:02:51,165816,442176.0,3.0,233308,622154.0,404952,1079872.0,589568,1572181.0,1052988,2807968.0,1980768,5282048.0,0.0,29.67871733333332,58.36633413333334,75.00739519999996,86.4633158666667,100.0
00:02:54,156228,416608.0,3.0,195332,520885.0,311892,831712.0,469060,1250826.0,808400,2155733.0,1473168,3928448.0,1.0071754666666666,37.866976400000006,63.61087173333335,77.77507413333333,90.1034878666667,100.0
00:02:57,157920,421120.0,3.0,208116,554976.0,337836,900896.0,489740,1305973.0,877020,2338720.0,1576192,4203178.0,4.076165135135135,32.75480635135136,56.28643243243244,74.85596256756756,87.22011283783783,100.0
00:03:00,171832,458218.0,3.0,236316,630176.0,386904,1031744.0,591824,1578197.0,1102996,2941322.0,2076084,5536224.0,0.0,24.13033426666668,57.115855200000006,75.40939920000001,88.54176026666667,100.0
00:03:03,202664,540437.0,3.0,226540,604106.0,295348,787594.0,439356,1171616.0,742788,1980768.0,1225384,3267690.0,0.0,28.26389453333334,60.38487733333333,78.35554826666664,90.91255706666666,100.0
00:03:06,186684,497824.0,3.0,222216,592576.0,312832,834218.0,448568,1196181.0,774372,2064992.0,1337996,3567989.0,0.0,24.434282933333336,56.29069426666666,76.8051012,90.34151866666666,100.0
00:03:09,162808,434154.0,3.0,220524,588064.0,365284,974090.0,495380,1321013.0,838480,2235946.0,1386312,3696832.0,7.722073599999999,37.50449826666667,62.77744986666666,77.6613508,89.33522466666665,100.0
00:03:12,146076,389536.0,3.0,193640,516373.0,340280,907413.0,517752,1380672.0,913116,2434976.0,1751596,4670922.0,9.462963733333332,45.44102666666667,66.75242306666665,77.99599386666665,87.52282519999999,100.0
00:03:15,136488,363968.0,3.0,160928,429141.0,199280,531413.0,300048,800128.0,636192,1696512.0,1426544,3804117.0,3.6044751999999995,35.42298973333334,57.563179200000015,70.81710866666668,83.95558746666669,100.0
00:03:18,148144,395050.0,3.0,169576,452202.0,247032,658752.0,383332,1022218.0,785088,2093568.0,1724900,4599733.0,0.8799105333333331,29.620945199999998,56.47768133333334,72.33954719999998,86.96916866666666,100.0
00:03:21,168448,449194.0,3.0,191196,509856.0,243648,649728.0,355508,948021.0,645028,1720074.0,1162592,3100245.0,0.08528306666666667,32.47660280000001,60.91207466666667,76.89668426666664,88.5087088,100.0
00:03:24,166004,442677.0,3.0,210372,560992.0,270156,720416.0,356072,949525.0,614196,1637856.0,1138152,3035072.0,0.044629466666666666,23.953988666666664,52.01515306666665,69.80865293333335,82.52247586666667,100.0
00:03:27,161492,430645.0,3.0,201348,536928.0,320728,855274.0,482032,1285418.0,862544,2300117.0,1702528,4540074.0,3.3881270666666676,23.539972533333337,41.91283706666667,62.58833666666667,78.34357053333335,100.0
00:03:30,158484,422624.0,3.0,205484,547957.0,381264,1016704.0,621716,1657909.0,1190980,3175946.0,2392488,6379968.0,2.11251,25.026675733333324,45.69001746666669,63.09367640000001,79.59512373333331,100.0
00:03:33,152092,405578.0,3.0,198904,530410.0,350244,933984.0,559112,1490965.0,1027232,2739285.0,2025888,5402368.0,0.17646213333333335,37.3165712,64.61172346666667,79.93985466666668,90.6573694666667,100.0
00:03:36,153596,409589.0,3.0,183300,488800.0,266396,710389.0,394988,1053301.0,701428,1870474.0,1366948,3645194.0,0.030934133333333332,30.07950946666666,60.65992786666667,78.64162746666663,91.25515680000002,100.0
00:03:39,151716,404576.0,3.0,193640,516373.0,327308,872821.0,502524,1340064.0,820808,2188821.0,1513776,4036736.0,1.387679866666667,33.448078399999986,62.57906999999998,78.06335866666666,90.34439026666666,100.0
00:03:42,157544,420117.0,3.0,184052,490805.0,280872,748992.0,448944,1197184.0,817424,2179797.0,1448352,3862272.0,1.5526354666666669,36.02037266666667,63.583971999999996,80.83335120000001,91.18191893333335,100.0
00:03:45,153784,410090.0,3.0,182548,486794.0,259064,690837.0,388784,1036757.0,697292,1859445.0,1289492,3438645.0,3.575457333333333,28.931584933333326,57.71509746666666,77.95922826666667,91.11727200000003,100.0
00:03:48,165064,440170.0,3.0,209244,557984.0,326180,869813.0,485792,1295445.0,818176,2181802.0,1528440,4075840.0,2.711136133333333,38.706741866666654,67.65770773333332,82.87713440000003,92.52356186666664,100.0
00:03:51,153596,409589.0,3.0,186496,497322.0,291964,778570.0,418300,1115466.0,738276,1968736.0,1455684,3881824.0,0.0,36.63892813333331,66.98164439999998,82.03726573333334,92.00324946666665,100.0
00:03:54,144572,385525.0,3.0,184052,490805.0,276924,738464.0,398748,1063328.0,676236,1803296.0,1280092,3413578.0,0.0,30.272965599999996,61.71662239999999,78.58396866666664,90.24541946666668,100.0
00:03:57,154724,412597.0,3.0,184992,493312.0,281060,749493.0,414728,1105941.0,702932,1874485.0,1262796,3367456.0,0.632837027027027,24.202897702702717,55.02225162162164,75.25132783783785,89.65727608108114,100.0
00:04:00,161492,430645.0,3.0,209620,558986.0,341220,909920.0,494628,1319008.0,804452,2145205.0,1421280,3790080.0,16.453110133333336,47.561328933333336,70.65121453333333,85.42051013333331,93.89315320000001,100.0
00:04:03,162996,434656.0,3.0,205296,547456.0,387092,1032245.0,633372,1688992.0,1243996,3317322.0,2288336,6102229.0,7.933818133333332,35.016789999999986,57.338446933333316,76.46620960000001,90.13826866666665,100.0
00:04:06,164124,437664.0,3.0,236316,630176.0,415856,1108949.0,617204,1645877.0,1073856,2863616.0,2029648,5412394.0,1.1028222666666667,34.17298293333334,64.65310920000002,80.09701373333331,91.8018684,100.0
00:04:09,154160,411093.0,3.0,183112,488298.0,295724,788597.0,435784,1162090.0,766288,2043434.0,1353224,3608597.0,0.15764173333333334,33.67009773333333,64.50573973333333,80.99435626666667,91.16620973333335,100.0
00:04:12,154348,411594.0,3.0,195144,520384.0,309448,825194.0,470564,1254837.0,743352,1982272.0,1366948,3645194.0,1.7847309333333337,31.706995733333326,59.20334653333335,77.90290680000001,89.58726319999998,100.0
00:04:15,155664,415104.0,3.0,206612,550965.0,359832,959552.0,521324,1390197.0,880780,2348746.0,1640488,4374634.0,4.0041063999999995,31.971918666666657,60.510329466666676,80.27597746666667,93.1055804,100.0
00:04:18,151340,403573.0,3.0,187812,500832.0,333700,889866.0,504968,1346581.0,902400,2406400.0,1725088,4600234.0,0.0,25.558482800000004,57.45037333333336,77.54945293333338,91.18761319999999,100.0
00:04:21,156980,418613.0,3.0,200408,534421.0,321668,857781.0,469248,1251328.0,785276,2094069.0,1354728,3612608.0,9.091637200000001,36.490493199999996,61.14312186666666,79.8375830666667,92.54652560000001,100.0
00:04:24,166380,443680.0,3.0,216012,576032.0,372052,992138.0,608556,1622816.0,1132136,3019029.0,2478404,6609077.0,8.820892933333333,33.04061746666666,53.701396266666656,72.14350026666668,86.72129693333333,100.0
00:04:27,151904,405077.0,3.0,206048,549461.0,361712,964565.0,583364,1555637.0,1197936,3194496.0,2411664,6431104.0,3.152198,32.22734559999999,57.31943546666667,75.28641013333328,88.39814093333332,100.0
00:04:30,155288,414101.0,3.0,203792,543445.0,354756,946016.0,537680,1433813.0,929660,2479093.0,1752724,4673930.0,0.1182376,32.502612133333336,60.123510666666675,75.24203773333332,87.84261866666665,100.0
00:04:33,153972,410592.0,3.0,179540,478773.0,282188,752501.0,432024,1152064.0,780764,2082037.0,1520920,4055786.0,0.0714696,25.111842133333333,54.886768000000025,74.19523720000001,87.20738413333332,100.0
00:04:36,154912,413098.0,3.0,189316,504842.0,294972,786592.0,451576,1204202.0,797684,2127157.0,1494036,3984096.0,6.621484266666666,30.410862266666662,52.565563866666665,71.07668626666666,84.27631880000003,100.0
00:04:39,171080,456213.0,3.0,207740,553973.0,349868,932981.0,558360,1488960.0,996588,2657568.0,1891656,5044416.0,8.140457599999998,28.584298399999994,49.11063173333336,66.80808093333331,82.08610386666669,100.0
00:04:42,163184,435157.0,3.0,215824,575530.0,388596,1036256.0,609496,1625322.0,1096040,2922773.0,2211820,5898186.0,5.2076041333333345,32.94528826666666,55.84713506666666,70.59980159999998,82.5395912,100.0
00:04:45,150588,401568.0,3.0,213944,570517.0,375060,1000160.0,614008,1637354.0,1219744,3252650.0,2324244,6197984.0,2.2546249333333335,29.32147373333333,55.921537333333326,70.85348146666666,83.74071893333333,100.0
00:04:48,156980,418613.0,3.0,179728,479274.0,217704,580544.0,336144,896384.0,685260,1827360.0,1575440,4201173.0,0.0,16.465459466666672,43.296885599999996,62.68267213333335,79.47763919999997,100.0
00:04:51,166192,443178.0,3.0,204920,546453.0,311516,830709.0,499328,1331541.0,921952,2458538.0,1671320,4456853.0,16.37998226666667,35.500543199999996,54.0957836,69.55643773333334,82.50588626666665,100.0
00:04:54,158108,421621.0,3.0,209244,557984.0,349492,931978.0,563436,1502496.0,998468,2662581.0,1873796,4996789.0,12.79410973333333,43.72271866666668,66.87237773333332,78.63602693333333,88.48171066666667,100.0
00:04:57,154160,411093.0,3.0,175968,469248.0,235000,626666.0,348552,929472.0,653112,1741632.0,1322204,3525877.0,16.391942837837835,47.38409256756759,74.02266527027027,85.38560689189191,92.89374256756757,100.0
00:05:00,162996,434656.0,3.0,215636,575029.0,350808,935488.0,499516,1332042.0,903716,2409909.0,1756860,4684960.0,14.531818,53.67391426666667,77.23543213333338,86.99394626666668,94.06530706666665,100.0
00:05:02.880000,105468,292966.0,2.88,137616,382266.0,167132,464255.0,208492,579144.0,338024,938955.0,641644,1782344.0,0.0,43.2164,69.63649,81.69307,90.36416,100.0
