delta_t_s,256x144x25_size_byte,256x144x25_bitrate,seg_len_s,426x240x25_size_byte,426x240x25_bitrate,640x360x25_size_byte,640x360x25_bitrate,854x480x25_size_byte,854x480x25_bitrate,1280x720x25_size_byte,1280x720x25_bitrate,256x144x25_vmaf_score,426x240x25_vmaf_score,640x360x25_vmaf_score,854x480x25_vmaf_score,1280x720x25_vmaf_score
00:00:03,163184,435157.0,3.0,211312,563498.0,331068,882848.0,488424,1302464.0,805392,2147712.0,21.85795346666666,54.68164360000002,77.63092946666666,89.48427946666665,100.0
00:00:06,161680,431146.0,3.0,204168,544448.0,328624,876330.0,495192,1320512.0,875704,2335210.0,24.103317999999994,56.30473066666666,77.91090733333331,90.57512440000002,100.0
00:00:09,166568,444181.0,3.0,208304,555477.0,312832,834218.0,479588,1278901.0,839984,2239957.0,19.3680324,52.2975144,72.42813986666665,85.68693520000002,100.0
00:00:12,154724,412597.0,3.0,200408,534421.0,311516,830709.0,448004,1194677.0,762528,2033408.0,24.9000152,62.06881200000001,81.62178639999998,87.23853133333337,100.0
00:00:15,156792,418112.0,3.0,181420,483786.0,210184,560490.0,287640,767040.0,526588,1404234.0,32.07072306666666,65.89606573333332,84.84174439999998,94.32619240000001,100.0
00:00:18,162056,432149.0,3.0,190820,508853.0,294220,784586.0,425444,1134517.0,785464,2094570.0,23.810984324324327,52.46089445945947,78.7330627027027,91.99638040540542,100.0
00:00:21,164124,437664.0,3.0,216012,576032.0,359080,957546.0,537116,1432309.0,941692,2511178.0,28.66146293333334,65.30082733333333,82.28321026666666,91.2328068,100.0
00:00:24,162056,432149.0,3.0,214320,571520.0,305500,814666.0,436348,1163594.0,744668,1985781.0,27.829735999999986,64.9210096,84.88227813333333,92.61421226666668,100.0
00:00:27,147956,394549.0,3.0,175592,468245.0,253424,675797.0,389348,1038261.0,765348,2040928.0,26.00376783783784,62.48457662162161,83.30341040540539,90.70223310810812,100.0
00:00:30,150776,402069.0,3.0,178224,475264.0,256056,682816.0,383708,1023221.0,731132,1949685.0,32.259577866666675,69.49179693333335,90.2164728,96.67555919999997,100.0
00:00:33,158672,423125.0,3.0,183300,488800.0,271096,722922.0,406268,1083381.0,762904,2034410.0,32.13667266666666,69.33457239999998,89.40774773333332,94.27988120000003,100.0
00:00:36,162620,433653.0,3.0,198340,528906.0,271096,722922.0,386340,1030240.0,703872,1876992.0,29.423492837837845,66.59975216216212,86.91480013513514,93.47502567567567,100.0
00:00:39,161492,430645.0,3.0,202100,538933.0,306816,818176.0,439732,1172618.0,775688,2068501.0,27.945893733333325,62.77624133333333,85.76849066666666,95.43632240000001,100.0
00:00:42,160740,428640.0,3.0,193828,516874.0,304748,812661.0,458344,1222250.0,881908,2351754.0,20.773652133333325,57.265467333333326,80.13336813333332,93.14582373333336,100.0
00:00:45,158484,422624.0,3.0,192512,513365.0,293280,782080.0,432776,1154069.0,760272,2027392.0,27.341830405405407,63.844604189189184,86.2986281081081,93.8424894594595,100.0
00:00:48,156228,416608.0,3.0,187060,498826.0,282752,754005.0,403636,1076362.0,734328,1958208.0,33.347922399999995,69.77998360000001,88.33550840000004,93.52674973333335,100.0
00:00:51,166756,444682.0,3.0,203980,543946.0,286700,764533.0,401004,1069344.0,696164,1856437.0,40.35206533333333,74.3581705333333,90.42314160000001,96.47014800000002,100.0
00:00:54,157544,420117.0,3.0,182360,486293.0,234248,624661.0,338588,902901.0,629988,1679968.0,43.112685945945934,77.97905405405405,93.90943229729729,96.84631445945942,100.0
00:00:57,160176,427136.0,3.0,191384,510357.0,277112,738965.0,394424,1051797.0,709888,1893034.0,43.54336760000001,74.64203146666665,89.94494293333334,93.93307,100.0
00:01:00,155100,413600.0,3.0,187812,500832.0,248912,663765.0,343476,915936.0,616452,1643872.0,41.118013866666644,73.43110986666665,91.03207613333333,96.05592493333336,100.0
00:01:03,150776,402069.0,3.0,174088,464234.0,239136,637696.0,344416,918442.0,692028,1845408.0,34.87079054054055,72.92325783783782,91.35964081081084,96.33543175675675,100.0
00:01:06,170516,454709.0,3.0,186872,498325.0,245528,654741.0,354380,945013.0,673604,1796277.0,30.305744666666662,66.34485533333333,87.32698906666667,95.32990386666664,100.0
00:01:09,165816,442176.0,3.0,203228,541941.0,297604,793610.0,433528,1156074.0,776440,2070506.0,30.763870933333333,64.2685852,84.73510039999998,92.2795941333333,100.0
00:01:12,157544,420117.0,3.0,202852,540938.0,321668,857781.0,458908,1223754.0,813664,2169770.0,28.009849594594595,65.08949135135137,84.70668,93.87427513513516,100.0
00:01:15,163372,435658.0,3.0,196648,524394.0,266960,711893.0,389724,1039264.0,705564,1881504.0,28.984996533333323,65.60322280000003,86.34555719999999,93.40193426666667,100.0
00:01:18,166944,445184.0,3.0,194392,518378.0,260192,693845.0,385588,1028234.0,699924,1866464.0,26.971006133333336,60.52130493333334,81.54873879999998,92.6095584,100.0
00:01:21,150588,401568.0,3.0,196084,522890.0,293844,783584.0,428452,1142538.0,737336,1966229.0,19.96088405405405,56.98840648648647,78.61227027027026,88.28101364864864,100.0
00:01:24,153784,410090.0,3.0,181984,485290.0,260004,693344.0,384084,1024224.0,687892,1834378.0,18.877567599999995,54.86542053333332,78.33889213333332,91.51541040000001,100.0
00:01:27,150588,401568.0,3.0,172772,460725.0,269404,718410.0,416232,1109952.0,805204,2147210.0,29.184148133333323,62.542282399999976,83.9067968,93.4754486666667,100.0
00:01:30,151152,403072.0,3.0,193076,514869.0,324300,864800.0,475640,1268373.0,867620,2313653.0,25.184166756756767,62.74844797297296,82.62315256756754,89.99988256756754,100.0
00:01:33,162056,432149.0,3.0,188188,501834.0,251168,669781.0,361524,964064.0,669092,1784245.0,26.08095306666666,58.87051106666666,81.93299719999999,91.50948879999997,100.0
00:01:36,166756,444682.0,3.0,212252,566005.0,339716,905909.0,479024,1277397.0,833216,2221909.0,24.296971333333335,57.46813106666664,78.22550960000001,91.62332799999999,100.0
00:01:39,175028,466741.0,3.0,231052,616138.0,391040,1042773.0,555916,1482442.0,902964,2407904.0,27.92182540540541,62.648108378378375,86.60606959459456,94.35551229729728,100.0
00:01:42,169952,453205.0,3.0,229548,612128.0,372616,993642.0,532792,1420778.0,871192,2323178.0,27.548722266666665,62.4060936,79.10978573333331,91.22771573333335,100.0
00:01:45,163748,436661.0,3.0,205108,546954.0,296288,790101.0,418112,1114965.0,737336,1966229.0,34.04933453333333,66.02024800000001,86.63389813333333,92.54056933333335,100.0
00:01:48,159236,424629.0,3.0,193076,514869.0,252296,672789.0,349680,932480.0,632056,1685482.0,27.190607297297287,64.91691932432431,82.39436554054055,89.10493513513515,100.0
00:01:51,156604,417610.0,3.0,183676,489802.0,223908,597088.0,307756,820682.0,544824,1452864.0,25.165528800000004,59.6865596,81.37081146666668,88.72410520000003,100.0
00:01:54,162808,434154.0,3.0,196648,524394.0,285948,762528.0,408524,1089397.0,717220,1912586.0,16.879650800000004,51.073504800000016,74.81398360000003,89.47919159999996,100.0
00:01:57,162244,432650.0,3.0,211876,565002.0,358704,956544.0,520572,1388192.0,881908,2351754.0,15.594047837837838,46.022326081081076,69.04196554054055,85.37399675675674,100.0
00:02:00,158108,421621.0,3.0,210184,560490.0,358704,956544.0,520572,1388192.0,902212,2405898.0,33.28546466666667,66.30938026666671,84.69942173333334,91.28736973333334,100.0
00:02:03,165064,440170.0,3.0,207176,552469.0,278428,742474.0,381076,1016202.0,649540,1732106.0,39.10299653333335,69.2892784,86.33057226666666,91.55103706666668,100.0
00:02:06,157732,420618.0,3.0,199468,531914.0,267336,712896.0,376000,1002666.0,660444,1761184.0,36.0818208,65.53115039999999,83.94183000000001,89.72227226666666,100.0
00:02:09,122012,325365.0,3.0,174840,466240.0,206988,551968.0,227292,606112.0,317344,846250.0,38.54251054054055,68.71491662162161,83.67280229729727,88.80993243243242,100.0
00:02:12,150024,400064.0,3.0,168636,449696.0,205296,547456.0,263388,702368.0,470000,1253333.0,30.260761733333318,60.33409453333335,79.92447733333333,87.51580240000004,100.0
00:02:15,168448,449194.0,3.0,195520,521386.0,218268,582048.0,265268,707381.0,466992,1245312.0,28.609983066666675,63.31878973333336,83.0803428,90.74872133333334,100.0
00:02:18,194016,517376.0,3.0,210560,561493.0,273352,728938.0,374120,997653.0,628484,1675957.0,28.229446891891897,63.006647702702715,83.13544405405406,91.82207162162165,100.0
00:02:21,176532,470752.0,3.0,228984,610624.0,319600,852266.0,432212,1152565.0,730380,1947680.0,28.89526373333334,66.72129653333337,85.91586626666665,92.93504893333332,100.0
00:02:24,180104,480277.0,3.0,346484,923957.0,471692,1257845.0,512300,1366133.0,644840,1719573.0,18.82582546666666,52.08334546666667,73.91143800000002,82.82847693333333,100.0
00:02:27,217516,580042.0,3.0,277488,739968.0,455712,1215232.0,625852,1668938.0,972336,2592896.0,25.869891351351352,58.61308189189189,78.98626972972973,90.21598824324326,100.0
00:02:30,163748,436661.0,3.0,231616,617642.0,394424,1051797.0,551028,1469408.0,957484,2553290.0,15.374162133333336,50.80648079999999,73.22400746666669,83.70702733333334,100.0
00:02:33,166192,443178.0,3.0,212064,565504.0,286512,764032.0,406456,1083882.0,692404,1846410.0,13.746128133333329,45.48258426666666,67.6461068,81.35411853333335,100.0
00:02:36,166004,442677.0,3.0,195332,520885.0,230300,614133.0,295160,787093.0,524144,1397717.0,26.167694459459454,55.50402959459463,75.69694162162163,85.27269554054055,100.0
00:02:39,157168,419114.0,3.0,184804,492810.0,220524,588064.0,310764,828704.0,572272,1526058.0,27.48285613333334,63.33905879999998,82.398486,89.84895026666669,100.0
00:02:42,164500,438666.0,3.0,191948,511861.0,255116,680309.0,353252,942005.0,645028,1720074.0,22.168496400000002,56.52170240000001,78.81115813333332,87.46521866666664,100.0
00:02:45,156604,417610.0,3.0,194204,517877.0,279744,745984.0,415104,1106944.0,747488,1993301.0,28.268437972972976,57.57609972972973,75.61814797297298,84.82137635135136,100.0
00:02:48,121824,324864.0,3.0,196272,523392.0,263576,702869.0,324864,866304.0,470940,1255840.0,26.01859226666667,56.77143920000001,73.55553720000003,83.0324546666667,100.0
00:02:51,144008,384021.0,3.0,183112,488298.0,209620,558986.0,253612,676298.0,454396,1211722.0,26.17150413333334,56.810414266666676,72.88195546666667,82.25403879999999,100.0
00:02:54,145512,388032.0,3.0,181984,485290.0,213004,568010.0,247408,659754.0,407396,1086389.0,26.57837743243242,54.640372297297304,73.03834283783787,82.87895999999999,100.0
00:02:57,136112,362965.0,3.0,167320,446186.0,198904,530410.0,254176,677802.0,471316,1256842.0,29.9661352,56.7821248,77.90545146666666,86.42754200000002,100.0
00:03:00,163184,435157.0,3.0,202100,538933.0,267524,713397.0,364532,972085.0,613068,1634848.0,29.154408533333342,65.76181346666664,85.46500973333329,93.2791862666667,100.0
00:03:03,160176,427136.0,3.0,176720,471253.0,206424,550464.0,289144,771050.0,543132,1448352.0,30.263732432432445,65.66935621621622,84.16895527027027,90.90534540540538,100.0
00:03:06,156040,416106.0,3.0,186120,496320.0,235376,627669.0,349492,931978.0,671348,1790261.0,22.91456866666667,55.460348266666664,76.95599920000004,86.77103119999998,100.0
00:03:09,160364,427637.0,3.0,184992,493312.0,297792,794112.0,461164,1229770.0,893940,2383840.0,21.080782266666663,53.446627600000014,74.13504573333334,85.91283253333336,100.0
00:03:12,191008,509354.0,3.0,233684,623157.0,293092,781578.0,392920,1047786.0,682628,1820341.0,30.176319864864876,70.10791121621622,88.98416999999998,94.81144702702704,100.0
00:03:15,162056,432149.0,3.0,206048,549461.0,300988,802634.0,431836,1151562.0,751436,2003829.0,21.8146768,53.1565776,73.79181106666664,87.99138546666667,100.0
00:03:18,167320,446186.0,3.0,208304,555477.0,328812,876832.0,486920,1298453.0,885480,2361280.0,25.728689733333347,56.919450266666644,77.56511893333332,89.80159026666665,100.0
00:03:21,157356,419616.0,3.0,194768,519381.0,265832,708885.0,388408,1035754.0,679432,1811818.0,25.747818918918927,62.54389405405404,80.31264364864866,87.66509527027029,100.0
00:03:24,162620,433653.0,3.0,194580,518880.0,236504,630677.0,317720,847253.0,553284,1475424.0,32.62540586666666,65.12541373333332,82.99166493333334,88.80171293333333,100.0
00:03:27,161304,430144.0,3.0,195896,522389.0,245340,654240.0,333700,889866.0,584304,1558144.0,28.631303066666653,58.56657306666666,78.39402039999996,88.14849200000005,100.0
00:03:30,153972,410592.0,3.0,184428,491808.0,258124,688330.0,372428,993141.0,672100,1792266.0,26.977806081081088,65.6234968918919,83.52804108108107,90.6592068918919,100.0
00:03:33,139308,371488.0,3.0,163936,437162.0,209620,558986.0,300048,800128.0,576408,1537088.0,27.37104986666667,62.29731480000001,82.55007719999998,88.94361560000002,100.0
00:03:36,162620,433653.0,3.0,196272,523392.0,217328,579541.0,272788,727434.0,486356,1296949.0,28.308425066666658,60.11455319999998,80.94439986666666,88.40410080000001,100.0
00:03:39,173336,462229.0,3.0,229172,611125.0,338776,903402.0,492372,1312992.0,762152,2032405.0,26.403648243243232,57.35345013513515,77.91903445945943,84.94261459459459,100.0
00:03:42,170892,455712.0,3.0,220336,587562.0,313020,834720.0,456464,1217237.0,768920,2050453.0,30.735079600000013,62.87270560000001,82.36226933333334,89.55297519999999,100.0
00:03:45,159048,424128.0,3.0,200408,534421.0,300800,802133.0,455712,1215232.0,838292,2235445.0,33.435067999999994,64.45266346666665,82.52247466666667,90.16068306666666,100.0
00:03:48,157168,419114.0,3.0,187248,499328.0,235752,628672.0,332384,886357.0,595584,1588224.0,33.07729905405406,64.44362662162162,83.15418567567566,89.46958162162159,100.0
00:03:51,137616,366976.0,3.0,162432,433152.0,209432,558485.0,297792,794112.0,523768,1396714.0,28.913839599999992,62.57172146666665,82.25184066666667,88.75346693333331,100.0
00:03:54,157544,420117.0,3.0,199468,531914.0,252672,673792.0,329564,878837.0,543884,1450357.0,29.519884266666676,62.043779600000015,80.91968466666668,87.37389946666667,100.0
00:03:57,149084,397557.0,3.0,188752,503338.0,242896,647722.0,294220,784586.0,490868,1308981.0,33.06529054054056,65.05505635135137,85.71304959459461,92.6988375675676,100.0
00:04:00,155664,415104.0,3.0,178036,474762.0,264704,705877.0,394612,1052298.0,718536,1916096.0,28.984739600000005,64.08556333333333,82.3313345333333,89.02459066666665,100.0
00:04:03,165252,440672.0,3.0,201348,536928.0,281060,749493.0,384460,1025226.0,669468,1785248.0,39.079960799999995,74.02241799999999,93.58987399999998,97.95114493333334,100.0
00:04:06,158860,423626.0,3.0,172584,460224.0,219772,586058.0,335768,895381.0,671348,1790261.0,30.196073866666666,65.26122933333335,85.03638866666672,91.45794159999998,100.0
00:04:09,161680,431146.0,3.0,197964,527904.0,240640,641706.0,309072,824192.0,535424,1427797.0,23.29192608108108,57.33948310810811,77.54176148648645,89.79334864864865,100.0
00:04:12,173336,462229.0,3.0,266960,711893.0,450824,1202197.0,680560,1814826.0,1253960,3343893.0,27.649572666666668,63.27014399999999,81.15957999999998,91.2509150666667,100.0
00:04:15,160364,427637.0,3.0,202664,540437.0,283692,756512.0,426572,1137525.0,758580,2022880.0,19.08445426666666,53.59338626666669,76.0639252,85.89602893333333,100.0
00:04:18,151904,405077.0,3.0,172960,461226.0,217328,579541.0,328248,875328.0,614196,1637856.0,22.174569864864868,58.48831310810814,78.54408135135132,87.2483722972973,100.0
00:04:21,182360,486293.0,3.0,213380,569013.0,308132,821685.0,432024,1152064.0,749932,1999818.0,22.01857773333333,60.35582013333334,81.60705666666667,89.84990586666665,100.0
00:04:24,156040,416106.0,3.0,179540,478773.0,262448,699861.0,413224,1101930.0,825320,2200853.0,16.251834800000005,56.9385732,78.93600399999995,88.12386373333335,100.0
00:04:27,172396,459722.0,3.0,213004,568010.0,318472,849258.0,477520,1273386.0,860476,2294602.0,27.435364324324336,57.27653081081078,78.87914972972972,87.70661837837841,100.0
00:04:30,159424,425130.0,3.0,193828,516874.0,249664,665770.0,369420,985120.0,629800,1679466.0,25.763389200000006,61.11231893333331,80.21468346666664,87.67675986666666,100.0
00:04:33,169388,451701.0,3.0,200972,535925.0,277864,740970.0,393672,1049792.0,682252,1819338.0,26.258371333333333,62.67692199999996,86.38860146666666,94.57834759999997,100.0
00:04:36,147016,392042.0,3.0,177284,472757.0,267900,714400.0,402132,1072352.0,760084,2026890.0,22.575083108108114,64.63451297297297,86.4788312162162,93.6235406756757,100.0
00:04:39,146452,390538.0,3.0,166756,444682.0,225224,600597.0,332948,887861.0,633936,1690496.0,28.8533888,62.814524533333355,82.69444320000001,90.22139373333331,100.0
00:04:42,146828,391541.0,3.0,172396,459722.0,223532,596085.0,320164,853770.0,609120,1624320.0,30.87032599999999,65.87492080000001,86.56438320000002,92.72905480000004,100.0
00:04:45,148332,395552.0,3.0,169576,452202.0,214320,571520.0,315652,841738.0,593704,1583210.0,29.437640810810805,61.41622081081082,79.90523635135135,87.38102040540541,100.0
00:04:48,154536,412096.0,3.0,177660,473760.0,211124,562997.0,280872,748992.0,521888,1391701.0,29.409481866666667,61.757064799999995,82.12451800000002,90.05744613333334,100.0
00:04:51,151152,403072.0,3.0,176532,470752.0,214696,572522.0,297228,792608.0,556856,1484949.0,27.027298400000003,59.54495893333334,80.96569786666667,88.29253093333331,100.0
00:04:54,151528,404074.0,3.0,175592,468245.0,206048,549461.0,278428,742474.0,513804,1370144.0,26.721890270270276,61.085464459459466,81.29062216216212,88.72876108108113,100.0
00:04:57,147392,393045.0,3.0,167132,445685.0,205860,548960.0,299672,799125.0,568512,1516032.0,23.70620173333333,60.16162413333334,79.80759333333329,87.51593826666667,100.0
00:05:00,147392,393045.0,3.0,173712,463232.0,214696,572522.0,312268,832714.0,592576,1580202.0,26.02622746666667,65.34950066666664,85.03464893333334,91.28538066666663,100.0
00:05:03,163748,436661.0,3.0,182548,486794.0,254552,678805.0,378256,1008682.0,706880,1885013.0,18.15954608108107,54.44717716216216,76.17500594594591,87.5496408108108,100.0
00:05:06,166380,443680.0,3.0,218268,582048.0,357952,954538.0,509856,1359616.0,877772,2340725.0,18.608288266666673,49.00960973333332,70.73299346666664,86.0917464,100.0
00:05:09,164500,438666.0,3.0,205484,547957.0,316592,844245.0,469812,1252832.0,845812,2255498.0,17.45227773333333,52.27096520000001,75.78933599999998,88.08831986666665,100.0
00:05:12,168448,449194.0,3.0,216388,577034.0,338400,902400.0,503464,1342570.0,883036,2354762.0,21.663506351351362,54.11413081081079,77.68528648648643,91.63178472972969,100.0
00:05:15,162808,434154.0,3.0,208680,556480.0,341032,909418.0,494064,1317504.0,859348,2291594.0,20.51844013333333,57.41424533333332,78.64704199999998,88.83749813333334,100.0
00:05:18,167508,446688.0,3.0,216952,578538.0,318660,849760.0,454584,1212224.0,760836,2028896.0,26.711449599999998,63.21993453333334,84.84944546666665,94.45794000000002,100.0
00:05:21,169576,452202.0,3.0,228420,609120.0,374308,998154.0,551216,1469909.0,943760,2516693.0,24.553700405405408,58.973957702702705,79.1732114864865,96.14385770270269,100.0
00:05:24,162056,432149.0,3.0,204920,546453.0,341032,909418.0,513052,1368138.0,931916,2485109.0,24.191513066666676,56.37121293333335,79.34784133333334,92.3335032,100.0
00:05:27,160928,429141.0,3.0,206048,549461.0,308884,823690.0,447440,1193173.0,773996,2063989.0,20.759316266666662,57.643257866666666,79.62976000000002,89.18291373333332,100.0
00:05:30,164688,439168.0,3.0,209432,558485.0,304372,811658.0,434468,1158581.0,741848,1978261.0,24.364009459459464,60.55023067567567,81.38812702702702,89.56415864864863,100.0
00:05:33,177660,473760.0,3.0,217892,581045.0,333512,889365.0,484476,1291936.0,837916,2234442.0,31.371940533333333,63.23954760000001,83.92614053333334,92.04167039999997,100.0
00:05:36,157544,420117.0,3.0,203040,541440.0,295912,789098.0,427136,1139029.0,707632,1887018.0,36.41524693333335,68.80372293333333,86.47350813333334,91.98946506666667,100.0
00:05:39,143444,382517.0,3.0,175404,467744.0,244776,652736.0,371676,991136.0,726620,1937653.0,24.92992337837838,66.17824189189191,90.74505216216215,95.19780756756758,100.0
00:05:42,158296,422122.0,3.0,174652,465738.0,262824,700864.0,403072,1074858.0,802572,2140192.0,24.800108266666662,62.3962972,79.73810106666666,89.64806013333332,100.0
00:05:45,171268,456714.0,3.0,217516,580042.0,292340,779573.0,421496,1123989.0,712144,1899050.0,22.656025200000013,59.00329279999999,80.1850264,87.13980173333334,100.0
00:05:48,150024,400064.0,3.0,185744,495317.0,261696,697856.0,385964,1029237.0,706316,1883509.0,21.11809378378378,59.35536972972975,80.62115378378381,88.15410567567567,100.0
00:05:51,168260,448693.0,3.0,191760,511360.0,242520,646720.0,353628,943008.0,662700,1767200.0,31.184486800000013,66.47046613333336,87.48485466666665,93.40633919999999,100.0
00:05:54,157920,421120.0,3.0,198528,529408.0,328248,875328.0,489928,1306474.0,885104,2360277.0,33.70301333333334,71.70121173333334,89.81252013333334,94.31790546666667,100.0
00:05:57,160176,427136.0,3.0,185368,494314.0,291024,776064.0,438040,1168106.0,806708,2151221.0,21.860204054054055,51.790933513513515,75.36222027027026,89.64020135135135,100.0
00:06:00,154160,411093.0,3.0,205860,548960.0,354192,944512.0,530160,1413760.0,947332,2526218.0,27.35760719999999,66.07238360000001,87.21377000000001,92.74917786666667,100.0
00:06:03,150400,401066.0,3.0,174276,464736.0,232932,621152.0,347236,925962.0,674732,1799285.0,27.818297866666665,62.52523573333333,83.30674439999997,89.60431413333332,100.0
00:06:06,162808,434154.0,3.0,195332,520885.0,290084,773557.0,423000,1128000.0,749744,1999317.0,21.02360626666667,58.26503053333334,79.78329413333331,87.25679666666666,100.0
00:06:09,174464,465237.0,3.0,202100,538933.0,234624,625664.0,316780,844746.0,574528,1532074.0,24.93611729729729,63.70239891891891,83.58839310810814,90.56369337837837,100.0
00:06:12,151340,403573.0,3.0,203228,541941.0,312832,834218.0,441236,1176629.0,759520,2025386.0,26.611958666666666,62.91609533333334,82.44275853333333,90.53098293333333,100.0
00:06:15,153784,410090.0,3.0,171456,457216.0,226540,604106.0,340656,908416.0,648036,1728096.0,17.749831866666668,54.013106266666654,76.70182093333335,85.10643760000002,100.0
00:06:18,155288,414101.0,3.0,182360,486293.0,250040,666773.0,355884,949024.0,654428,1745141.0,29.279121351351353,61.451490810810824,81.18537202702704,87.54858824324324,100.0
00:06:21,154536,412096.0,3.0,179728,479274.0,210560,561493.0,289332,771552.0,534108,1424288.0,28.682086000000005,60.40723813333334,78.38744066666666,85.06967159999998,100.0
00:06:24,164500,438666.0,3.0,192136,512362.0,221464,590570.0,290648,775061.0,543508,1449354.0,24.94894933333334,61.96334013333335,82.26463760000003,89.44889346666666,100.0
00:06:27,155288,414101.0,3.0,181984,485290.0,242332,646218.0,359268,958048.0,667776,1780736.0,24.63238743243243,60.585911621621634,80.91642810810814,87.76656418918915,100.0
00:06:30,160740,428640.0,3.0,187248,499328.0,229736,612629.0,324864,866304.0,589944,1573184.0,28.269287066666664,62.43555240000001,80.78819266666666,87.49312840000002,100.0
00:06:33,160928,429141.0,3.0,187812,500832.0,240076,640202.0,335016,893376.0,609120,1624320.0,30.097351733333333,60.087694400000025,79.33065226666666,86.65378466666668,100.0
00:06:36,148520,396053.0,3.0,170140,453706.0,198152,528405.0,276360,736960.0,523580,1396213.0,30.325002702702694,60.933935000000005,80.56131297297294,87.67609743243244,100.0
00:06:39,163936,437162.0,3.0,189880,506346.0,219396,585056.0,284256,758016.0,521888,1391701.0,37.69147186666667,68.65496813333333,85.45812813333332,91.24232666666667,100.0
00:06:42,157544,420117.0,3.0,186684,497824.0,228984,610624.0,320352,854272.0,557984,1487957.0,37.15311893333333,68.29904946666669,84.37942559999998,89.74352653333331,100.0
00:06:45,159048,424128.0,3.0,182548,486794.0,211876,565002.0,256432,683818.0,441236,1176629.0,39.86706608108107,69.25006756756756,85.26845986486487,90.50220310810809,100.0
00:06:48,156228,416608.0,3.0,181608,484288.0,212252,566005.0,256056,682816.0,434092,1157578.0,39.96625520000001,70.15335986666666,86.32535973333333,91.29183026666665,100.0
00:06:51,153784,410090.0,3.0,178976,477269.0,218644,583050.0,284444,758517.0,503652,1343072.0,30.21072573333334,62.62999480000001,81.34830199999996,88.028,100.0
00:06:54,150212,400565.0,3.0,172772,460725.0,208868,556981.0,285196,760522.0,530912,1415765.0,24.353582027027024,59.83443540540542,79.8625925675676,87.4285331081081,100.0
00:06:57,163748,436661.0,3.0,193264,515370.0,273916,730442.0,399500,1065333.0,706128,1883008.0,21.9393728,56.11949639999999,79.6302472,87.79044359999997,100.0
00:07:00,163748,436661.0,3.0,192136,512362.0,258876,690336.0,377504,1006677.0,691840,1844906.0,36.30759013333334,64.8217748,82.34379533333335,87.7806592,100.0
00:07:03,143068,381514.0,3.0,175780,468746.0,222028,592074.0,304184,811157.0,551216,1469909.0,23.237082432432437,58.64716675675677,80.19669256756757,87.6087504054054,100.0
00:07:06,136488,363968.0,3.0,163748,436661.0,187624,500330.0,225788,602101.0,430896,1149056.0,22.44666333333332,55.26565293333334,76.58785440000001,84.82476666666663,100.0
00:07:09,140812,375498.0,3.0,160552,428138.0,184616,492309.0,234624,625664.0,457216,1219242.0,20.018430133333336,56.328412666666665,76.56665133333331,84.63777426666667,100.0
00:07:12,163936,437162.0,3.0,180668,481781.0,231992,618645.0,334828,892874.0,662324,1766197.0,27.5147304054054,68.6867897297297,85.52242121621622,92.71691783783785,100.0
00:07:15,159612,425632.0,3.0,203604,542944.0,304748,812661.0,426948,1138528.0,751436,2003829.0,24.136867066666674,55.978458,77.46833066666665,87.18999399999997,100.0
00:07:18,162808,434154.0,3.0,203980,543946.0,270908,722421.0,391040,1042773.0,674920,1799786.0,24.64756173333333,58.982359333333335,78.8063168,85.95933893333336,100.0
00:07:21,162996,434656.0,3.0,198340,528906.0,260756,695349.0,370172,987125.0,639764,1706037.0,21.402929189189205,57.35765202702703,79.44121108108112,87.24954513513514,100.0
00:07:24,160928,429141.0,3.0,198904,530410.0,303620,809653.0,441236,1176629.0,784148,2091061.0,17.852778666666662,57.937619066666656,81.32465093333332,91.15659266666667,100.0
00:07:27,153972,410592.0,3.0,187060,498826.0,293656,783082.0,449884,1199690.0,836224,2229930.0,15.659669200000005,52.339493733333335,77.38647320000001,91.25265626666669,100.0
00:07:30,157920,421120.0,3.0,208868,556981.0,352312,939498.0,521136,1389696.0,911612,2430965.0,21.64472297297298,52.96012621621621,75.87570527027029,89.65069405405406,100.0
00:07:33,157732,420618.0,3.0,193828,516874.0,267524,713397.0,385776,1028736.0,669468,1785248.0,30.746169733333335,64.93289413333333,84.08908826666666,91.01350480000004,100.0
00:07:34.040000,79524,611723.0,1.04,107536,827200.0,153220,1178615.0,209620,1612461.0,338964,2607415.0,30.746169733333335,64.93289413333333,84.08908826666666,91.01350480000004,100.0
