delta_t_s,256x144x30_size_byte,256x144x30_bitrate,seg_len_s,426x240x30_size_byte,426x240x30_bitrate,640x360x30_size_byte,640x360x30_bitrate,854x480x30_size_byte,854x480x30_bitrate,1280x720x30_size_byte,1280x720x30_bitrate,1920x1080x30_size_byte,1920x1080x30_bitrate,256x144x30_vmaf_score,426x240x30_vmaf_score,640x360x30_vmaf_score,854x480x30_vmaf_score,1280x720x30_vmaf_score,1920x1080x30_vmaf_score
00:00:03.003000,149836,399163.0,3.003,170892,455256.0,204732,545406.0,255680,681132.0,424316,1130378.0,835096,2224697.0,25.95895833333334,41.9799871111111,53.231883777777796,55.12514244444444,57.65438077777773,100.0
00:00:06.006000,144196,384138.0,3.003,172960,460765.0,206800,550915.0,269216,717192.0,476204,1268608.0,968012,2578786.0,15.488356404494382,26.28850359550563,34.00882235955056,36.387178651685396,38.72388483146068,100.0
00:00:09.009000,146264,389647.0,3.003,178412,475290.0,218268,581466.0,291400,776290.0,535236,1425870.0,1088708,2900321.0,19.15884777777778,32.653960666666684,43.64350322222223,46.65922944444444,49.75650611111112,100.0
00:00:12.012000,142504,379631.0,3.003,166756,444238.0,208492,555423.0,294784,785305.0,557608,1485469.0,1147928,3058083.0,33.93425752808989,48.62388494382023,61.402486853932615,64.21567943820223,68.05312280898879,100.0
00:00:15.015000,141752,377627.0,3.003,166192,442735.0,195896,521867.0,259816,692150.0,465488,1240061.0,935300,2491641.0,42.512051333333304,59.42686788888887,73.26929544444444,76.40680755555557,79.80664422222222,100.0
00:00:18.018000,145136,386642.0,3.003,165064,439730.0,191572,510348.0,248348,661599.0,452516,1205503.0,918380,2446566.0,33.896734888888886,46.19892,59.310498222222215,61.68397766666665,65.451748,100.0
00:00:20.987633,142316,383390.0,2.969633,167696,451762.0,199468,537353.0,264704,713095.0,477708,1286914.0,978728,2636630.0,36.95413325842694,51.21157280898877,64.66692685393254,66.36953820224718,70.89652224719102,100.0
00:00:23.957266,137052,369209.0,2.969633,159236,428971.0,186120,501395.0,228608,615855.0,419428,1129912.0,836224,2252733.0,57.9637116666667,72.81547266666668,77.75215255555555,80.13377211111111,84.56400900000001,100.0
00:00:26.926899,141564,381364.0,2.969633,170140,458346.0,189880,511524.0,226352,609777.0,333700,898966.0,620588,1671824.0,62.22949269662921,73.97230179775285,78.12289910112361,81.00964674157304,86.34516382022474,100.0
00:00:29.896532,134044,361105.0,2.969633,169012,455307.0,187060,503927.0,211876,570780.0,296852,799700.0,578852,1559389.0,33.927595,59.21419400000002,78.03343377777774,82.59582122222224,88.23737755555554,100.0
00:00:32.866165,150776,406180.0,2.969633,179352,483162.0,206236,555586.0,237632,640165.0,376000,1012919.0,712708,1919989.0,24.949130444444442,44.704421111111124,60.07131244444443,63.326361777777755,66.65725522222222,100.0
00:00:35.869165,152280,405674.0,3.003,177284,472285.0,203792,542902.0,238196,634554.0,381076,1015187.0,731884,1949740.0,25.344815955056173,56.34996,72.2120488764045,76.51697224719102,80.4390079775281,100.0
00:00:38.872165,191008,508845.0,3.003,225224,599997.0,271096,722200.0,297040,791315.0,437664,1165938.0,811408,2161593.0,33.11449288888888,55.36586488888889,63.7345474444444,66.09792166666668,67.9917937777778,100.0
00:00:41.875165,147204,392151.0,3.003,179164,477293.0,214696,571950.0,261132,695656.0,411908,1097324.0,792232,2110508.0,38.352551460674135,48.36819640449439,58.076560674157285,61.27104977528091,65.04058539325843,100.0
00:00:44.878165,140060,373120.0,3.003,166004,442235.0,179728,478795.0,208868,556424.0,379384,1010679.0,794488,2116518.0,33.11646522222221,43.268117000000004,54.580346999999996,57.60026833333333,62.06600333333338,100.0
00:00:47.881165,148332,395156.0,3.003,176720,470782.0,208492,555423.0,256432,683135.0,437100,1164435.0,872132,2323361.0,25.66172988888889,36.925189,46.94441155555554,49.92770899999998,53.647062888888904,100.0
00:00:50.884165,145888,388646.0,3.003,169200,450749.0,201160,535890.0,272976,727208.0,503088,1340227.0,1000348,2664929.0,19.447573483146066,44.98107348314607,60.191397865168554,65.68371730337077,70.94530741573037,100.0
00:00:53.853798,155476,418842.0,2.969633,181796,489746.0,207364,558625.0,272600,734366.0,481092,1296030.0,929848,2504950.0,10.862890777777778,44.04034788888888,64.376936,72.89877322222222,78.9344581111111,100.0
00:00:56.823431,157732,424919.0,2.969633,192512,518614.0,234812,632568.0,303244,816919.0,521512,1404919.0,965192,2600165.0,10.686663033707866,44.37423168539326,65.94973910112361,74.2465346067416,80.49332179775281,100.0
00:00:59.793064,164688,443658.0,2.969633,196460,529250.0,235564,634594.0,300424,809322.0,504968,1360351.0,936052,2521663.0,14.958970888888883,48.157082555555554,70.27104355555556,78.96151433333334,85.6183923333333,100.0
00:01:02.762697,159988,430997.0,2.969633,188000,506459.0,225036,606232.0,298920,805271.0,514932,1387193.0,958048,2580919.0,24.996040337078657,56.315107640449455,78.85008292134835,86.07712146067416,92.17946797752809,100.0
00:01:05.732330,133292,359080.0,2.969633,158108,425932.0,183676,494811.0,223344,601674.0,399688,1076733.0,808400,2177777.0,19.854546777777777,45.180548666666674,62.26195522222222,67.87977866666667,72.02832688888891,100.0
00:01:08.701963,148144,399090.0,2.969633,185180,498862.0,224096,603700.0,268464,723224.0,423376,1140547.0,831148,2239059.0,21.923936777777776,35.505526666666675,42.49025755555556,44.81568511111113,46.31498166666665,100.0
00:01:11.704963,142504,379631.0,3.003,165252,440231.0,225412,600498.0,331444,882967.0,637320,1697822.0,1300772,3465260.0,21.277056516853932,36.250738764044954,44.99562280898876,47.95496449438204,50.24709494382023,100.0
00:01:14.707963,142128,378629.0,3.003,162620,433220.0,224284,597493.0,339340,904002.0,647848,1725868.0,1329536,3541887.0,23.554115888888894,43.72211455555556,55.99984388888888,58.55211311111108,64.36575744444444,100.0
00:01:17.710963,156040,415690.0,3.003,181796,484305.0,207928,553920.0,264328,704170.0,465300,1239560.0,959364,2555748.0,23.313564157303375,46.98105348314607,59.14111629213485,62.443393932584236,67.27918775280902,100.0
00:01:20.713963,148896,396659.0,3.003,178036,474288.0,201536,536892.0,236692,630548.0,408336,1087808.0,799564,2130040.0,30.121706888888898,58.19713366666665,71.04076777777777,74.17923011111111,79.40022888888886,100.0
00:01:23.716963,156228,416191.0,3.003,186684,497326.0,210372,560431.0,242708,646574.0,359080,956590.0,681312,1815016.0,38.0751091111111,62.15151166666665,72.017517,73.99936144444442,77.172663,100.0
00:01:26.686596,145700,392506.0,2.969633,177848,479111.0,197588,532289.0,222404,599142.0,345168,929860.0,695600,1873901.0,32.33626955056181,59.20030123595503,75.12290820224717,79.12735977528091,82.71215584269665,100.0
00:01:29.656229,134984,363638.0,2.969633,165440,445684.0,193452,521147.0,222968,600661.0,344416,927834.0,661948,1783245.0,27.73548344444444,58.23466700000001,77.28801544444445,81.81478777777777,85.15659455555556,100.0
00:01:32.625862,149460,402635.0,2.969633,175216,472020.0,201348,542418.0,230864,621932.0,378444,1019503.0,731132,1969622.0,20.668814943820234,51.929406067415755,72.76069764044942,79.99605011235954,84.39760101123593,100.0
00:01:35.595495,173336,466956.0,2.969633,201160,541912.0,239512,645229.0,299108,805777.0,493500,1329457.0,969892,2612826.0,48.34548755555556,71.306243,81.76519255555554,84.2654018888889,87.8245368888889,100.0
00:01:38.565128,138368,372754.0,2.969633,164876,444165.0,190256,512537.0,233496,629023.0,406456,1094966.0,814228,2193477.0,27.550761000000005,45.1680532222222,57.301102888888906,62.367597444444456,67.67780055555556,100.0
00:01:41.534761,145700,392506.0,2.969633,173712,467968.0,206800,557105.0,292340,787545.0,555352,1496082.0,1147364,3090924.0,29.643363595505612,44.63419146067416,55.292953707865195,58.44261337078651,61.4724820224719,100.0
00:01:44.537761,154348,411183.0,3.003,182548,486308.0,213004,567443.0,265080,706173.0,474136,1263099.0,966132,2573778.0,36.292994555555545,51.99261100000001,59.163413777777805,61.60527922222223,64.23044266666668,100.0
00:01:47.540761,147392,392652.0,3.003,174088,463770.0,209808,558929.0,245152,653085.0,415104,1105838.0,818740,2181125.0,45.89710606741574,49.11210707865169,53.365231910112385,55.8108657303371,58.55484303370789,100.0
00:01:50.543761,147204,392151.0,3.003,178976,476792.0,226540,603503.0,315088,839395.0,620024,1651745.0,1337620,3563423.0,47.01285377777777,49.62044955555555,52.95191377777779,55.0427648888889,57.925281111111104,100.0
00:01:53.546761,147204,392151.0,3.003,176720,470782.0,224660,598494.0,303996,809846.0,601224,1601662.0,1302464,3469767.0,41.907931555555564,56.43221100000002,63.873967777777764,66.26006044444443,70.16807355555555,100.0
00:01:56.549761,138180,368111.0,3.003,174840,465774.0,208492,555423.0,231616,617025.0,324488,864436.0,625476,1666269.0,35.32047157303369,58.93020629213482,75.02910101123594,78.81990561797757,83.82993426966294,100.0
00:01:59.519394,141376,380857.0,2.969633,169764,457333.0,197588,532289.0,222028,598129.0,320352,863007.0,598968,1613581.0,33.86032522222222,55.35505444444445,71.66407755555555,76.10368522222221,80.900628,100.0
00:02:02.489027,149836,403648.0,2.969633,175404,472527.0,200220,539379.0,225412,607245.0,354568,955183.0,678868,1828826.0,30.626378651685407,54.18453808988763,67.77004808988762,71.07710595505615,74.42206247191012,100.0
00:02:05.458660,143632,386935.0,2.969633,161680,435555.0,189316,510005.0,231992,624971.0,409840,1104082.0,819680,2208165.0,40.096144111111116,63.13945288888887,76.92191299999999,80.62131488888889,84.28063988888894,100.0
00:02:08.428293,143632,386935.0,2.969633,172208,463917.0,207552,559131.0,255680,688785.0,436536,1175999.0,878148,2365674.0,48.529135056179776,64.50586292134832,75.71672584269663,79.33668573033707,82.8908393258427,100.0
00:02:11.397926,143256,385922.0,2.969633,172020,463410.0,222028,598129.0,308508,831100.0,567384,1528495.0,1157704,3118779.0,44.448162666666676,58.63234188888888,69.23949977777778,72.30300588888886,77.47997544444445,100.0
00:02:14.367559,135360,364651.0,2.969633,155664,419348.0,210748,567741.0,306440,825529.0,564000,1519379.0,1109012,2987606.0,48.527547,66.23681255555556,72.94909455555555,74.35055700000001,76.06316255555558,100.0
00:02:17.370559,152844,407176.0,3.003,176532,470281.0,201724,537393.0,247972,660598.0,442928,1179961.0,908792,2421024.0,35.09593123595504,48.8927779775281,54.169773483146066,55.70962067415735,57.1887961797753,100.0
00:02:20.373559,154160,410682.0,3.003,180480,480799.0,219772,585473.0,304372,810847.0,571708,1523031.0,1191732,3174777.0,47.65590833333334,64.09445055555555,71.72470799999999,74.112171,76.77657199999999,100.0
00:02:23.376559,165440,440732.0,3.003,189128,503837.0,219396,584471.0,252672,673118.0,390852,1041230.0,756324,2014849.0,41.75563786516853,55.198967078651705,59.478986404494364,60.13820550561801,62.64822786516852,100.0
00:02:26.379559,155476,414188.0,3.003,186872,497827.0,233872,623035.0,314336,837391.0,592576,1578624.0,1242492,3310001.0,30.553532555555556,45.75401588888888,53.71175044444444,55.86489944444444,58.46587344444444,100.0
00:02:29.382559,146076,389146.0,3.003,168824,449747.0,216764,577459.0,260004,692651.0,470564,1253583.0,949588,2529704.0,34.4284077777778,52.78822711111113,61.82867688888889,64.96264833333332,67.03123055555555,100.0
00:02:32.352192,141376,380857.0,2.969633,163372,440113.0,204920,552041.0,248724,670046.0,442552,1192206.0,915184,2465446.0,44.345024719101126,55.92802146067416,70.0730508988764,73.87229101123594,78.45832707865166,100.0
00:02:35.321825,110920,298811.0,2.969633,154348,415803.0,177660,478604.0,214320,577364.0,370736,998738.0,774184,2085601.0,44.287867111111126,56.03571366666668,71.70851366666663,74.69797888888888,80.41641655555556,100.0
00:02:38.291458,120320,324134.0,2.969633,149084,401622.0,174088,468981.0,226352,609777.0,424692,1144092.0,887924,2392010.0,24.47007584269663,49.882904831460685,67.13160123595506,72.56657707865166,77.37574853932587,100.0
00:02:41.261091,154348,415803.0,2.969633,180292,485695.0,220900,595090.0,296100,797674.0,509668,1373012.0,1014824,2733870.0,19.91353633333333,49.832603666666635,71.36705855555556,77.19718077777777,82.31354111111112,100.0
00:02:44.230724,146828,395545.0,2.969633,169952,457839.0,197588,532289.0,269216,725250.0,501396,1350728.0,1035692,2790087.0,28.08514666666667,54.60541855555556,72.15041799999997,78.35303333333336,83.7530791111111,100.0
00:02:47.200357,145512,391999.0,2.969633,165816,446697.0,193828,522160.0,230676,621426.0,418676,1127886.0,843180,2271472.0,16.54334280898876,31.89600966292134,39.37443078651687,42.66457853932585,44.86566674157304,100.0
00:02:50.203357,152092,405173.0,3.003,172396,459263.0,196836,524371.0,223720,595990.0,372992,993651.0,769108,2048905.0,13.195322444444438,23.439554666666663,30.137829666666672,32.85802744444444,35.68284777777777,100.0
00:02:53.206357,145324,387143.0,3.003,170704,454755.0,204356,544404.0,267524,712684.0,511172,1361763.0,1118600,2979953.0,16.07155887640449,28.452950449438212,34.79526696629215,37.75510617977529,40.1402413483146,100.0
00:02:56.209357,139120,370616.0,3.003,153220,408178.0,178600,475790.0,223156,594488.0,433340,1154418.0,930412,2478620.0,29.983556333333322,61.99178688888891,76.93029066666666,80.61486211111112,82.43430344444444,100.0
00:02:59.212357,126336,336559.0,3.003,158672,422702.0,184992,492819.0,210936,561934.0,332948,886974.0,662324,1764432.0,33.08132077777778,65.11793977777779,79.91839511111111,83.56052199999999,85.2395894444444,100.0
00:03:02.215357,130660,348078.0,3.003,170892,455256.0,202852,540398.0,246468,656591.0,404576,1077791.0,823440,2193646.0,27.611512134831454,44.12698842696631,54.97164,56.72741561797755,59.558057191011265,100.0
00:03:05.218357,138932,370115.0,3.003,167884,447243.0,230300,613519.0,343852,916022.0,676048,1800993.0,1427860,3803822.0,36.0341442222222,49.422310888888894,61.153758222222216,63.18105833333333,65.9162291111111,100.0
00:03:08.187990,146264,394025.0,2.969633,165440,445684.0,215636,580909.0,332760,896434.0,656872,1769570.0,1399096,3769074.0,30.04303584269662,52.273674157303404,64.78353224719099,67.10183887640451,73.84266651685391,100.0
00:03:11.157623,158108,425932.0,2.969633,183488,494304.0,212064,571286.0,280120,754625.0,508164,1368961.0,1006364,2711079.0,30.693519666666653,54.768724999999996,67.65411033333335,72.59386900000003,79.72438000000002,100.0
00:03:14.127256,152092,409726.0,2.969633,174652,470501.0,209432,564196.0,287452,774377.0,513992,1384661.0,1045092,2815410.0,32.14553584269663,56.893278539325834,70.58371955056182,75.48135910112359,83.19124910112362,100.0
00:03:17.096889,151904,409219.0,2.969633,180856,487214.0,216576,583441.0,302868,815906.0,556856,1500134.0,1143040,3079276.0,37.63984333333333,58.048140000000025,77.7089718888889,82.55402122222222,89.74773811111108,100.0
00:03:20.066522,139684,376299.0,2.969633,162808,438594.0,194768,524692.0,272788,734873.0,515308,1388206.0,1051672,2833136.0,20.51408522222223,35.29127422222222,48.79999622222223,51.11052577777779,54.72759933333332,100.0
00:03:23.069522,141940,378128.0,3.003,164124,437226.0,203040,540899.0,286136,762267.0,543320,1447405.0,1130632,3012006.0,31.723671573033698,42.99872887640449,50.27969898876406,51.73705629213482,53.88779258426969,100.0
00:03:26.072522,138556,369113.0,3.003,153408,408679.0,201912,537894.0,253236,674621.0,452516,1205503.0,957108,2549738.0,38.75562566666667,44.15731266666665,47.41181333333333,49.061113888888876,51.51824311111111,100.0
00:03:29.075522,138368,368612.0,3.003,167884,447243.0,217704,579964.0,315088,839395.0,609872,1624700.0,1340440,3570935.0,37.136415393258424,39.727950449438204,43.083824494382014,44.164309550561796,46.57407191011235,100.0
00:03:32.078522,133856,356592.0,3.003,159424,424705.0,213380,568444.0,326368,869445.0,652736,1738890.0,1414136,3767262.0,35.57106855555555,46.639995111111105,54.61660244444442,56.549996444444446,59.16184066666668,100.0
00:03:35.081522,151340,403170.0,3.003,176344,469780.0,201724,537393.0,264516,704671.0,482032,1284134.0,971020,2586799.0,18.107561222222213,51.59856055555556,69.93317688888888,73.83941800000001,77.56117377777775,100.0
00:03:38.084522,148708,396158.0,3.003,174464,464772.0,206424,549914.0,244588,651583.0,407208,1084803.0,755384,2012344.0,27.539769438202246,49.547585056179784,65.34134089887638,69.81352033707867,73.71043483146066,100.0
00:03:41.054155,163560,440620.0,2.969633,186496,502408.0,218268,587999.0,259064,697901.0,446312,1202335.0,903152,2433033.0,31.517808666666674,47.07550811111111,56.60821588888887,60.54878255555557,65.24350877777776,100.0
00:03:44.023788,178412,480630.0,2.969633,217140,584961.0,256056,689798.0,326368,879214.0,567948,1530015.0,1121608,3021539.0,24.06276595505618,52.14162876404495,65.48882505617979,69.37229348314604,72.5867747191011,100.0
00:03:46.993421,146828,395545.0,2.969633,182924,492785.0,225412,607245.0,310012,835152.0,570016,1535586.0,1137588,3064588.0,49.40027177777776,61.78846866666665,69.59754822222223,72.65652688888888,76.27651155555552,100.0
00:03:49.963054,177660,478604.0,2.969633,194580,524185.0,218832,589519.0,258876,697395.0,431648,1162831.0,872508,2350480.0,32.880702666666664,56.719540333333356,70.20355822222223,74.76243088888889,81.36479266666666,100.0
00:03:52.932687,183676,494811.0,2.969633,211688,570273.0,261132,703472.0,335016,902511.0,572084,1541157.0,1149996,3098015.0,11.84555202247191,32.18961943820224,41.766785842696635,45.34162674157301,47.88944438202247,100.0
00:03:55.935687,146076,389146.0,3.003,175968,468779.0,212628,566441.0,294596,784804.0,546704,1456420.0,1108636,2953409.0,27.08377522222223,38.555596,44.845573111111094,47.22040522222223,49.08766033333332,100.0
00:03:58.938687,164688,438729.0,3.003,195520,520865.0,228984,610013.0,279744,745238.0,455336,1213016.0,901084,2400490.0,16.93169741573033,37.42415213483146,49.71016629213486,53.62755494382024,56.056402921348315,100.0
00:04:01.941687,162808,433720.0,3.003,193264,514855.0,223344,594989.0,287828,766774.0,496696,1323199.0,981736,2615347.0,12.830558888888895,31.257244888888877,43.75202655555555,47.40844322222222,50.40992422222222,100.0
00:04:04.944687,147956,394155.0,3.003,172960,460765.0,201348,536391.0,278428,741732.0,508540,1354751.0,1010688,2692475.0,18.374733666666657,35.901878111111095,47.54696177777776,51.83964711111113,56.73218944444444,100.0
00:04:07.947687,165816,441734.0,3.003,201912,537894.0,230300,613519.0,273352,728210.0,424880,1131881.0,818552,2180624.0,24.191946516853935,36.80744719101124,49.36688011235956,53.7787702247191,58.344366067415734,100.0
00:04:10.950687,137052,365106.0,3.003,166568,443737.0,204168,543904.0,244400,651082.0,404200,1076789.0,789600,2103496.0,31.109791111111104,53.77464122222222,73.42155388888891,77.33782833333335,81.70497188888889,100.0
00:04:13.920320,129532,348950.0,2.969633,160552,432516.0,184804,497850.0,211124,568754.0,315652,850346.0,616640,1661188.0,31.94453707865167,57.49000876404495,74.77602101123597,79.98232438202248,84.02249674157304,100.0
00:04:16.889953,153032,412258.0,2.969633,188564,507979.0,218268,587999.0,241768,651307.0,345732,931379.0,634876,1710315.0,23.845117444444444,57.65396522222225,75.03553644444446,81.54770733333332,86.12512011111112,100.0
00:04:19.859586,151716,408713.0,2.969633,177472,478098.0,210748,567741.0,238572,642697.0,372240,1002790.0,702180,1891627.0,27.452262134831468,59.19711831460673,76.55949382022477,82.8741104494382,87.59301101123594,100.0
00:04:22.829219,158108,425932.0,2.969633,184240,496330.0,217892,586987.0,263952,711069.0,422248,1137508.0,814604,2194490.0,33.911642111111114,58.46816466666669,76.46369088888886,81.34177622222221,87.85217211111112,100.0
00:04:25.798852,146452,394532.0,2.969633,169388,456320.0,217704,586480.0,313772,845281.0,598592,1612568.0,1236852,3331999.0,26.554528666666677,47.20484533333336,61.24433911111112,65.1512382222222,69.36801144444446,100.0
00:04:28.801852,161492,430215.0,3.003,187624,499830.0,227104,605005.0,272976,727208.0,456088,1215019.0,885856,2359922.0,18.97863112359551,36.02121359550562,45.43049258426968,48.7248308988764,49.80073224719101,100.0
00:04:31.804852,155664,414689.0,3.003,177660,473286.0,230300,613519.0,343852,916022.0,683944,1822028.0,1472604,3923020.0,12.955232888888888,33.54443188888889,43.34600688888887,46.576873222222225,48.17105022222222,100.0
00:04:34.807852,172772,460265.0,3.003,202100,538394.0,243460,648578.0,313208,834386.0,524708,1397823.0,977788,2604829.0,5.665777078651685,37.684650112359535,52.634831797752824,57.57045056179774,60.62073955056181,100.0
00:04:37.810852,179352,477794.0,3.003,215072,572952.0,258124,687643.0,342724,913017.0,602728,1605668.0,1140972,3039552.0,5.028924777777778,17.245937222222224,24.32174733333334,26.63363922222222,29.05780122222224,100.0
00:04:40.813852,164876,439230.0,3.003,192700,513353.0,276736,737225.0,392168,1044736.0,776064,2067436.0,1589728,4235039.0,22.16397566666666,31.22088733333333,37.30925177777776,39.457391333333334,42.100481444444426,100.0
00:04:43.816852,147956,394155.0,3.003,176532,470281.0,221840,590982.0,296288,789312.0,532980,1419860.0,1073480,2859753.0,44.568939999999984,55.237882247191,66.43030292134831,68.86569325842694,71.49692516853932,100.0
00:04:46.786485,121072,326160.0,2.969633,152468,410738.0,174840,471007.0,206236,555586.0,361336,973415.0,746172,2010139.0,55.113401666666675,72.5399,82.12131444444445,83.56528311111113,87.61122866666668,100.0
00:04:49.756118,93248,251204.0,2.969633,139496,375793.0,195332,526211.0,230112,619906.0,294032,792103.0,480152,1293498.0,53.56845932584269,72.12766460674158,80.7701186516854,82.56989337078655,86.27386022471909,100.0
00:04:52.725751,121636,327679.0,2.969633,163748,441126.0,211876,570780.0,256620,691317.0,393484,1060020.0,724176,1950883.0,44.36537177777779,66.6605181111111,78.6411461111111,84.25534800000001,87.70757166666668,100.0
00:04:55.695384,134984,363638.0,2.969633,171268,461384.0,196836,530263.0,220524,594077.0,374496,1008868.0,744856,2006594.0,41.89681366666665,63.98668733333333,79.06179255555553,84.66135033333336,88.86870877777781,100.0
00:04:58.665017,154160,415297.0,2.969633,182924,492785.0,212816,573312.0,265268,714614.0,472256,1272227.0,959552,2584971.0,34.152565730337066,47.25990617977531,56.824649101123605,60.79116786516855,64.38490213483145,100.0
00:05:01.668017,148144,394656.0,3.003,184616,491817.0,223720,595990.0,262636,699663.0,412284,1098325.0,763656,2034381.0,14.42091522222222,24.67257922222222,32.048351555555556,34.18440299999999,36.894771888888876,100.0
00:05:04.671017,165440,440732.0,3.003,205296,546909.0,248536,662100.0,321292,855922.0,495380,1319693.0,955416,2545230.0,19.93942584269663,28.914457977528098,34.750400449438196,38.33422674157303,40.883867528089866,100.0
00:05:07.674017,167132,445240.0,3.003,210936,561934.0,248348,661599.0,285760,761265.0,474136,1263099.0,916688,2442059.0,26.90872877777777,34.416529222222216,43.41948866666667,45.872826555555555,49.944831111111085,100.0
00:05:10.677017,150588,401166.0,3.003,177096,471784.0,210184,559930.0,223908,596491.0,372240,991648.0,753692,2007837.0,15.080926222222226,23.30439144444444,32.23884566666667,34.52760955555556,38.743893555555545,100.0
00:05:13.680017,165252,440231.0,3.003,197964,527376.0,225412,600498.0,274856,732217.0,455524,1213517.0,880216,2344897.0,21.029308426966296,32.34202269662922,41.139252696629235,45.324698764044946,48.45921415730337,100.0
00:05:16.683017,163184,434722.0,3.003,194956,519363.0,224660,598494.0,266396,709679.0,463232,1234051.0,873824,2327869.0,32.506148444444435,61.36898800000002,74.75448655555557,79.27059133333334,81.95735277777781,100.0
00:05:19.652650,153220,412764.0,2.969633,185932,500888.0,225976,608764.0,299672,807297.0,517940,1395296.0,1005048,2707534.0,32.97883044943821,60.3717817977528,72.94328393258425,76.38424921348314,78.32449314606743,100.0
00:05:22.622283,166568,448723.0,2.969633,196272,528744.0,224660,605219.0,261508,704485.0,443680,1195245.0,864988,2330221.0,37.381331555555555,64.00848466666666,77.46158222222226,82.17424844444446,84.49657644444444,100.0
00:05:25.591916,154160,415297.0,2.969633,184804,497850.0,212064,571286.0,240264,647255.0,372428,1003297.0,694848,1871875.0,37.286086629213486,64.09547449438205,79.33112325842696,83.21811056179774,86.50863348314608,100.0
00:05:28.561549,153972,414790.0,2.969633,173524,467462.0,207740,559638.0,241768,651307.0,389912,1050397.0,750120,2020774.0,38.94651777777777,63.05519422222223,78.66796411111113,82.28107011111109,87.365997,100.0
00:05:31.531182,147768,398077.0,2.969633,173524,467462.0,203980,549508.0,246656,664475.0,406080,1093953.0,780952,2103834.0,33.32125399999998,59.2071407777778,73.830115,77.68909377777777,81.62410155555557,100.0
00:05:34.500815,159988,430997.0,2.969633,187060,503927.0,211688,570273.0,272976,735379.0,457028,1231203.0,900520,2425942.0,1.7424068539325845,12.547372584269658,18.36790573033708,20.8449713483146,21.621193595505616,100.0
00:05:37.503815,148708,396158.0,3.003,185744,494822.0,276172,735722.0,400252,1066272.0,717784,1912178.0,1365820,3638548.0,5.745228444444445,27.15297211111112,39.14311399999998,42.033979666666674,43.52238833333332,100.0
00:05:40.506815,147204,392151.0,3.003,180668,481300.0,226352,603002.0,301552,803335.0,539748,1437890.0,1069532,2849236.0,28.382295730337084,44.66777067415731,55.191649887640445,58.080228876404504,60.88774382022472,100.0
00:05:43.509815,140060,373120.0,3.003,176532,470281.0,210748,561433.0,244776,652083.0,362276,965104.0,685448,1826035.0,32.296279999999996,49.44395399999999,62.753922888888894,65.7882994444444,69.62459511111112,100.0
00:05:46.512815,140812,375123.0,3.003,170704,454755.0,203040,540899.0,239136,637058.0,384460,1024202.0,755008,2011343.0,26.63082055555555,41.56298822222221,55.64602600000001,59.338970555555555,64.30380011111109,100.0
00:05:49.515815,140624,374622.0,3.003,171268,456258.0,194768,518862.0,221088,588979.0,379760,1011681.0,767604,2044899.0,32.338176404494384,56.231788876404465,69.42600022471908,73.82374101123594,76.64060382022474,100.0
00:05:52.485448,134232,361612.0,2.969633,154536,416310.0,178036,479617.0,202852,546470.0,287452,774377.0,545764,1470253.0,35.121917666666675,64.2246482222222,76.74723411111113,82.52858277777779,85.14802733333329,100.0
00:05:55.455081,134044,361105.0,2.969633,174840,471007.0,205108,552547.0,234436,631555.0,332760,896434.0,620024,1670304.0,39.47624033707865,62.69343629213482,73.08508303370787,78.04108337078657,81.52981337078653,100.0
00:05:58.424714,148144,399090.0,2.969633,167132,450242.0,193640,521653.0,217140,584961.0,370736,998738.0,725492,1954428.0,45.49691288888888,66.02817355555553,75.91782044444442,80.98829444444449,84.92122755555555,100.0
00:06:01.394347,173336,466956.0,2.969633,213380,574831.0,253988,684227.0,309072,832620.0,515872,1389725.0,1016704,2738935.0,7.696848444444445,31.992246444444454,56.07871333333333,70.54997244444448,73.45110655555557,100.0
00:06:04.363980,162620,438087.0,2.969633,203416,547989.0,316592,852878.0,487484,1313250.0,856904,2308444.0,1648760,4441653.0,4.846071685393257,19.669522022471917,39.96944808988762,54.853608988764044,63.728008539325835,100.0
00:06:07.333613,154160,415297.0,2.969633,188752,508485.0,290648,782986.0,448756,1208919.0,842992,2270966.0,1734676,4673105.0,4.4882919999999995,9.359256333333331,14.239931888888886,17.406417555555564,19.762374222222224,100.0
00:06:10.336613,163560,435724.0,3.003,190444,507343.0,263576,702167.0,407020,1084302.0,756512,2015349.0,1541036,4105324.0,16.547055730337075,34.1050124719101,44.67033146067416,48.311984494382045,50.39017808988764,100.0
00:06:13.339613,156416,416692.0,3.003,183488,488812.0,215824,574955.0,261508,696658.0,414916,1105337.0,793360,2113513.0,12.529514222222224,29.886299666666673,39.90880044444445,42.56441399999999,45.01857288888888,100.0
00:06:16.342613,147580,393153.0,3.003,171832,457760.0,201912,537894.0,251920,671115.0,446312,1188976.0,872132,2323361.0,17.409498444444445,31.40793466666665,41.95581033333332,44.809577999999995,48.20482844444444,100.0
00:06:19.345613,146828,391150.0,3.003,169012,450248.0,197588,526374.0,245340,653586.0,442364,1178458.0,890556,2372443.0,22.307411123595504,31.302911123595493,41.53245460674157,44.45171191011237,48.03383078651686,100.0
00:06:22.348613,139308,371116.0,3.003,163748,436225.0,197776,526875.0,271472,723202.0,523768,1395319.0,1096792,2921856.0,33.17253411111111,44.503049888888896,56.817622888888884,59.55701933333332,63.09554877777778,100.0
00:06:25.318246,139496,375793.0,2.969633,166944,449736.0,202288,544950.0,260004,700434.0,477144,1285395.0,995836,2682718.0,41.16235033707866,61.241041573033705,71.55233202247193,74.75760516853934,77.51400528089889,100.0
00:06:28.287879,144760,389974.0,2.969633,168636,454294.0,194392,523679.0,222404,599142.0,318284,857436.0,604420,1628268.0,37.44563488888889,66.40144788888891,78.87062266666666,83.65574266666661,85.98721133333336,100.0
00:06:31.257512,150964,406687.0,2.969633,170516,459359.0,195520,526718.0,226352,609777.0,362464,976454.0,707444,1905808.0,33.57942730337079,58.553839213483144,73.97371640449437,78.34544943820227,82.02425404494385,100.0
00:06:34.227145,146076,393519.0,2.969633,171644,462397.0,200220,539379.0,228232,614842.0,355320,957209.0,682440,1838449.0,32.74264666666667,58.39060411111112,78.71405533333335,82.98102655555554,87.86625233333335,100.0
00:06:37.196778,145512,391999.0,2.969633,169200,455813.0,196272,528744.0,248536,669539.0,439544,1184103.0,858784,2313508.0,38.81770955555557,61.2782188888889,77.80542266666666,82.72671477777779,87.62830988888892,100.0
00:06:40.166411,157544,424413.0,2.969633,178976,482149.0,211876,570780.0,239700,645736.0,374872,1009881.0,704436,1897705.0,29.07145258426966,45.83499033707864,56.38276764044943,59.68876415730337,63.07633078651685,100.0
00:06:43.169411,164312,437727.0,3.003,192512,512852.0,227856,607008.0,258688,689145.0,410592,1093818.0,786592,2095483.0,27.772078111111103,41.7853311111111,49.832874333333315,52.45450077777779,54.7789748888889,100.0
00:06:46.172411,147016,391651.0,3.003,169200,450749.0,221088,588979.0,327120,871448.0,653864,1741895.0,1462828,3896977.0,32.42341303370785,41.62596348314607,46.54909786516852,48.24356584269663,50.16515089887639,100.0
00:06:49.175411,145888,388646.0,3.003,167508,446241.0,194956,519363.0,260944,695155.0,497448,1325202.0,1051672,2801657.0,40.16406633333333,53.690668555555575,60.15754444444445,62.14968555555556,63.95979288888887,100.0
00:06:52.178411,148896,396659.0,3.003,171456,456759.0,201536,536892.0,271848,724203.0,499516,1330711.0,1071600,2854745.0,38.923408222222236,54.46206488888887,61.26077166666667,63.84494599999999,66.14312188888887,100.0
00:06:55.181411,141000,375624.0,3.003,165064,439730.0,196836,524371.0,267148,711682.0,501208,1335219.0,1058816,2820688.0,43.98786505617977,64.80503314606742,72.42732539325843,74.6485904494382,76.60506359550561,100.0
00:06:58.151044,149836,403648.0,2.969633,180292,485695.0,234436,631555.0,323172,870604.0,618332,1665746.0,1352284,3642965.0,43.53775711111113,56.08272922222223,62.63210966666668,65.1403907777778,68.29290977777778,100.0
00:07:01.120677,141376,380857.0,2.969633,164688,443658.0,201912,543937.0,286512,771844.0,556480,1499121.0,1183084,3187152.0,47.96672168539328,64.93051629213483,74.30465820224721,76.94382157303372,79.82152348314608,100.0
00:07:04.090310,140248,377819.0,2.969633,163748,441126.0,204356,550521.0,292340,787545.0,551780,1486459.0,1195116,3219565.0,46.58163244444443,62.089655555555574,71.1711282222222,75.52062744444446,80.02851755555552,100.0
00:07:07.059943,139120,374780.0,2.969633,162056,436568.0,209996,565715.0,309072,832620.0,606864,1634852.0,1322016,3561425.0,49.56882533333332,64.27795044444444,73.63156500000001,77.34914688888888,81.46829566666669,100.0
00:07:10.029576,138368,372754.0,2.969633,157356,423906.0,192888,519627.0,273540,736899.0,534484,1439865.0,1137212,3063575.0,39.55526662921349,56.14767213483146,72.1280778651685,77.44398022471914,84.4523048314607,100.0
00:07:12.999209,153408,413271.0,2.969633,179164,482656.0,198904,535834.0,255492,688278.0,472068,1271720.0,923456,2487730.0,19.190523333333324,36.65024744444444,52.766494222222214,56.71537455555553,61.374120666666656,100.0
00:07:16.002209,139120,370616.0,3.003,165816,441734.0,193076,514354.0,244212,650581.0,445560,1186973.0,912740,2431541.0,19.298615617977525,33.44003662921348,44.770325505617976,46.92381078651683,49.84622505617977,100.0
00:07:19.005209,131976,351584.0,3.003,156792,417694.0,183864,489814.0,252860,673619.0,478836,1275620.0,997716,2657918.0,27.219664777777776,41.71622800000001,52.7190593333333,55.03822499999998,58.30228411111109,100.0
00:07:22.008208,141752,377627.0,3.003,170892,455256.0,193264,514855.0,220712,587977.0,369420,984135.0,755008,2011343.0,28.505078111111118,48.21780922222224,59.30277033333333,62.98687755555556,66.45649311111113,100.0
00:07:25.011209,152656,406675.0,3.003,177284,472285.0,204920,545907.0,235000,626040.0,338400,901498.0,633184,1686803.0,36.08147943820224,61.14952303370787,72.5270448314607,76.68769303370786,80.03434876404494,100.0
00:07:28.014209,155476,414188.0,3.003,184616,491817.0,222592,592985.0,261320,696157.0,406832,1083801.0,774560,2063429.0,28.25599166666666,46.87007288888889,57.910545111111134,61.524896444444444,64.64747411111111,100.0
00:07:31.017209,136676,364105.0,3.003,161304,429714.0,192512,512852.0,274292,730714.0,515496,1373282.0,1078368,2872775.0,27.669901685393256,46.851219213483155,59.2005502247191,60.54941179775277,65.6161340449438,100.0
00:07:33.986842,143632,386935.0,2.969633,174276,469488.0,194016,522666.0,225412,607245.0,366788,988103.0,760084,2047617.0,30.77800966666667,54.39951200000001,69.53652133333334,72.2079356666667,78.0816758888889,100.0
00:07:36.956475,137240,369715.0,2.969633,162244,437074.0,193828,522160.0,251920,678656.0,474324,1277798.0,990760,2669043.0,31.839970786516865,56.03431337078652,71.01483505617978,74.15089561797753,80.48753337078652,100.0
00:07:39.926108,141564,381364.0,2.969633,169576,456826.0,199656,537860.0,237820,640671.0,355696,958222.0,704812,1898718.0,41.292596444444435,58.46618688888889,72.97631822222226,77.49642122222221,83.92448611111112,100.0
00:07:42.895741,142692,384403.0,2.969633,166380,448217.0,192136,517602.0,226728,610790.0,387844,1044826.0,775876,2090159.0,43.865198666666664,62.05436555555558,76.57729988888886,80.65179133333334,86.58533844444445,100.0
00:07:45.865374,137240,369715.0,2.969633,157920,425426.0,183488,494304.0,227292,612310.0,407208,1096992.0,812536,2188919.0,41.11089382022471,58.72302280898876,71.0798824719101,73.91955876404495,78.06788011235955,100.0
00:07:48.868374,147580,393153.0,3.003,172584,459764.0,202476,539396.0,241204,642568.0,387092,1031214.0,745608,1986301.0,25.825614111111108,39.146515222222234,48.87093711111112,50.0376522222222,52.48915755555552,100.0
00:07:51.871374,138556,369113.0,3.003,163184,434722.0,188376,501834.0,228796,609513.0,395928,1054753.0,796932,2123028.0,27.2051406741573,42.168690674157276,52.746477191011245,54.8657148314607,59.62918235955055,100.0
00:07:54.874374,140060,373120.0,3.003,172772,460265.0,229736,612017.0,338024,900496.0,651796,1736386.0,1409248,3754240.0,23.48919233333333,38.2067711111111,51.75313788888889,53.65698922222222,60.087190333333325,100.0
00:07:57.877374,143444,382135.0,3.003,165816,441734.0,195708,521366.0,276924,737726.0,534484,1423866.0,1141724,3041555.0,23.203374111111103,38.74343288888888,52.073009555555586,54.61475522222221,61.212420777777766,100.0
00:08:00.880374,155852,415190.0,3.003,178788,476291.0,252108,671616.0,381640,1016689.0,756324,2014849.0,1605520,4277109.0,22.528866966292128,39.179943932584294,51.89412595505618,55.030979101123606,60.75892269662923,100.0
00:08:03.883374,140248,373621.0,3.003,171456,456759.0,253800,676123.0,370548,987140.0,715152,1905166.0,1495352,3983621.0,33.168916,56.30401755555555,68.85281055555555,73.33946266666668,75.05621655555554,100.0
00:08:06.853007,137616,370728.0,2.969633,162056,436568.0,220524,594077.0,338588,912134.0,660444,1779193.0,1388944,3741725.0,36.878677303370786,59.78435662921346,72.54228516853935,77.53153471910113,80.42690898876404,100.0
00:08:09.822640,131412,354015.0,2.969633,160552,432516.0,192324,518108.0,229360,617881.0,395552,1065591.0,781516,2105353.0,41.53428055555555,63.4206901111111,75.40607766666669,78.70439477777776,81.836521,100.0
00:08:12.792273,134984,363638.0,2.969633,151340,407700.0,178788,481643.0,233872,630036.0,441048,1188154.0,902400,2431007.0,46.10802788888889,63.8598871111111,76.84942611111111,81.41377100000001,84.78073199999997,100.0
00:08:15.761906,133856,360599.0,2.969633,149836,403648.0,179352,483162.0,249852,673085.0,473760,1276278.0,974968,2626500.0,43.08451617977528,63.90125224719099,77.56496213483146,83.40711606741571,87.45277719101128,100.0
00:08:18.731539,138368,372754.0,2.969633,162056,436568.0,194392,523679.0,220336,593570.0,334828,902005.0,651796,1755896.0,23.075284555555548,55.63318288888887,69.89034444444442,75.54377388888888,79.35268222222221,100.0
00:08:21.734539,142692,380131.0,3.003,164688,438729.0,190632,507844.0,220712,587977.0,322796,859929.0,614384,1636720.0,15.705068539325842,41.63935112359549,52.133255056179756,55.61917516853932,58.34678348314605,100.0
00:08:24.737539,136112,362602.0,3.003,156980,418195.0,185368,493820.0,213004,567443.0,311516,829879.0,599908,1598156.0,19.124971777777777,48.194996444444456,60.64513888888888,64.64594022222222,66.99472100000003,100.0
00:08:27.740539,135360,360599.0,3.003,154912,412685.0,181796,484305.0,213380,568444.0,336896,897491.0,652360,1737888.0,26.824228777777776,47.19438066666665,62.563340888888895,65.80109944444445,69.3343926666667,100.0
00:08:30.743539,138368,368612.0,3.003,162056,431717.0,189316,504338.0,231616,617025.0,407772,1086305.0,828140,2206167.0,35.328206966292136,51.418544382022475,64.85285921348314,67.73376056179777,71.50697741573035,100.0
00:08:33.746539,135548,361100.0,3.003,157544,419697.0,182548,486308.0,213192,567944.0,367540,979127.0,726056,1934215.0,25.555241444444448,49.64673055555556,62.573701444444424,67.0517973333333,71.24596922222221,100.0
00:08:36.749539,131036,349080.0,3.003,151340,403170.0,179352,477794.0,207176,551917.0,320540,853919.0,617768,1645735.0,21.427036179775282,45.78619179775281,60.24722561797752,66.52632640449437,70.77037696629212,100.0
00:08:39.719172,134232,361612.0,2.969633,153032,412258.0,185932,500888.0,239700,645736.0,429768,1157767.0,877584,2364154.0,22.210076444444447,43.74670766666667,56.80933844444443,62.57791755555553,66.42881044444447,100.0
00:08:42.688805,149084,401622.0,2.969633,172584,464930.0,200032,538873.0,239700,645736.0,433152,1166883.0,847128,2282108.0,29.319413033707857,55.43010078651686,72.10532617977528,76.82818247191013,80.91271550561802,100.0
00:08:45.658438,151152,407193.0,2.969633,181232,488227.0,219208,590532.0,273352,736392.0,453832,1222594.0,888864,2394542.0,37.52404222222221,60.88476266666665,75.44613544444442,80.58242977777779,84.13567188888887,100.0
00:08:48.628071,133104,358573.0,2.969633,158108,425932.0,183864,495317.0,209996,565715.0,317908,856423.0,625288,1684485.0,42.63793811111111,69.44351855555556,80.15021866666665,83.63155211111109,87.9331322222222,100.0
00:08:51.597704,136864,368702.0,2.969633,165816,446697.0,200972,541405.0,233684,629529.0,359644,968857.0,694096,1869849.0,38.3627315730337,65.72622910112362,77.20332808988766,81.49916280898874,85.57095348314604,100.0
00:08:54.600704,136676,364105.0,3.003,158484,422201.0,188940,503336.0,212816,566942.0,306064,815355.0,606112,1614683.0,16.362378222222215,43.553687444444456,59.14395911111115,66.30340444444444,71.21210700000002,100.0
00:08:57.603704,138744,369614.0,3.003,162620,433220.0,189316,504338.0,219584,584972.0,322984,860430.0,615888,1640727.0,14.367264943820226,38.530012022471915,52.94589820224719,59.115726067415714,63.41747730337079,100.0
00:09:00.606704,142692,380131.0,3.003,168636,449246.0,194768,518862.0,229172,610514.0,360772,961097.0,711016,1894148.0,13.338703777777777,34.89437522222223,48.763572555555555,55.16834755555555,59.87647655555554,100.0
00:09:03.609704,136864,364606.0,3.003,161680,430715.0,187436,499330.0,212252,565439.0,344416,917525.0,693720,1848071.0,31.845744888888884,50.63518155555556,61.246581222222225,65.16849588888888,69.35653555555555,100.0
00:09:06.612704,137616,366609.0,3.003,180856,481800.0,208116,554421.0,234812,625539.0,305688,814353.0,546704,1456420.0,37.832047078651684,58.113675168539295,69.40451101123597,73.50720033707866,78.19730550561796,100.0
00:09:09.615704,134608,358596.0,3.003,181796,484305.0,219020,583469.0,243648,649078.0,309448,824370.0,551028,1467940.0,34.50701622222222,62.55466744444441,74.59303377777778,80.00566922222224,83.9329712222222,100.0
00:09:12.585337,147580,397571.0,2.969633,189692,511018.0,222216,598635.0,258876,697395.0,347236,935431.0,625852,1686004.0,26.307372022471906,57.23478516853932,71.29709359550563,77.14765707865166,79.63407359550565,100.0
00:09:15.554970,134232,361612.0,2.969633,153784,414284.0,180480,486201.0,209996,565715.0,358892,966831.0,698984,1883017.0,22.758187999999993,55.362219777777774,72.56158944444442,78.39877011111109,82.32274366666667,100.0
00:09:18.524603,123704,333250.0,2.969633,164876,444165.0,195520,526718.0,219208,590532.0,290836,783493.0,526212,1417581.0,21.645023222222214,58.580406222222216,76.17219444444444,83.06825911111109,87.21034566666664,100.0
00:09:21.494236,134608,362625.0,2.969633,158860,427958.0,188752,508485.0,221652,597116.0,320728,864020.0,609496,1641942.0,23.761239101123596,56.426485730337056,73.16094483146065,79.70661943820224,84.56826494382024,100.0
00:09:24.463869,134232,361612.0,2.969633,149648,403142.0,181984,490253.0,223532,602180.0,394988,1064072.0,793360,2137260.0,24.37542666666667,53.618214222222214,72.93146066666667,79.65337777777776,85.41103666666666,100.0
00:09:27.466869,140812,375123.0,3.003,171080,455757.0,223720,595990.0,315652,840897.0,565316,1506003.0,1112208,2962925.0,0.0,18.61391865168539,48.54636269662924,62.40028898876405,72.43849966292134,100.0
00:09:30.469869,155288,413687.0,3.003,188376,501834.0,222216,591984.0,270344,720197.0,466240,1242064.0,946392,2521190.0,0.0,20.217877444444447,50.991690666666685,64.01213566666664,73.508566,100.0
00:09:33.472869,156416,416692.0,3.003,184804,492318.0,227856,607008.0,268652,715689.0,460788,1227540.0,917252,2443561.0,0.0,20.797613111111108,51.49373577777779,63.79581222222222,72.68711900000001,100.0
00:09:36.475869,174652,465273.0,3.003,202476,539396.0,297792,793318.0,415668,1107340.0,1112772,2964427.0,2684452,7151387.0,2.2226555056179773,23.34725685393258,46.72066898876405,55.07252280898875,62.36225404494383,100.0
00:09:39.478869,193452,515356.0,3.003,227668,606508.0,270720,721198.0,319600,851415.0,530912,1414350.0,959364,2555748.0,4.281726333333333,38.62542633333334,60.199014111111104,69.37686422222222,76.35688500000006,100.0
00:09:42.481869,186308,496325.0,3.003,223908,596491.0,273916,729712.0,316216,842400.0,506284,1348741.0,914432,2436049.0,4.897239775280898,34.37705595505618,58.63310191011235,70.79884089887638,80.25714640449438,100.0
00:09:45.451502,196648,529757.0,2.969633,235564,634594.0,280496,755638.0,323172,870604.0,508540,1369974.0,913116,2459875.0,5.209373333333331,36.41376877777779,60.97556755555556,73.30199188888889,82.96184977777779,100.0
00:09:48.421135,189316,510005.0,2.969633,226352,609777.0,266208,717147.0,320352,863007.0,512300,1380103.0,947332,2552051.0,4.714008539325843,36.60731797752808,60.742458539325845,72.82436786516853,82.84558483146068,100.0
00:09:51.390768,187436,504940.0,2.969633,230864,621932.0,271660,731834.0,320540,863514.0,523392,1409984.0,978728,2636630.0,4.588098333333331,37.37395633333333,61.7797158888889,74.12494833333332,83.89137377777779,100.0
00:09:54.360401,169576,456826.0,2.969633,203228,547483.0,247972,668020.0,309072,832620.0,526024,1417074.0,966884,2604723.0,23.63209422222222,50.32806366666668,69.12739133333332,77.48743055555558,84.55323655555557,100.0
00:09:54.760801,28388,567192.0,0.4004,36848,736223.0,49632,991648.0,61100,1220779.0,90804,1814265.0,160364,3204075.0,30.66511,53.453542500000005,68.07368749999999,73.28981,78.7717475,100.0
