delta_t_s,256x144x25_size_byte,256x144x25_bitrate,seg_len_s,426x240x25_size_byte,426x240x25_bitrate,640x360x25_size_byte,640x360x25_bitrate,854x480x25_size_byte,854x480x25_bitrate,1280x720x25_size_byte,1280x720x25_bitrate,1920x1080x25_size_byte,1920x1080x25_bitrate,2560x1440x25_size_byte,2560x1440x25_bitrate,3840x2160x25_size_byte,3840x2160x25_bitrate,256x144x25_vmaf_score,426x240x25_vmaf_score,640x360x25_vmaf_score,854x480x25_vmaf_score,1280x720x25_vmaf_score,1920x1080x25_vmaf_score,2560x1440x25_vmaf_score,3840x2160x25_vmaf_score
00:00:03,176344,470250.0,3.0,229360,611626.0,217328,579541.0,284068,757514.0,463984,1237290.0,725680,1935146.0,1080812,2882165.0,2232500,5953333.0,0.0,6.139218933333333,30.61590760000001,51.66786413333333,74.93578253333331,88.45813946666664,95.1757629333333,100.0
00:00:06,161492,430645.0,3.0,192136,512362.0,227480,606613.0,302868,807648.0,542380,1446346.0,994896,2653056.0,1575064,4200170.0,2976980,7938613.0,0.0,0.0,21.097663066666673,44.345583199999986,70.02765173333336,85.67006786666666,94.24084746666664,100.0
00:00:09,156228,416608.0,3.0,185180,493813.0,228044,608117.0,322420,859786.0,568512,1516032.0,1020840,2722240.0,1591984,4245290.0,2951788,7871434.0,0.0,0.0,20.263598533333333,44.36434413333334,70.56676106666667,86.07568506666671,94.21769666666668,100.0
00:00:12,159236,424629.0,3.0,184240,491306.0,263576,702869.0,394424,1051797.0,720040,1920106.0,1362248,3632661.0,2193208,5848554.0,4322684,11527157.0,0.0,3.0866556000000003,17.798987066666662,39.43062506666665,63.69404893333335,80.977358,95.84420346666667,100.0
00:00:15,147768,394048.0,3.0,191196,509856.0,273728,729941.0,399500,1065333.0,703308,1875488.0,1307540,3486773.0,2083040,5554773.0,3940856,10508949.0,0.0,0.0,26.80255413333335,50.06540226666668,74.42462826666669,87.59234386666665,93.71060320000001,100.0
00:00:18,181044,482784.0,3.0,222780,594080.0,263764,703370.0,298544,796117.0,444056,1184149.0,802760,2140693.0,1222564,3260170.0,2236260,5963360.0,0.0,0.0,26.66025527027027,49.836573918918916,74.37655324324324,87.47882364864864,93.62785959459458,100.0
00:00:21,179540,478773.0,3.0,240076,640202.0,271660,724426.0,311892,831712.0,447628,1193674.0,787156,2099082.0,1196432,3190485.0,2202984,5874624.0,0.0,0.08063373333333333,24.919016399999993,48.35282866666666,74.19038173333334,88.43239480000003,95.53655053333335,100.0
00:00:24,161868,431648.0,3.0,192700,513866.0,233872,623658.0,304184,811157.0,543508,1449354.0,976472,2603925.0,1519792,4052778.0,2861924,7631797.0,0.0,1.9937710666666668,29.522755333333315,51.87909533333333,75.78145853333334,88.88801506666664,95.21051960000003,100.0
00:00:27,161304,430144.0,3.0,209808,559488.0,243836,650229.0,300236,800629.0,513804,1370144.0,910484,2427957.0,1408684,3756490.0,2619216,6984576.0,0.0,0.07063013513513512,28.454452702702696,51.4710372972973,75.81767608108107,88.78785351351354,94.77183864864861,100.0
00:00:30,163560,436160.0,3.0,193452,515872.0,231804,618144.0,272976,727936.0,470564,1254837.0,830396,2214389.0,1295132,3453685.0,2405836,6415562.0,0.0,0.0,27.859330133333327,50.71121346666667,74.39413880000001,87.53741800000003,93.71333466666671,100.0
00:00:33,178224,475264.0,3.0,214884,573024.0,247784,660757.0,288768,770048.0,429204,1144544.0,779636,2079029.0,1191920,3178453.0,2210316,5894176.0,0.0,0.7053001333333334,28.113364933333337,50.495236000000006,74.26566706666667,87.6320296,93.88391840000003,100.0
00:00:36,155664,415104.0,3.0,184240,491306.0,224472,598592.0,266396,710389.0,446500,1190666.0,802196,2139189.0,1215044,3240117.0,2237012,5965365.0,0.0,1.1758721621621624,23.68151743243244,45.54593175675677,70.73817337837833,85.37988878378378,92.82811013513515,100.0
00:00:39,173712,463232.0,3.0,209996,559989.0,236692,631178.0,277676,740469.0,443116,1181642.0,767792,2047445.0,1176692,3137845.0,2251676,6004469.0,0.0,0.0,21.329155866666667,43.33933586666665,69.32390866666668,84.93692239999997,93.38600079999998,100.0
00:00:42,167884,447690.0,3.0,196084,522890.0,235188,627168.0,305312,814165.0,536928,1431808.0,968576,2582869.0,1508888,4023701.0,2831844,7551584.0,0.0,2.4771083999999997,28.04605333333333,50.09642786666666,73.83226479999999,87.08435306666671,93.49163746666666,100.0
00:00:45,170328,454208.0,3.0,217516,580042.0,264892,706378.0,304748,812661.0,473760,1263360.0,847316,2259509.0,1309608,3492288.0,2414108,6437621.0,0.0,0.2960394594594595,31.897215135135152,54.82353270270271,78.10866094594591,90.31839000000001,96.23738810810809,100.0
00:00:48,169952,453205.0,3.0,195520,521386.0,240264,640704.0,303244,808650.0,531288,1416768.0,955040,2546773.0,1495164,3987104.0,2810412,7494432.0,0.0,0.07670306666666667,16.037559999999996,42.98727919999999,73.24696106666667,90.41015599999997,99.37389439999998,100.0
00:00:51,157168,419114.0,3.0,189316,504842.0,265832,708885.0,396304,1056810.0,706128,1883008.0,1249636,3332362.0,1878308,5008821.0,3360688,8961834.0,0.0,0.0,6.987235600000002,35.33763213333336,70.63032160000002,89.29896626666665,97.29326693333336,100.0
00:00:54,158860,423626.0,3.0,197964,527904.0,325240,867306.0,486168,1296448.0,830020,2213386.0,1346832,3591552.0,1871916,4991776.0,3102564,8273504.0,0.0,2.497014054054054,23.43139013513513,47.43564135135134,74.2886002702703,89.64714216216215,96.36950364864863,100.0
00:00:57,172772,460725.0,3.0,219020,584053.0,291776,778069.0,414352,1104938.0,709324,1891530.0,1216360,3243626.0,1812508,4833354.0,3118356,8315616.0,0.0,0.0,24.612220800000003,49.407404133333344,75.5239924,90.34203133333338,97.61464600000005,100.0
00:01:00,158484,422624.0,3.0,190256,507349.0,243084,648224.0,353064,941504.0,619084,1650890.0,1154132,3077685.0,1813072,4834858.0,3328540,8876106.0,0.0,0.0,24.004989466666657,48.60491026666667,74.72626160000003,89.4443845333333,97.03435879999999,100.0
00:01:03,160928,429141.0,3.0,190444,507850.0,234624,625664.0,334640,892373.0,592388,1579701.0,1076864,2871637.0,1685232,4493952.0,3183404,8489077.0,0.0,0.0,23.80404256756757,48.590411756756744,74.70072040540542,89.01905729729727,96.28435283783784,100.0
00:01:06,168448,449194.0,3.0,196272,523392.0,242332,646218.0,330504,881344.0,580732,1548618.0,1057876,2821002.0,1653648,4409728.0,3143360,8382293.0,0.0,0.0,23.724918266666673,48.50069253333335,75.13758320000002,89.67765759999999,97.17731146666667,100.0
00:01:09,165252,440672.0,3.0,195332,520885.0,246656,657749.0,346296,923456.0,610248,1627328.0,1105440,2947840.0,1737684,4633824.0,3268192,8715178.0,0.0,0.0,25.101363466666665,49.757076266666665,75.93557639999999,90.28278253333333,97.44934093333333,100.0
00:01:12,164688,439168.0,3.0,194768,519381.0,241016,642709.0,340468,907914.0,600848,1602261.0,1096040,2922773.0,1725840,4602240.0,3274960,8733226.0,0.0,0.0,22.885373783783788,47.84399216216215,74.59456797297298,89.42480175675678,97.07723472972977,100.0
00:01:15,163184,435157.0,3.0,193828,516874.0,253424,675797.0,360396,961056.0,642960,1714560.0,1166164,3109770.0,1820592,4854912.0,3465968,9242581.0,0.0,2.7365641333333333,27.406710133333327,50.49210626666666,74.42642586666669,88.26743399999998,95.01626266666665,100.0
00:01:18,157356,419616.0,3.0,210372,560992.0,256620,684320.0,328436,875829.0,550840,1468906.0,998656,2663082.0,1513776,4036736.0,2727880,7274346.0,0.0,0.0958396,27.944599999999998,51.44335533333332,75.22609399999999,88.38902693333333,94.60260493333331,100.0
00:01:21,179352,478272.0,3.0,246092,656245.0,297040,792106.0,372240,992640.0,500268,1334048.0,836788,2231434.0,1301900,3471733.0,2474268,6598048.0,0.0,2.54323445945946,26.34550837837838,48.73905148648648,73.22341945945945,87.4314054054054,94.71548067567566,100.0
00:01:24,151528,404074.0,3.0,195144,520384.0,229172,611125.0,291024,776064.0,517564,1380170.0,950716,2535242.0,1453804,3876810.0,2734460,7291893.0,0.0,0.0,26.315332799999997,49.501225733333335,74.95174786666666,88.70326000000001,94.90782413333336,100.0
00:01:27,167320,446186.0,3.0,196460,523893.0,232368,619648.0,277112,738965.0,483912,1290432.0,885856,2362282.0,1364880,3639680.0,2551724,6804597.0,0.0,0.0,24.44369986666667,47.72745520000002,73.26186826666665,87.53274786666664,94.02163813333334,100.0
00:01:30,175780,468746.0,3.0,211312,563498.0,246656,657749.0,283692,756512.0,451952,1205205.0,820620,2188320.0,1259036,3357429.0,2340036,6240096.0,0.0,0.0,24.82875662162163,47.98546027027029,73.82159027027025,87.96636810810811,94.36523283783782,100.0
00:01:33,175028,466741.0,3.0,237444,633184.0,284632,759018.0,327496,873322.0,477896,1274389.0,845812,2255498.0,1307164,3485770.0,2455092,6546912.0,0.0,0.0,24.84722746666666,47.69140559999999,73.81307173333332,88.53733720000004,95.83119733333332,100.0
00:01:36,157920,421120.0,3.0,183864,490304.0,229360,611626.0,320164,853770.0,573588,1529568.0,1046972,2791925.0,1639924,4373130.0,3157084,8418890.0,0.0,0.0,26.078812933333335,49.34918493333335,74.70508653333337,88.66250119999995,95.35997986666668,100.0
00:01:39,161492,430645.0,3.0,188376,502336.0,228420,609120.0,290084,773557.0,514932,1373152.0,940000,2506666.0,1453240,3875306.0,2740476,7307936.0,0.0,0.9890694594594597,25.780399999999997,48.1814345945946,72.65711932432431,86.78785364864864,93.45502918918915,100.0
00:01:42,174840,466240.0,3.0,215824,575530.0,249100,664266.0,300612,801632.0,491244,1309984.0,882660,2353760.0,1369392,3651712.0,2591204,6909877.0,0.0,0.0,23.46131346666667,46.40310653333333,71.30467920000001,85.53514573333334,92.84998933333333,100.0
00:01:45,169764,452704.0,3.0,202476,539936.0,240640,641706.0,282940,754506.0,477332,1272885.0,839608,2238954.0,1299644,3465717.0,2417680,6447146.0,0.0,0.0,24.61331733333333,47.54821666666667,72.59691906666667,86.28491613333331,93.10729946666667,100.0
00:01:48,168260,448693.0,3.0,199656,532416.0,238196,635189.0,281812,751498.0,477896,1274389.0,842428,2246474.0,1299644,3465717.0,2432156,6485749.0,0.0,0.0,25.464583513513517,48.1508462162162,72.51990405405405,85.93353013513514,92.83081391891892,100.0
00:01:51,176720,471253.0,3.0,205108,546954.0,241580,644213.0,279744,745984.0,442552,1180138.0,795052,2120138.0,1208840,3223573.0,2284388,6091701.0,0.0,0.2901785333333333,26.0383692,50.21527813333335,73.94230280000001,88.70713373333332,97.452842,100.0
00:01:54,152092,405578.0,3.0,177472,473258.0,253800,676800.0,375624,1001664.0,680560,1814826.0,1283100,3421600.0,2046004,5456010.0,4075652,10868405.0,0.0,0.2994176,28.59675613333333,52.089758266666664,75.23016066666668,87.66558906666668,93.87255426666668,100.0
00:01:57,167696,447189.0,3.0,195520,521386.0,238008,634688.0,292340,779573.0,494064,1317504.0,861980,2298613.0,1338560,3569493.0,2493068,6648181.0,0.0,1.431516621621622,25.786085270270267,49.34024716216217,73.53284148648648,87.7547208108108,95.85730054054056,100.0
00:02:00,161680,431146.0,3.0,190256,507349.0,251732,671285.0,370548,988128.0,647848,1727594.0,1166728,3111274.0,1858192,4955178.0,3580272,9547392.0,0.0,0.0,22.663605199999992,50.28009853333334,77.22749400000001,91.94839266666669,99.5777212,100.0
00:02:03,156040,416106.0,3.0,184428,491808.0,250980,669280.0,368480,982613.0,651984,1738624.0,1228580,3276213.0,1943168,5181781.0,3780492,10081312.0,0.0,0.0,20.23084426666667,47.44919493333333,73.5852052,89.66440306666668,97.51354546666666,100.0
00:02:06,156228,416608.0,3.0,183864,490304.0,245152,653738.0,361900,965066.0,649728,1732608.0,1195868,3188981.0,1898988,5063968.0,3635544,9694784.0,0.0,0.0,18.369523333333333,45.29793480000002,71.83143893333335,87.07933786666668,95.68357786666665,100.0
00:02:09,160740,428640.0,3.0,188376,502336.0,228796,610122.0,329752,879338.0,584492,1558645.0,1062200,2832533.0,1667748,4447328.0,3124372,8331658.0,0.0,3.6259824324324326,24.00099959459459,48.38077635135134,73.43268513513516,87.53360797297296,94.61937689189187,100.0
00:02:12,154912,413098.0,3.0,198528,529408.0,240264,640704.0,316028,842741.0,534484,1425290.0,980984,2615957.0,1506632,4017685.0,2773564,7396170.0,0.0,0.0,20.43641733333333,45.264719599999985,72.19756560000002,87.27099986666667,94.60289093333331,100.0
00:02:15,163936,437162.0,3.0,194580,518880.0,234248,624661.0,286700,764533.0,506848,1351594.0,905784,2415424.0,1386500,3697333.0,2557364,6819637.0,0.0,0.0,22.494499333333334,47.826378000000005,73.84043746666667,88.22932933333337,94.85889840000002,100.0
00:02:18,169952,453205.0,3.0,200784,535424.0,242896,647722.0,313960,837226.0,535236,1427296.0,1009560,2692160.0,1573936,4197162.0,3049736,8132629.0,0.0,0.1804618918918919,21.313937027027027,47.37885986486487,72.26542364864864,88.7166831081081,98.46844621621622,100.0
00:02:21,149272,398058.0,3.0,181232,483285.0,264704,705877.0,397432,1059818.0,720792,1922112.0,1347020,3592053.0,2185876,5829002.0,4293544,11449450.0,0.0,0.007708133333333334,14.373571199999997,36.78120826666667,63.27991946666666,81.14988173333334,95.86368653333331,100.0
00:02:24,141940,378506.0,3.0,169388,451701.0,221652,591072.0,335392,894378.0,604984,1613290.0,1125180,3000480.0,1854808,4946154.0,3576512,9537365.0,0.0,0.142744,24.7598472,47.45302266666668,72.25854266666667,86.58408240000003,94.2803493333333,100.0
00:02:27,170516,454709.0,3.0,206800,551466.0,239324,638197.0,306252,816672.0,515120,1373653.0,928344,2475584.0,1452676,3873802.0,2588948,6903861.0,0.0,0.0,21.707922297297298,45.513219054054055,70.67819918918919,85.90123972972974,94.0274081081081,100.0
00:02:30,165816,442176.0,3.0,194768,519381.0,230488,614634.0,302868,807648.0,530912,1415765.0,967636,2580362.0,1523364,4062304.0,2867000,7645333.0,0.0,3.0700925333333333,24.730966666666667,47.44239320000001,72.1117504,87.36671199999999,95.04546613333333,100.0
00:02:33,153032,408085.0,3.0,188564,502837.0,236316,630176.0,308320,822186.0,533732,1423285.0,954852,2546272.0,1469596,3918922.0,2662832,7100885.0,0.0,0.0,18.68404053333333,40.60896693333333,68.69147399999996,84.80728040000002,92.91092239999998,100.0
00:02:36,174652,465738.0,3.0,203980,543946.0,242520,646720.0,284632,759018.0,478460,1275893.0,857468,2286581.0,1323896,3530389.0,2398880,6397013.0,0.0,0.0,18.817657432432437,40.831692972972974,68.73963662162164,84.58459162162163,92.3785877027027,100.0
00:02:39,181044,482784.0,3.0,214696,572522.0,251168,669781.0,293468,782581.0,447064,1192170.0,800316,2134176.0,1208464,3222570.0,2197720,5860586.0,0.0,0.9532202666666668,20.084152133333333,42.00248946666667,69.17507653333332,84.82876480000002,92.84942306666665,100.0
00:02:42,156228,416608.0,3.0,205484,547957.0,241768,644714.0,285196,760522.0,483912,1290432.0,871568,2324181.0,1348524,3596064.0,2537624,6766997.0,0.0,1.8297709333333338,29.7523448,51.923410266666686,74.92245706666667,87.55942733333335,94.29752173333333,100.0
00:02:45,164124,437664.0,3.0,194204,517877.0,233684,623157.0,297604,793610.0,517752,1380672.0,923644,2463050.0,1436884,3831690.0,2678248,7141994.0,0.0,0.059824999999999996,29.397382297297302,51.857811756756774,75.21833851351354,87.95940418918919,94.511604054054,100.0
00:02:48,173900,463733.0,3.0,201348,536928.0,243648,649728.0,303620,809653.0,517940,1381173.0,948836,2530229.0,1403044,3741450.0,2639144,7037717.0,0.0,0.14616813333333334,28.5996924,51.0058808,74.6827748,87.74857426666665,94.69143,100.0
00:02:51,168260,448693.0,3.0,197964,527904.0,235564,628170.0,289708,772554.0,496884,1325024.0,882848,2354261.0,1372588,3660234.0,2552100,6805600.0,0.0,0.17430973333333336,29.235522800000012,51.63632439999999,75.22060253333333,88.02522026666668,94.47560893333333,100.0
00:02:54,177284,472757.0,3.0,206048,549461.0,240264,640704.0,294220,784586.0,472820,1260853.0,861228,2296608.0,1324836,3532896.0,2511116,6696309.0,0.0,0.2415658108108108,26.03915243243243,48.82949513513515,73.04864189189192,87.90698540540541,96.894372972973,100.0
00:02:57,152656,407082.0,3.0,179352,478272.0,247032,658752.0,353064,941504.0,642960,1714560.0,1217864,3247637.0,1939596,5172256.0,3881448,10350528.0,0.0,2.7141525333333334,21.471438400000004,42.946846799999996,69.11213359999999,84.79852079999999,95.05900799999996,100.0
00:03:00,180856,482282.0,3.0,210748,561994.0,241016,642709.0,313396,835722.0,537492,1433312.0,993392,2649045.0,1463204,3901877.0,2634444,7025184.0,0.0,0.0,18.79033306666667,42.80512653333333,70.39245999999999,86.47380946666668,95.17087280000001,100.0
00:03:03,163936,437162.0,3.0,194204,517877.0,245340,654240.0,352312,939498.0,629988,1679968.0,1132136,3019029.0,1745768,4655381.0,3242812,8647498.0,0.0,0.0,18.636387972972965,42.878934459459465,70.45543472972972,86.00826405405404,93.84809121621623,100.0
00:03:06,172584,460224.0,3.0,205672,548458.0,253424,675797.0,316968,845248.0,557044,1485450.0,990948,2642528.0,1518100,4048266.0,2756456,7350549.0,0.0,3.1830998666666663,26.16650933333333,48.30939266666666,72.97640373333336,86.78252746666666,93.50359746666665,100.0
00:03:09,162996,434656.0,3.0,211500,564000.0,257748,687328.0,300424,801130.0,479776,1279402.0,857280,2286080.0,1317504,3513344.0,2410160,6427093.0,0.0,0.0,27.55781706666666,49.759730933333316,74.10145013333333,87.30528373333337,93.75803626666668,100.0
00:03:12,181232,483285.0,3.0,209620,558986.0,251544,670784.0,294220,784586.0,483724,1289930.0,841300,2243466.0,1284792,3426112.0,2313340,6168906.0,0.0,0.0,29.211581756756754,51.080874324324334,74.81058743243243,87.88496689189189,93.9779658108108,100.0
00:03:15,184052,490805.0,3.0,213380,569013.0,251544,670784.0,292152,779072.0,434280,1158080.0,783020,2088053.0,1190980,3175946.0,2204112,5877632.0,0.0,0.0,28.753060266666676,50.543193333333335,74.07796373333335,87.28561466666662,93.55637013333336,100.0
00:03:18,177660,473760.0,3.0,213380,569013.0,251732,671285.0,289332,771552.0,442176,1179136.0,802572,2140192.0,1211284,3230090.0,2212572,5900192.0,0.0,0.0,29.431238,51.182093599999995,74.83061733333334,87.79850173333334,93.72641053333334,100.0
00:03:21,181232,483285.0,3.0,227668,607114.0,262260,699360.0,301176,803136.0,445748,1188661.0,785652,2095072.0,1209404,3225077.0,2271416,6057109.0,0.0,0.0,30.471795000000004,52.221995405405394,75.87876445945945,88.62014337837839,94.6992151351351,100.0
00:03:24,166004,442677.0,3.0,207928,554474.0,249664,665770.0,281248,749994.0,425632,1135018.0,762716,2033909.0,1187784,3167424.0,2196216,5856576.0,0.0,1.6666552000000003,29.471183866666657,50.72436853333333,75.22174413333333,88.70553106666665,95.09951253333328,100.0
00:03:27,181984,485290.0,3.0,209056,557482.0,236504,630677.0,302116,805642.0,488424,1302464.0,918568,2449514.0,1439704,3839210.0,2651740,7071306.0,0.0,0.0,24.842352400000003,47.36548226666667,73.40404146666664,88.16638853333333,96.2270916,100.0
00:03:30,160928,429141.0,3.0,188940,503840.0,233308,622154.0,330880,882346.0,599908,1599754.0,1087204,2899210.0,1701024,4536064.0,3211416,8563776.0,0.0,2.8980200000000003,30.89158013513514,53.47321635135134,76.57626283783783,89.09706378378378,95.43529878378382,100.0
00:03:33,167884,447690.0,3.0,211876,565002.0,259816,692842.0,330504,881344.0,525836,1402229.0,892624,2380330.0,1410752,3762005.0,2693664,7183104.0,0.0,0.7959156000000003,29.666512799999982,52.461266000000016,76.39279920000003,88.86436026666672,94.90227386666666,100.0
00:03:36,154536,412096.0,3.0,194016,517376.0,237444,633184.0,295536,788096.0,469060,1250826.0,821748,2191328.0,1256404,3350410.0,2333644,6223050.0,0.0,0.0,21.77636213333332,44.1186816,70.40239813333334,83.91572493333334,90.78233253333335,100.0
00:03:39,161868,431648.0,3.0,208868,556981.0,258312,688832.0,291964,778570.0,396304,1056810.0,713648,1903061.0,1071224,2856597.0,2066120,5509653.0,0.0,0.0,22.747536756756748,45.08855716216217,71.19411027027023,84.85603175675675,91.42669756756762,100.0
00:03:42,148896,397056.0,3.0,198716,529909.0,236316,630176.0,271848,724928.0,420368,1120981.0,766852,2044938.0,1116908,2978421.0,2248104,5994944.0,0.0,0.0,23.472061066666672,45.894432400000014,71.306282,84.83287346666665,90.94918679999998,100.0
00:03:45,148520,396053.0,3.0,196648,524394.0,230864,615637.0,271848,724928.0,381828,1018208.0,695036,1853429.0,1087016,2898709.0,2074580,5532213.0,0.0,0.0,23.463266399999995,46.04018933333335,71.76888013333333,85.58293800000004,92.65654893333335,100.0
00:03:48,159048,424128.0,3.0,188564,502837.0,223156,595082.0,269780,719413.0,450448,1201194.0,830396,2214389.0,1209592,3225578.0,2371620,6324320.0,0.0,0.0,25.29955297297296,47.22291783783783,72.60955918918921,85.5509647297297,91.82595270270271,100.0
00:03:51,133668,356448.0,3.0,191196,509856.0,238196,635189.0,275984,735957.0,369608,985621.0,607240,1619306.0,823440,2195840.0,1517912,4047765.0,0.0,4.826691199999999,33.24705493333334,53.317959200000004,76.10842960000001,88.16485973333333,94.09478839999998,100.0
00:03:54,157168,419114.0,3.0,195144,520384.0,222404,593077.0,263388,702368.0,420368,1120981.0,757452,2019872.0,1227452,3273205.0,2367296,6312789.0,0.0,0.8480235999999999,30.506320399999996,51.94744506666667,76.02931266666668,88.8008368,95.20471626666668,100.0
00:03:57,160364,427637.0,3.0,185744,495317.0,218644,583050.0,264892,706378.0,446876,1191669.0,840172,2240458.0,1337244,3565984.0,2701748,7204661.0,0.0,0.5578637837837838,28.05794810810811,49.07346554054054,73.81724067567568,87.79160243243246,96.0255645945946,100.0
00:04:00,153596,409589.0,3.0,177284,472757.0,214132,571018.0,298544,796117.0,533920,1423786.0,996400,2657066.0,1580892,4215712.0,3086208,8229888.0,0.0,0.0825432,26.968463599999996,49.048049733333336,73.93726973333332,87.36760626666668,94.40658226666669,100.0
00:04:03,162620,433653.0,3.0,192700,513866.0,226916,605109.0,279744,745984.0,465864,1242304.0,853896,2277056.0,1322956,3527882.0,2585000,6893333.0,0.0,0.2765470666666667,28.861635200000002,50.54281839999999,74.96131106666668,88.2312052,94.92399773333335,100.0
00:04:06,155852,415605.0,3.0,179540,478773.0,212628,567008.0,260568,694848.0,464736,1239296.0,860100,2293600.0,1339876,3573002.0,2650612,7068298.0,0.0,0.32832479999999997,29.33693639999999,50.678588799999986,74.26255186666667,86.98142586666667,93.47051213333332,100.0
00:04:09,150964,402570.0,3.0,199280,531413.0,239136,637696.0,276736,737962.0,407208,1085888.0,746360,1990293.0,1143792,3050112.0,2239268,5971381.0,0.0,3.192514594594594,27.927332972972962,49.229428783783774,73.44537635135138,87.1922228378378,93.96603472972974,100.0
00:04:12,157168,419114.0,3.0,183488,489301.0,217704,580544.0,276548,737461.0,490492,1307978.0,901460,2403893.0,1417144,3779050.0,2661328,7096874.0,0.0,0.0012405333333333332,23.059351599999992,45.76882066666668,71.72475879999999,86.78581106666665,94.42165213333335,100.0
00:04:15,160552,428138.0,3.0,190632,508352.0,228608,609621.0,302868,807648.0,525460,1401226.0,949776,2532736.0,1487644,3967050.0,2797252,7459338.0,0.0,0.013164533333333334,23.683420266666666,46.15465146666667,71.70351453333335,86.70902119999998,94.3903984,100.0
00:04:18,169576,452202.0,3.0,195520,521386.0,233120,621653.0,283128,755008.0,478648,1276394.0,849948,2266528.0,1329348,3544928.0,2439112,6504298.0,0.0,0.0,24.610218918918907,46.797879594594576,71.88113324324327,86.50327851351354,93.54369864864861,100.0
00:04:21,157920,421120.0,3.0,186496,497322.0,220712,588565.0,278616,742976.0,497824,1327530.0,927780,2474080.0,1450984,3869290.0,2786348,7430261.0,0.0,0.014094133333333335,26.05442919999999,47.98520173333333,72.71210693333333,87.10661266666666,93.96780493333333,100.0
00:04:24,163936,437162.0,3.0,189692,505845.0,221652,591072.0,256244,683317.0,394424,1051797.0,724740,1932640.0,1110140,2960373.0,2201668,5871114.0,0.0,0.0,28.625539866666664,50.34431066666666,74.83920586666669,88.15828626666669,93.88729666666664,100.0
00:04:27,163748,436661.0,3.0,211876,565002.0,240264,640704.0,272224,725930.0,377880,1007680.0,673604,1796277.0,1060132,2827018.0,2064992,5506645.0,0.0,0.01827554054054054,27.63125756756757,49.714642027027026,73.86736378378377,87.74943959459455,93.86100824324326,100.0
00:04:30,157732,420618.0,3.0,193264,515370.0,226728,604608.0,261508,697354.0,364156,971082.0,667776,1780736.0,1040204,2773877.0,2013292,5368778.0,0.0,0.016358133333333334,27.672217199999995,49.60646213333334,73.98041600000002,87.92267306666665,94.16682066666665,100.0
00:04:33,157920,421120.0,3.0,210184,560490.0,250604,668277.0,295160,787093.0,454772,1212725.0,819116,2184309.0,1318068,3514848.0,2695356,7187616.0,0.0,1.3083798666666664,26.176131333333334,47.87571026666668,72.185086,86.26616546666666,93.19487959999998,100.0
00:04:36,174652,465738.0,3.0,204732,545952.0,241392,643712.0,291588,777568.0,499140,1331040.0,905408,2414421.0,1421280,3790080.0,2656252,7083338.0,0.0,0.037190405405405406,24.846959729729722,48.050076216216226,73.60217716216216,87.85111567567569,94.89838756756757,100.0
00:04:39,165252,440672.0,3.0,201348,536928.0,236880,631680.0,290272,774058.0,497636,1327029.0,907664,2420437.0,1424288,3798101.0,2686520,7164053.0,0.0,1.6819349333333335,24.0291328,48.14910626666668,73.78738693333337,88.23585999999999,94.83631919999999,100.0
00:04:42,159988,426634.0,3.0,188188,501834.0,222404,593077.0,272036,725429.0,478836,1276896.0,881908,2351754.0,1382928,3687808.0,2644032,7050752.0,0.0,0.0,20.579411733333338,45.64691173333335,71.97851826666664,86.8190484,93.63090893333334,100.0
00:04:45,164500,438666.0,3.0,192700,513866.0,229736,612629.0,285384,761024.0,493500,1316000.0,911800,2431466.0,1429740,3812640.0,2737656,7300416.0,0.0,1.1532655405405405,22.555477297297305,46.486427027027005,72.41794364864865,87.78330648648654,95.42797837837834,100.0
00:04:48,153596,409589.0,3.0,188940,503840.0,228232,608618.0,285760,762026.0,500268,1334048.0,920824,2455530.0,1455308,3880821.0,2782964,7421237.0,0.0,0.7047077333333334,21.989870533333328,44.302690933333345,69.54423199999998,84.37742506666667,91.6418236,100.0
00:04:51,176908,471754.0,3.0,206800,551466.0,245716,655242.0,301176,803136.0,488236,1301962.0,887548,2366794.0,1409436,3758496.0,2683888,7157034.0,0.0,0.0,22.5800116,45.236189733333326,71.3569772,86.94764786666666,94.90967560000001,100.0
00:04:54,158108,421621.0,3.0,186496,497322.0,225412,601098.0,309260,824693.0,547456,1459882.0,1009560,2692160.0,1608340,4288906.0,3088840,8236906.0,0.0,1.9688995945945948,25.275032837837838,47.28788297297299,71.91917837837838,86.80120027027029,94.15092148648652,100.0
00:04:57,169952,453205.0,3.0,206988,551968.0,258312,688832.0,332948,887861.0,554224,1477930.0,1017832,2714218.0,1614356,4304949.0,3221568,8590848.0,0.0,0.0,23.94186,45.98923146666669,71.01785840000002,86.61464880000003,95.22340466666665,100.0
00:05:00,160928,429141.0,3.0,189504,505344.0,228984,610624.0,300424,801130.0,534108,1424288.0,975156,2600416.0,1543856,4116949.0,2941824,7844864.0,0.0,2.2003326666666667,29.110461066666662,50.09438599999999,73.99578946666668,87.82184960000001,94.64541520000006,100.0
00:05:03,152656,407082.0,3.0,204920,546453.0,246656,657749.0,278240,741973.0,436348,1163594.0,801444,2137184.0,1260540,3361440.0,2380832,6348885.0,0.0,0.09712405405405405,22.910608243243242,46.091351486486495,71.34336094594596,86.007052972973,93.39285864864867,100.0
00:05:06,176532,470752.0,3.0,205108,546954.0,242520,646720.0,307568,820181.0,513616,1369642.0,941504,2510677.0,1467716,3913909.0,2772436,7393162.0,0.0,0.0,21.925801200000006,44.999916,70.55285413333333,85.34574493333332,93.33370506666667,100.0
00:05:09,175404,467744.0,3.0,217516,580042.0,258124,688330.0,295912,789098.0,458344,1222250.0,863108,2301621.0,1350592,3601578.0,2444376,6518336.0,0.0,1.5595553333333332,25.15475639999999,47.850774000000015,72.48337373333335,86.4399676,93.06253906666664,100.0
00:05:12,155476,414602.0,3.0,200408,534421.0,247220,659253.0,297792,794112.0,470564,1254837.0,832276,2219402.0,1286860,3431626.0,2391360,6376960.0,0.0,1.2373228378378378,22.991807702702697,46.18944094594593,71.94514391891892,86.96962040540542,94.54251527027029,100.0
00:05:15,163560,436160.0,3.0,191948,511861.0,237632,633685.0,324300,864800.0,579416,1545109.0,1064456,2838549.0,1687112,4498965.0,3248264,8662037.0,0.0,0.0,21.38576213333334,45.775980133333334,73.20668559999996,89.06466560000003,97.8869254666667,100.0
00:05:18,160740,428640.0,3.0,187248,499328.0,252672,673792.0,375248,1000661.0,684320,1824853.0,1282724,3420597.0,2063864,5503637.0,4019440,10718506.0,0.0,0.010383733333333334,17.362333066666668,39.88621853333334,65.30324773333332,83.30063613333333,97.60527933333333,100.0
00:05:21,155852,415605.0,3.0,190632,508352.0,249288,664768.0,359080,957546.0,637696,1700522.0,1156012,3082698.0,1827360,4872960.0,3379488,9011968.0,0.0,3.5905816216216224,24.614622432432437,45.592429729729744,70.81667662162161,85.80304175675673,93.83040391891892,100.0
00:05:24,157356,419616.0,3.0,197212,525898.0,243460,649226.0,307944,821184.0,538056,1434816.0,937368,2499648.0,1448916,3863776.0,2605680,6948480.0,0.0,0.0,22.409576266666672,44.88970186666667,69.44415959999998,85.02979053333334,92.40104013333331,100.0
00:05:27,173900,463733.0,3.0,202288,539434.0,241016,642709.0,279932,746485.0,446876,1191669.0,814416,2171776.0,1253584,3342890.0,2324996,6199989.0,0.0,0.0,21.698106666666664,44.38903853333333,69.8610434666667,85.63218760000001,92.99985186666666,100.0
00:05:30,170516,454709.0,3.0,199656,532416.0,240264,640704.0,306628,817674.0,531100,1416266.0,991512,2644032.0,1544608,4118954.0,2958180,7888480.0,0.0,0.0,22.068924189189186,45.59297635135137,70.64942581081081,87.0531004054054,95.52157972972975,100.0
00:05:33,148896,397056.0,3.0,176532,470752.0,226540,604106.0,332384,886357.0,606864,1618304.0,1134956,3026549.0,1829428,4878474.0,3620880,9655680.0,0.0,1.4869126666666668,24.876392799999998,46.91815653333333,71.77793399999999,86.84844360000001,94.74278626666666,100.0
00:05:36,176344,470250.0,3.0,214508,572021.0,243084,648224.0,299672,799125.0,499704,1332544.0,899016,2397376.0,1383868,3690314.0,2549092,6797578.0,0.0,0.0,19.674343200000003,42.43603213333335,69.03651119999999,84.78784866666669,94.01823346666666,100.0
00:05:39,157168,419114.0,3.0,185180,493813.0,226164,603104.0,315464,841237.0,556856,1484949.0,1020276,2720736.0,1602324,4272864.0,3055188,8147168.0,0.0,0.0,19.278886621621613,42.01881135135136,68.86889108108109,84.57823648648646,93.66698324324324,100.0
00:05:42,161304,430144.0,3.0,184428,491808.0,224660,599093.0,299484,798624.0,541064,1442837.0,999220,2664586.0,1574124,4197664.0,3044472,8118592.0,0.0,0.0,22.613933733333333,45.36403813333333,70.87743426666668,84.8220838666666,92.75437986666668,100.0
00:05:45,146640,391040.0,3.0,187812,500832.0,250980,669280.0,327872,874325.0,440484,1174624.0,811784,2164757.0,1266180,3376480.0,2539692,6772512.0,20.784648533333332,20.92739773333333,37.10667213333333,55.463846133333355,77.38718426666668,89.72324693333331,96.80565933333331,100.0
00:05:48,162620,433653.0,3.0,191572,510858.0,266584,710890.0,398372,1062325.0,713460,1902560.0,1312428,3499808.0,2083604,5556277.0,4122840,10994240.0,0.0,0.1205495945945946,22.612833513513515,46.04098675675675,70.80296675675677,86.07299864864868,95.53508891891892,100.0
00:05:51,171644,457717.0,3.0,200972,535925.0,237632,633685.0,332384,886357.0,579792,1546112.0,1021404,2723744.0,1587096,4232256.0,3005180,8013813.0,0.0,3.2532569333333337,31.03251866666666,52.90487880000001,75.1999236,87.80056080000001,94.55140093333331,100.0
00:05:54,171644,457717.0,3.0,204920,546453.0,240640,641706.0,300612,801632.0,511360,1363626.0,847504,2260010.0,1332356,3552949.0,2447760,6527360.0,0.0,2.6066944000000003,28.74602893333334,50.28781986666665,73.44913159999999,87.06551213333333,94.57017893333331,100.0
00:05:55.520000,103964,547178.0,1.52,131600,692631.0,166756,877663.0,226352,1191326.0,386528,2034357.0,661760,3482947.0,1008996,5310505.0,1811756,9535557.0,0.0,0.0,11.53105,27.25067,46.0767,55.7823,60.55032,100.0
