delta_t_s,256x144x25_size_byte,256x144x25_bitrate,seg_len_s,426x240x25_size_byte,426x240x25_bitrate,640x360x25_size_byte,640x360x25_bitrate,854x480x25_size_byte,854x480x25_bitrate,1280x720x25_size_byte,1280x720x25_bitrate,1280x720x50_size_byte,1280x720x50_bitrate,1920x1080x25_size_byte,1920x1080x25_bitrate,1920x1080x50_size_byte,1920x1080x50_bitrate,256x144x25_vmaf_score,426x240x25_vmaf_score,640x360x25_vmaf_score,854x480x25_vmaf_score,1280x720x25_vmaf_score,1280x720x50_vmaf_score,1920x1080x25_vmaf_score,1920x1080x50_vmaf_score
00:00:03,157732,420618.0,3.0,192324,512864.0,242520,646720.0,358892,957045.0,659316,1758176.0,949588,2532234.0,1189288,3171434.0,1813636,4836362.0,0.6664120666666665,25.071818666666662,51.48625553333333,66.92663826666669,85.47424913333337,86.22868466666662,94.34507919999997,100.0
00:00:06,157920,421120.0,3.0,185180,493813.0,273916,730442.0,404576,1078869.0,774372,2064992.0,1128376,3009002.0,1473920,3930453.0,2211068,5896181.0,0.08084553333333333,20.631047266666656,47.854486399999985,64.5212248,82.75911153333334,87.1216931333334,90.93455466666668,100.0
00:00:09,155100,413600.0,3.0,195144,520384.0,310200,827200.0,463232,1235285.0,821372,2190325.0,1212412,3233098.0,1490088,3973568.0,2287772,6100725.0,2.7132039999999993,23.6831294,45.316098933333336,62.95934459999998,77.64047879999998,93.60130126666668,80.55860720000001,100.0
00:00:12,157356,419616.0,3.0,229548,612128.0,407584,1086890.0,612504,1633344.0,1094160,2917760.0,1537088,4098901.0,2087364,5566304.0,2903284,7742090.0,0.5954522818791945,19.077809530201336,40.888939731543644,59.2384113422819,74.28549751677853,88.93738187919463,80.07700785234903,100.0
00:00:15,150776,402069.0,3.0,196460,523893.0,343288,915434.0,531288,1416768.0,986060,2629493.0,1348524,3596064.0,1962908,5234421.0,2668660,7116426.0,0.4568509333333334,18.312714399999994,39.59652573333334,56.36478479999997,70.6981870666667,86.7586982,77.56583113333335,100.0
00:00:18,150400,401066.0,3.0,175592,468245.0,273916,730442.0,427324,1139530.0,845812,2255498.0,1168796,3116789.0,1732608,4620288.0,2439112,6504298.0,2.915384133333333,20.086293999999995,38.441533666666665,52.863445133333315,65.50514373333334,91.16581526666667,70.5689124,100.0
00:00:21,145700,388533.0,3.0,206800,551466.0,384460,1025226.0,612316,1632842.0,1175000,3133333.0,1595180,4253813.0,2356580,6284213.0,3370840,8988906.0,0.21433375838926172,19.90967046979866,42.254636510067094,55.94687154362412,71.55477503355702,86.25635201342284,75.53609818791946,100.0
00:00:24,140248,373994.0,3.0,168824,450197.0,286700,764533.0,440484,1174624.0,890744,2375317.0,1206960,3218560.0,1849920,4933120.0,2513184,6701824.0,3.6603267333333345,28.575770333333324,51.30394466666669,63.45369019999995,80.59422780000003,84.54588559999995,86.53675333333335,100.0
00:00:27,138368,368981.0,3.0,160928,429141.0,200220,533920.0,279180,744480.0,533732,1423285.0,749556,1998816.0,1045656,2788416.0,1494224,3984597.0,4.840106241610737,29.00241859060404,50.553121073825515,61.46067355704701,77.75795268456379,84.33591744966445,82.41559503355705,100.0
00:00:30,143444,382517.0,3.0,164124,437664.0,198152,528405.0,285384,761024.0,552156,1472416.0,774560,2065493.0,1118600,2982933.0,1628080,4341546.0,1.7792775333333326,26.900986866666653,48.56708926666666,60.73661319999996,76.42718513333334,85.59646653333334,81.1283979333334,100.0
00:00:33,150964,402570.0,3.0,171832,458218.0,213380,569013.0,320916,855776.0,613632,1636352.0,871756,2324682.0,1208840,3223573.0,1773216,4728576.0,0.03598853333333333,19.099942933333335,43.549207466666644,59.33897933333335,78.17698786666668,86.93286479999998,85.37655533333337,100.0
00:00:36,155476,414602.0,3.0,186308,496821.0,292528,780074.0,457968,1221248.0,895444,2387850.0,1269564,3385504.0,1780736,4748629.0,2527472,6739925.0,0.3760697315436242,23.2651433557047,47.43737543624162,61.471826577181176,81.24444442953019,86.51217355704699,88.11320536912748,100.0
00:00:39,150588,401568.0,3.0,176908,471754.0,251168,669781.0,388596,1036256.0,730944,1949184.0,1010312,2694165.0,1446096,3856256.0,2028708,5409888.0,0.3340148666666667,23.45286806666666,47.03615860000002,59.9649680666667,81.02175106666665,85.61078920000001,88.90626613333335,100.0
00:00:42,146828,391541.0,3.0,175404,467744.0,251544,670784.0,382016,1018709.0,739780,1972746.0,1068780,2850080.0,1512836,4034229.0,2216144,5909717.0,1.173496308724832,23.840296241610744,45.48522939597314,59.30784234899329,78.61936214765099,86.43922409395974,87.0995034228188,100.0
00:00:45,153972,410592.0,3.0,179164,477770.0,259816,692842.0,401004,1069344.0,766100,2042933.0,1104688,2945834.0,1530884,4082357.0,2361656,6297749.0,1.5152772666666667,24.2498104,47.04441546666667,60.640708266666685,79.41586466666668,88.44443113333335,86.63443720000005,100.0
00:00:48,147768,394048.0,3.0,184616,492309.0,291024,776064.0,454584,1212224.0,877208,2339221.0,1193424,3182464.0,1695948,4522528.0,2430464,6481237.0,0.49849273333333344,26.01123813333333,48.771390866666664,61.8627654,81.25512379999998,85.5942088,89.2035577333333,100.0
00:00:51,154724,412597.0,3.0,176156,469749.0,218832,583552.0,333324,888864.0,669092,1784245.0,955604,2548277.0,1368076,3648202.0,1967420,5246453.0,0.10616818791946307,21.15221932885906,47.25127852348995,64.49422691275167,82.45174697986576,87.1641177852349,91.65500671140941,100.0
00:00:54,152844,407584.0,3.0,184616,492309.0,268840,716906.0,399124,1064330.0,735268,1960714.0,1088520,2902720.0,1363376,3635669.0,2111804,5631477.0,0.48197419999999996,17.664835199999995,41.27430366666665,57.51223533333334,71.47010646666666,86.97662613333337,78.36732060000001,100.0
00:00:57,156792,418112.0,3.0,194016,517376.0,344980,919946.0,519632,1385685.0,980608,2614954.0,1331980,3551946.0,1888272,5035392.0,2595904,6922410.0,0.0,13.89288543624161,37.97312429530201,54.30707395973155,69.62244395973154,82.7682134899329,77.92434328859059,100.0
00:01:00,165440,441173.0,3.0,207176,552469.0,367728,980608.0,602164,1605770.0,1123300,2995466.0,1455872,3882325.0,2127408,5673088.0,2741228,7309941.0,0.04204726666666667,26.055591266666656,48.498724599999996,62.03563339999998,72.65433459999998,84.84634346666665,76.7991078,100.0
00:01:03,158296,422122.0,3.0,191572,510858.0,309072,824192.0,481280,1283413.0,917816,2447509.0,1287800,3434133.0,1817960,4847893.0,2629180,7011146.0,3.0657061333333333,23.778974133333325,44.25363693333332,58.46314119999999,68.05987920000004,85.44001100000006,73.56912326666664,100.0
00:01:06,146828,391541.0,3.0,179728,479274.0,310952,829205.0,488988,1303968.0,935300,2494133.0,1282724,3420597.0,1893160,5048426.0,2659260,7091360.0,16.372116510067116,39.629383959731534,59.73732483221474,65.11925865771815,78.37189785234902,89.9147676510067,82.46475912751681,100.0
00:01:09,155664,415104.0,3.0,172960,461226.0,226352,603605.0,326556,870816.0,633184,1688490.0,998280,2662080.0,1279152,3411072.0,2037732,5433952.0,0.0,19.549126333333323,44.278964866666655,60.49694746666667,76.54848373333331,86.89401760000003,82.94498399999998,100.0
00:01:12,168260,448693.0,3.0,210560,561493.0,361148,963061.0,557044,1485450.0,1010312,2694165.0,1425040,3800106.0,1957644,5220384.0,2798380,7462346.0,0.0,16.450957248322158,42.1061510738255,61.05643167785235,76.35051724832213,86.1813608053691,83.78786583892615,100.0
00:01:15,169952,453205.0,3.0,205108,546954.0,340844,908917.0,526024,1402730.0,954476,2545269.0,1340816,3575509.0,1860636,4961696.0,2616020,6976053.0,0.0,15.965467933333338,39.675196333333346,57.94124319999998,73.81465986666666,86.30255859999994,81.57180086666672,100.0
00:01:18,165064,440170.0,3.0,215448,574528.0,392356,1046282.0,595208,1587221.0,1079684,2879157.0,1478808,3943488.0,2068752,5516672.0,2829400,7545066.0,0.0,14.395658266666668,41.60449606666666,61.93943460000002,80.66855506666667,89.98308366666669,88.32952853333332,100.0
00:01:21,156604,417610.0,3.0,209996,559989.0,372240,992640.0,551968,1471914.0,1023848,2730261.0,1417708,3780554.0,1952192,5205845.0,2780520,7414720.0,0.0,16.944333691275165,46.08325389261746,67.20428845637582,86.06085201342285,90.74616651006711,94.83008617449666,100.0
00:01:24,155852,415605.0,3.0,190632,508352.0,282188,752501.0,436912,1165098.0,826072,2202858.0,1191920,3178453.0,1643308,4382154.0,2375192,6333845.0,0.0,12.803501400000002,40.73931119999999,61.713019266666635,82.47195093333326,88.04363819999995,91.29689146666668,100.0
00:01:27,156604,417610.0,3.0,191760,511360.0,316216,843242.0,482596,1286922.0,892812,2380832.0,1251704,3337877.0,1754980,4679946.0,2522960,6727893.0,0.0,16.142004429530196,43.56386469798658,62.53731570469799,83.01561322147656,87.09170912751684,90.50261536912751,100.0
00:01:30,154348,411594.0,3.0,188564,502837.0,252296,672789.0,399876,1066336.0,744668,1985781.0,1039640,2772373.0,1463580,3902880.0,2126280,5670080.0,0.26552126666666664,15.030990999999995,43.175342133333345,60.548316599999985,77.70666320000004,90.49883986666667,84.12396100000004,100.0
00:01:33,145136,387029.0,3.0,201160,536426.0,379384,1011690.0,596524,1590730.0,1166164,3109770.0,1582960,4221226.0,2326500,6204000.0,3351852,8938272.0,0.0,15.32316496644295,44.95967604026848,64.70984302013426,84.29066671140939,88.3378589261745,92.74920926174498,100.0
00:01:36,156228,416608.0,3.0,189880,506346.0,294408,785088.0,459284,1224757.0,876456,2337216.0,1240612,3308298.0,1724148,4597728.0,2525216,6733909.0,0.0,16.6018946,47.227034599999996,65.20068720000005,85.05321526666664,87.71596606666671,92.58518946666669,100.0
00:01:39,156604,417610.0,3.0,189128,504341.0,271284,723424.0,426572,1137525.0,780388,2081034.0,1085700,2895200.0,1467152,3912405.0,2139628,5705674.0,0.013101466666666667,14.818463066666666,41.2325626,61.48193226666669,78.70449553333334,91.70610013333334,84.37539386666666,100.0
00:01:42,153408,409088.0,3.0,203040,541440.0,357388,953034.0,566068,1509514.0,1063892,2837045.0,1470348,3920928.0,2132296,5686122.0,3061016,8162709.0,19.451675436241608,41.53000469798658,59.42676302013422,67.19720724832214,79.7373745637584,90.88593026845633,84.08211281879193,100.0
00:01:45,147204,392544.0,3.0,182736,487296.0,257184,685824.0,401004,1069344.0,736208,1963221.0,1087204,2899210.0,1458880,3890346.0,2194148,5851061.0,0.06734373333333332,13.561113333333337,37.51455226666668,60.16271319999998,79.09959293333338,88.19701260000002,89.91943866666664,100.0
00:01:48,168824,450197.0,3.0,256432,683818.0,489928,1306474.0,757640,2020373.0,1335364,3560970.0,1824540,4865440.0,2175160,5800426.0,3029808,8079488.0,0.0,15.99639637583892,40.945129731543624,61.357005906040264,80.0173801342282,89.69282463087247,89.51145966442952,100.0
00:01:51,172960,461226.0,3.0,246468,657248.0,456840,1218240.0,702368,1872981.0,1248132,3328352.0,1777916,4741109.0,2013104,5368277.0,2927160,7805760.0,0.020745466666666667,13.255129866666666,35.28367519999999,55.9819584,76.0922382666667,87.97245253333334,87.54887706666669,100.0
00:01:54,164312,438165.0,3.0,257936,687829.0,475828,1268874.0,731696,1951189.0,1312804,3500810.0,1870036,4986762.0,2261828,6031541.0,3249956,8666549.0,0.0,11.465008799999998,35.558042733333345,54.65646786666668,74.86763113333336,84.30483633333333,85.7075188,100.0
00:01:57,166192,443178.0,3.0,218080,581546.0,408900,1090400.0,632244,1685984.0,1157892,3087712.0,1605896,4282389.0,1925684,5135157.0,2757020,7352053.0,0.0,16.271706644295303,45.441562885906045,65.78309765100671,85.40063999999997,87.80078892617449,94.52839604026849,100.0
00:02:00,165064,440170.0,3.0,207928,554474.0,335956,895882.0,524144,1397717.0,922704,2460544.0,1359616,3625642.0,1654964,4413237.0,2502280,6672746.0,17.959722199999998,38.067678533333314,57.45978139999999,67.02864513333333,78.90647573333334,91.66232320000012,84.51532706666667,100.0
00:02:03,155852,415605.0,3.0,179916,479776.0,233496,622656.0,336144,896384.0,643524,1716064.0,995648,2655061.0,1295132,3453685.0,2007464,5353237.0,0.0,11.761110738255038,36.710726644295306,56.86510436241608,75.87219785234902,89.97271241610737,83.06483704697989,100.0
00:02:06,162244,432650.0,3.0,231052,616138.0,416796,1111456.0,656308,1750154.0,1218804,3250144.0,1635600,4361600.0,2499460,6665226.0,3232472,8619925.0,0.03831746666666667,12.287390333333335,34.11213326666667,53.47682,72.57570306666663,85.73838133333334,83.30359426666665,100.0
00:02:09,170704,455210.0,3.0,253800,676800.0,468120,1248320.0,732636,1953696.0,1312616,3500309.0,1833376,4889002.0,2462424,6566464.0,3390580,9041546.0,0.0,9.564055666666663,31.14290766666668,50.97791213333335,70.35854219999999,83.562523,81.96893566666665,100.0
00:02:12,168824,450197.0,3.0,243836,650229.0,480904,1282410.0,746736,1991296.0,1338936,3570496.0,1885264,5027370.0,2239268,5971381.0,3232848,8620928.0,0.0008020134228187919,19.69728154362416,45.13566167785234,63.69680751677847,80.32394624161077,86.38913872483218,89.31282785234899,100.0
00:02:15,173524,462730.0,3.0,241580,644213.0,395364,1054304.0,601224,1603264.0,1056748,2817994.0,1335928,3562474.0,1589916,4239776.0,2171024,5789397.0,0.005771866666666667,22.22594053333334,49.23566379999998,66.8863074666667,84.9647258,89.19204933333333,92.46913233333335,100.0
00:02:18,162056,432149.0,3.0,204544,545450.0,349304,931477.0,536176,1429802.0,935864,2495637.0,1306788,3484768.0,1675456,4467882.0,2379704,6345877.0,0.0,22.362165637583885,50.47371778523489,68.17875570469798,87.39490080536916,88.73832906040268,94.7381275167785,100.0
00:02:21,166192,443178.0,3.0,202852,540938.0,259440,691840.0,384648,1025728.0,728312,1942165.0,1009184,2691157.0,1360556,3628149.0,1968924,5250464.0,0.0,16.955734666666665,43.86205993333334,62.658040666666665,81.60836700000003,88.32649326666669,88.2842992,100.0
00:02:24,153972,410592.0,3.0,195520,521386.0,345732,921952.0,549148,1464394.0,1068028,2848074.0,1421656,3791082.0,2165196,5773856.0,2833160,7555093.0,0.09449666666666667,15.98186460000001,43.05449793333333,62.13572773333333,80.11352673333332,89.06145339999999,86.71181500000003,100.0
00:02:27,164500,438666.0,3.0,203416,542442.0,310764,828704.0,489364,1304970.0,961808,2564821.0,1369580,3652213.0,1964976,5239936.0,2849892,7599712.0,0.2673776510067114,14.309932080536914,41.838103355704696,61.47718449664428,81.01860932885911,90.93802140939599,89.34613953020137,100.0
00:02:30,161116,429642.0,3.0,194204,517877.0,292904,781077.0,465676,1241802.0,875516,2334709.0,1214104,3237610.0,1688240,4501973.0,2435916,6495776.0,0.029456600000000003,15.05506966666666,39.37487573333332,57.49251479999998,74.48749560000005,89.38468573333331,81.8134862666667,100.0
00:02:33,155476,414602.0,3.0,198904,530410.0,346296,923456.0,551216,1469909.0,1102244,2939317.0,1483884,3957024.0,2238140,5968373.0,3390392,9041045.0,0.0,16.29208013422819,45.632694161073815,64.36825503355706,85.60765718120801,87.4974212080537,93.8270354362416,100.0
00:02:36,157168,419114.0,3.0,190820,508853.0,259628,692341.0,388408,1035754.0,707632,1887018.0,1016704,2711210.0,1358300,3622133.0,2011600,5364266.0,0.0,15.990029266666667,45.08854980000001,63.33878233333334,83.5174242,87.79761173333335,90.41643893333332,100.0
00:02:39,152656,407082.0,3.0,186496,497322.0,261696,697856.0,395364,1054304.0,771364,2056970.0,1089648,2905728.0,1589540,4238773.0,2294352,6118272.0,22.365478533333327,40.269746733333314,57.44877833333336,67.02183793333329,79.87126633333331,90.9010819333333,84.58159573333337,100.0
00:02:42,153032,408085.0,3.0,169952,453205.0,211688,564501.0,306252,816672.0,597840,1594240.0,963876,2570336.0,1188348,3168928.0,1960464,5227904.0,0.1658236912751678,14.701318389261754,40.22532812080539,58.96092422818792,75.11941530201341,91.23587899328854,81.28489785234899,100.0
00:02:45,160176,427136.0,3.0,211500,564000.0,384272,1024725.0,625852,1668938.0,1201320,3203520.0,1654400,4411733.0,2574472,6865258.0,3263680,8703146.0,0.0,16.053968733333328,43.970611933333345,64.61681593333329,84.225739,89.96074666666671,91.99299226666665,100.0
00:02:48,162244,432650.0,3.0,191572,510858.0,260380,694346.0,417360,1112960.0,749556,1998816.0,1075736,2868629.0,1411692,3764512.0,2066120,5509653.0,0.0,16.460426308724823,44.266789932885885,63.064900469798644,81.73000912751675,91.72689201342286,89.29997973154362,100.0
00:02:51,152844,407584.0,3.0,185744,495317.0,302304,806144.0,457968,1221248.0,834720,2225920.0,1166916,3111776.0,1614356,4304949.0,2281944,6085184.0,0.0,16.39152746666666,44.913117199999974,63.51283806666665,83.32871706666666,87.9553032,90.78779599999999,100.0
00:02:54,154348,411594.0,3.0,184992,493312.0,266396,710389.0,418112,1114965.0,811032,2162752.0,1119916,2986442.0,1520732,4055285.0,2201292,5870112.0,0.0,15.582458322147657,43.56034275167783,63.30438604026841,81.85484140939602,89.71116006711408,87.67877778523491,100.0
00:02:57,152468,406581.0,3.0,187248,499328.0,320352,854272.0,502524,1340064.0,949588,2532234.0,1315060,3506826.0,1848792,4930112.0,2614140,6971040.0,0.30827099999999996,16.411321133333335,39.71782420000001,56.04583206666665,71.46273460000005,87.05575873333329,78.96764046666665,100.0
00:03:00,155852,415605.0,3.0,188000,501333.0,316780,844746.0,505908,1349088.0,977976,2607936.0,1308104,3488277.0,1912900,5101066.0,2635008,7026688.0,0.045394533333333334,30.445618666666668,57.20976533333332,68.40238380000001,78.95748253333338,87.48054619999999,82.20523246666666,100.0
00:03:03,161868,431648.0,3.0,188564,502837.0,286888,765034.0,453644,1209717.0,858408,2289088.0,1200756,3202016.0,1720012,4586698.0,2453588,6542901.0,0.029944026845637586,27.818056375838935,49.54182322147653,66.85726906040267,76.5730689932886,86.93899697986576,81.44744738255034,100.0
00:03:06,154912,413098.0,3.0,192700,513866.0,321292,856778.0,496508,1324021.0,916312,2443498.0,1222376,3259669.0,1807432,4819818.0,2474080,6597546.0,0.0176314,13.277866933333335,35.742400266666664,52.85683366666667,67.74190393333336,85.41312200000002,76.2933134,100.0
00:03:09,156416,417109.0,3.0,199092,530912.0,354192,944512.0,555916,1482442.0,1045656,2788416.0,1447788,3860768.0,2037920,5434453.0,2877340,7672906.0,0.15031563758389263,19.031845906040253,42.018863355704674,57.51502281879195,73.97456926174497,90.20070302013423,82.19980060402685,100.0
00:03:12,156416,417109.0,3.0,198152,528405.0,371676,991136.0,575468,1534581.0,1076676,2871136.0,1529192,4077845.0,2051832,5471552.0,2920768,7788714.0,9.994231666666666,30.4323354,49.53803306666666,61.6340392,79.32128973333333,87.05378693333333,85.37890666666667,100.0
00:03:15,142316,379509.0,3.0,175216,467242.0,244212,651232.0,373180,995146.0,703308,1875488.0,981172,2616458.0,1316940,3511840.0,1953320,5208853.0,9.994076333333336,26.930255999999986,52.72454119999997,66.61927973333331,82.14906186666666,88.27110653333337,88.11931866666666,100.0
00:03:18,152656,407082.0,3.0,177096,472256.0,215636,575029.0,309636,825696.0,576596,1537589.0,909544,2425450.0,1190604,3174944.0,1883008,5021354.0,0.0,16.680220335570485,43.45485637583891,60.277172550335564,78.86949697986581,89.36194738255034,84.69122597315439,100.0
00:03:21,148708,396554.0,3.0,182172,485792.0,319788,852768.0,501960,1338560.0,996588,2657568.0,1343260,3582026.0,2060104,5493610.0,2986944,7965184.0,0.0,13.43291193333333,41.553721666666675,61.79268139999998,80.73775959999998,87.00662779999996,89.82978413333335,100.0
00:03:24,154160,411093.0,3.0,181232,483285.0,270908,722421.0,424692,1132512.0,800692,2135178.0,1194552,3185472.0,1563972,4170592.0,2351504,6270677.0,0.09811255033557045,14.701912013422822,40.778648791946296,59.47698161073822,77.64341516778524,90.38655845637584,83.12017617449666,100.0
00:03:27,149836,399562.0,3.0,194580,518880.0,352124,938997.0,595772,1588725.0,1148304,3062144.0,1467152,3912405.0,2301308,6136821.0,3152948,8407861.0,0.0,17.35989386666666,48.160176199999995,66.60854626666662,87.8848296666667,87.74128653333331,95.32841653333334,100.0
00:03:30,159800,426133.0,3.0,189128,504341.0,245340,654240.0,357200,952533.0,660444,1761184.0,949400,2531733.0,1198876,3197002.0,1827736,4873962.0,19.691901000000005,40.68329946666664,59.88269320000002,66.80231786666666,80.91887039999999,90.1982080666667,85.73668266666667,100.0
00:03:33,147392,393045.0,3.0,184240,491306.0,270720,721920.0,411344,1096917.0,784712,2092565.0,1090400,2907733.0,1464708,3905888.0,2182868,5820981.0,0.0,21.27002120805369,49.4904002013423,65.544132147651,83.9635445637584,87.89871234899327,89.86432469798658,100.0
00:03:36,166380,443680.0,3.0,206424,550464.0,317156,845749.0,484852,1292938.0,875328,2334208.0,1233280,3288746.0,1696136,4523029.0,2416740,6444640.0,0.0,23.997081000000005,52.32320906666669,67.94109086666667,84.60207813333331,88.33905540000008,90.44259720000008,100.0
00:03:39,166568,444181.0,3.0,203228,541941.0,304936,813162.0,466616,1244309.0,857844,2287584.0,1243244,3315317.0,1669440,4451840.0,2462236,6565962.0,0.0,16.222840604026842,44.35702046979866,62.77944785234902,80.12932973154362,88.39282389261739,88.0828768456376,100.0
00:03:42,164312,438165.0,3.0,197212,525898.0,306252,816672.0,476016,1269376.0,881908,2351754.0,1269000,3384000.0,1695384,4521024.0,2490624,6641664.0,0.10294893333333333,14.89675233333334,41.76327406666667,60.754046866666684,78.09538526666667,90.69670726666666,84.99757393333333,100.0
00:03:45,165064,440170.0,3.0,220712,588565.0,386904,1031744.0,620024,1653397.0,1208652,3223072.0,1656844,4418250.0,2437608,6500288.0,3219312,8584832.0,0.012717733333333335,13.812668333333336,40.119454466666674,59.31145293333332,77.48744699999999,88.56953153333338,85.34053439999997,100.0
00:03:48,158672,423125.0,3.0,196084,522890.0,307756,820682.0,472632,1260352.0,894504,2385344.0,1259412,3358432.0,1701212,4536565.0,2407340,6419573.0,0.0,14.588572684563758,43.257193691275155,62.75291510067116,82.809242818792,88.08025268456373,91.21917422818797,100.0
00:03:51,159424,425130.0,3.0,189880,506346.0,281624,750997.0,440296,1174122.0,809340,2158240.0,1159208,3091221.0,1485388,3961034.0,2248104,5994944.0,0.0,16.53451566666667,44.934648266666656,64.57264273333332,83.96947653333328,90.22777166666668,92.06771213333329,100.0
00:03:54,156792,418112.0,3.0,188564,502837.0,294596,785589.0,456840,1218240.0,861040,2296106.0,1238356,3302282.0,1658724,4423264.0,2428208,6475221.0,0.0,12.264482080536911,38.53771738255033,58.8317581879195,78.77687718120805,84.62792590604025,89.45242355704701,100.0
00:03:57,157920,421120.0,3.0,190068,506848.0,269028,717408.0,436724,1164597.0,805204,2147210.0,1133640,3023040.0,1544044,4117450.0,2186816,5831509.0,0.0,16.653698466666672,44.119722333333335,62.811123400000035,83.23789826666666,88.0804184666667,89.60634626666668,100.0
00:04:00,152280,406080.0,3.0,184240,491306.0,288392,769045.0,457028,1218741.0,887736,2367296.0,1242304,3312810.0,1759680,4692480.0,2505664,6681770.0,0.0,16.170066799999994,44.14425213333334,62.64474786666665,84.46848253333334,87.53631439999998,92.28585786666667,100.0
00:04:03,152092,405578.0,3.0,178976,477269.0,236880,631680.0,364532,972085.0,726996,1938656.0,1011252,2696672.0,1462828,3900874.0,2122520,5660053.0,2.08784832214765,24.663813557046986,45.27090020134227,56.63694959731542,69.23235503355713,87.30006355704694,74.01624664429528,100.0
00:04:06,150776,402069.0,3.0,174088,464234.0,274856,732949.0,421872,1124992.0,809340,2158240.0,1122360,2992960.0,1629208,4344554.0,2305444,6147850.0,0.07171573333333332,23.843614599999995,47.63614466666668,62.40972646666666,72.95261446666667,85.89434666666672,78.00557306666666,100.0
00:04:09,160740,428640.0,3.0,195896,522389.0,322420,859786.0,499516,1332042.0,932856,2487616.0,1267308,3379488.0,1850672,4935125.0,2551348,6803594.0,10.112263892617449,30.231774026845642,49.92232369127517,59.44773442953021,74.64917060402686,86.81998738255037,80.46033281879187,100.0
00:04:12,137052,365472.0,3.0,174652,465738.0,280684,748490.0,428452,1142538.0,784524,2092064.0,1091904,2911744.0,1575816,4202176.0,2221972,5925258.0,9.52382713333333,27.20062899999999,52.995614333333315,67.60959653333332,84.75935646666672,89.52059086666661,90.60596613333335,100.0
00:04:15,160552,428138.0,3.0,194204,517877.0,269028,717408.0,404576,1078869.0,740156,1973749.0,979292,2611445.0,1387816,3700842.0,1977948,5274528.0,0.5513943999999998,18.78606846666667,43.13024513333331,58.84967839999999,76.61974420000001,88.25051806666663,84.67575546666667,100.0
00:04:18,151904,405077.0,3.0,189692,505845.0,309072,824192.0,481468,1283914.0,894316,2384842.0,1230648,3281728.0,1741068,4642848.0,2436668,6497781.0,0.14165046979865772,16.797619999999995,40.45300174496645,57.28739630872482,74.15751986577179,86.51661845637582,80.71363932885906,100.0
00:04:21,147956,394549.0,3.0,179540,478773.0,294784,786090.0,470752,1255338.0,900520,2401386.0,1243056,3314816.0,1801980,4805280.0,2529352,6744938.0,0.989705733333333,26.61766906666667,52.72114286666665,64.89979953333332,82.40372539999998,85.63546613333337,88.45504146666666,100.0
00:04:24,157168,419114.0,3.0,188940,503840.0,244400,651733.0,332572,886858.0,666648,1777728.0,922140,2459040.0,1295320,3454186.0,1882068,5018848.0,0.13143335570469797,26.40717986577182,51.795843154362416,63.319336979865774,78.24668389261743,84.66050489932881,82.06442382550335,100.0
00:04:27,148520,396053.0,3.0,181044,482784.0,283128,755008.0,445748,1188661.0,859536,2292096.0,1144920,3053120.0,1714748,4572661.0,2353760,6276693.0,0.0100946,20.02085439999999,44.71351846666665,58.945031533333335,71.75134253333334,82.4363919999999,76.76401333333332,100.0
00:04:30,147392,393045.0,3.0,176156,469749.0,298920,797120.0,473572,1262858.0,922140,2459040.0,1220872,3255658.0,1862704,4967210.0,2544016,6784042.0,11.519432013422815,36.72690644295303,56.00647664429531,66.47767657718121,79.65826402684561,88.4469143624161,83.44467020134226,100.0
00:04:33,143256,382016.0,3.0,178976,477269.0,257748,687328.0,387656,1033749.0,720416,1921109.0,974216,2597909.0,1406616,3750976.0,1999944,5333184.0,8.5011912,24.417035666666663,49.960548999999986,65.5456463333333,85.02560873333331,89.12032340000005,91.62799419999999,100.0
00:04:36,156040,416106.0,3.0,193828,516874.0,284632,759018.0,442364,1179637.0,846564,2257504.0,1182520,3153386.0,1654964,4413237.0,2420500,6454666.0,0.0,14.397120733333326,43.97996259999999,63.49311313333337,84.82190173333336,88.98715793333334,92.25672059999997,100.0
00:04:39,156792,418112.0,3.0,188376,502336.0,276360,736960.0,429392,1145045.0,793360,2115626.0,1134016,3024042.0,1528064,4074837.0,2266716,6044576.0,0.0,15.524482483221474,42.04334422818792,59.53561241610739,77.82933395973158,85.95078979865777,85.07183912751684,100.0
00:04:42,160552,428138.0,3.0,190632,508352.0,303056,808149.0,460412,1227765.0,852204,2272544.0,1208464,3222570.0,1670192,4453845.0,2407716,6420576.0,0.0,15.978092399999996,40.61313186666667,58.02912573333331,74.41625339999999,85.11376433333332,81.70463746666671,100.0
00:04:45,162056,432149.0,3.0,194204,517877.0,345732,921952.0,520384,1387690.0,941128,2509674.0,1353788,3610101.0,1846912,4925098.0,2663584,7102890.0,0.005166510067114094,16.47245382550336,41.99341805369126,60.162404697986574,76.10641939597316,88.55197342281878,83.36224543624158,100.0
00:04:48,155100,413600.0,3.0,197776,527402.0,343100,914933.0,551216,1469909.0,1047724,2793930.0,1422032,3792085.0,2116504,5644010.0,3002548,8006794.0,0.0,12.182141266666667,38.24100493333332,57.073102933333345,75.35464913333334,89.42513926666669,82.58294933333332,100.0
00:04:51,160364,427637.0,3.0,192324,512864.0,321480,857280.0,512300,1366133.0,958612,2556298.0,1358300,3622133.0,1958020,5221386.0,2730136,7280362.0,0.0,12.648559866666663,37.67876553333333,57.72967373333333,75.285214,87.9815138666666,83.45527080000001,100.0
00:04:54,159612,425632.0,3.0,211500,564000.0,374120,997653.0,582048,1552128.0,1106380,2950346.0,1523928,4063808.0,2244720,5985920.0,3062896,8167722.0,0.0792051677852349,14.278516442953013,39.462855906040296,58.081714966442945,75.46282731543627,90.29273604026844,82.69486684563758,100.0
00:04:57,155664,415104.0,3.0,203040,541440.0,361524,964064.0,552156,1472416.0,1030804,2748810.0,1424476,3798602.0,1984340,5291573.0,2680316,7147509.0,0.0,16.090371466666667,44.432093733333346,64.39580519999996,83.87672579999999,90.29699899999993,90.19088793333334,100.0
00:05:00,153972,410592.0,3.0,185932,495818.0,302304,806144.0,479776,1279402.0,898640,2396373.0,1270316,3387509.0,1787128,4765674.0,2557928,6821141.0,0.0,17.779515973154357,46.30094154362418,63.82756174496641,83.42091973154365,88.84644214765106,91.1790853020134,100.0
00:05:03,151716,404576.0,3.0,183112,488298.0,277300,739466.0,429392,1145045.0,815544,2174784.0,1162028,3098741.0,1607776,4287402.0,2361844,6298250.0,19.1560652,38.937673933333336,60.330787133333345,67.3053586,81.3095234666667,89.80498313333334,85.90552179999997,100.0
00:05:06,141188,376501.0,3.0,166004,442677.0,193452,515872.0,282188,752501.0,522828,1394208.0,815732,2175285.0,1054304,2811477.0,1668312,4448832.0,0.0,13.420706533333329,42.974742933333346,61.372825666666685,84.12089826666663,85.9376641333333,91.03512593333332,100.0
00:05:09,150964,402570.0,3.0,182924,487797.0,222968,594581.0,321856,858282.0,600660,1601760.0,870816,2322176.0,1193424,3182464.0,1768140,4715040.0,0.0,15.35332033557047,45.30296530201343,63.477758993288596,85.4397269127517,86.97407684563757,93.03261865771812,100.0
00:05:12,158860,423626.0,3.0,186872,498325.0,237256,632682.0,357388,953034.0,690148,1840394.0,1032496,2753322.0,1373528,3662741.0,2107856,5620949.0,0.6624718666666667,21.248889133333336,47.281124999999996,61.61671266666668,77.26296133333332,88.17980693333328,83.94549459999996,100.0
00:05:15,156604,417610.0,3.0,195708,521888.0,314148,837728.0,480716,1281909.0,873636,2329696.0,1160524,3094730.0,1636352,4363605.0,2262392,6033045.0,0.0,25.567931208053686,51.868391610738264,68.05485000000003,82.89365107382554,86.9249347651007,89.09781214765097,100.0
00:05:18,164688,439168.0,3.0,189504,505344.0,224096,597589.0,347988,927968.0,657624,1753664.0,920448,2454528.0,1301336,3470229.0,1828864,4876970.0,0.0,28.47365606666667,55.074159266666705,69.69141133333332,85.20283926666667,86.65864840000002,90.69914759999998,100.0
00:05:21,177848,474261.0,3.0,205672,548458.0,251544,670784.0,378632,1009685.0,690524,1841397.0,961056,2562816.0,1291936,3445162.0,1848040,4928106.0,7.147208599999999,34.10989293333334,57.7393422,70.28213980000001,84.64415299999996,87.18908846666665,89.22137760000001,100.0
00:05:24,150588,401568.0,3.0,184428,491808.0,255680,681813.0,395740,1055306.0,730944,1949184.0,1021028,2722741.0,1400224,3733930.0,2039236,5437962.0,14.454654228187916,35.386859798657724,54.55590637583896,66.56612604026846,80.87407597315438,90.40673194630875,85.94425818791949,100.0
00:05:27,145700,388533.0,3.0,171832,458218.0,232180,619146.0,355696,948522.0,685260,1827360.0,1047160,2792426.0,1419400,3785066.0,2162752,5767338.0,0.0,14.791243133333337,43.41014420000001,62.650862266666664,81.56704766666661,87.6821536666667,88.59433666666672,100.0
00:05:30,163748,436661.0,3.0,188940,503840.0,294032,784085.0,467180,1245813.0,892624,2380330.0,1230272,3280725.0,1885076,5026869.0,2468628,6583008.0,0.0,16.26935832214765,43.24813456375839,63.65704791946308,82.71357697986579,90.18340610738257,91.32458724832215,100.0
00:05:33,157732,420618.0,3.0,192700,513866.0,320728,855274.0,504404,1345077.0,958988,2557301.0,1342884,3581024.0,1908012,5088032.0,2705884,7215690.0,0.0,12.950272000000005,40.787816199999995,62.86430966666666,82.06924026666667,88.2879226666666,91.30650953333331,100.0
00:05:36,160176,427136.0,3.0,192700,513866.0,283504,756010.0,457780,1220746.0,825508,2201354.0,1180264,3147370.0,1556640,4151040.0,2301308,6136821.0,0.0,13.671818800000008,42.233876333333356,63.30028186666669,82.33238733333336,90.52170159999993,91.27939859999998,100.0
00:05:39,158296,422122.0,3.0,199844,532917.0,331632,884352.0,518504,1382677.0,936052,2496138.0,1317128,3512341.0,1854996,4946656.0,2637076,7032202.0,0.0,14.335262080536912,42.688258187919494,63.19064818791947,83.56973845637579,89.99015744966448,91.25420979865774,100.0
00:05:42,150588,401568.0,3.0,180856,482282.0,297792,794112.0,480904,1282410.0,934360,2491626.0,1289116,3437642.0,1905380,5081013.0,2701184,7203157.0,0.0,18.01167273333334,46.720232866666656,65.03065500000002,85.57562220000003,88.82372399999998,92.91362573333332,100.0
00:05:45,154348,411594.0,3.0,183300,488800.0,256056,682816.0,398936,1063829.0,766852,2044938.0,1099424,2931797.0,1524304,4064810.0,2243216,5981909.0,0.0,17.80843738255033,47.35895939597315,64.68332140939596,86.82837590604028,88.66239986577183,94.49023107382553,100.0
00:05:48,156792,418112.0,3.0,186684,497824.0,277488,739968.0,425820,1135520.0,827388,2206368.0,1175940,3135840.0,1655904,4415744.0,2431780,6484746.0,0.011939066666666666,13.977320200000003,41.90050099999999,63.16150486666667,83.58698660000002,86.5352694,92.04633686666665,100.0
00:05:51,160928,429141.0,3.0,194204,517877.0,254928,679808.0,403824,1076864.0,748052,1994805.0,1006364,2683637.0,1402292,3739445.0,2017428,5379808.0,0.0,15.799481677852352,44.32717543624161,62.418967651006724,83.53866355704695,87.25444275167784,90.6833022818792,100.0
00:05:54,158296,422122.0,3.0,192324,512864.0,282940,754506.0,429392,1145045.0,785464,2094570.0,1060320,2827520.0,1490276,3974069.0,2077964,5541237.0,0.0,15.160249533333342,43.866197066666665,62.22503733333333,82.39008833333331,88.73323079999994,89.38261346666664,100.0
00:05:57,159048,424128.0,3.0,196648,524394.0,298544,796117.0,458156,1221749.0,873824,2330197.0,1249072,3330858.0,1727156,4605749.0,2550784,6802090.0,0.0,13.526605466666679,40.083359000000016,59.56375086666663,77.61322586666667,89.23651073333336,84.46140680000003,100.0
00:06:00,156416,417109.0,3.0,199656,532416.0,323172,861792.0,494440,1318506.0,943008,2514688.0,1213540,3236106.0,1794084,4784224.0,2347744,6260650.0,11.111787449664428,27.99063161073825,48.26389986577182,63.77698993288591,80.89494543624161,87.98246906040264,87.44426328859062,100.0
00:06:03,144008,384021.0,3.0,180292,480778.0,260568,694848.0,398560,1062826.0,744104,1984277.0,1045656,2788416.0,1457940,3887840.0,2048448,5462528.0,11.495535333333335,31.412702000000003,51.943030333333354,67.35758020000002,82.7321849333333,88.8543056,87.85416593333336,100.0
00:06:06,155852,415605.0,3.0,184052,490805.0,223344,595584.0,317908,847754.0,618896,1650389.0,941880,2511680.0,1316188,3509834.0,2015924,5375797.0,0.0,17.593386711409398,45.492475167785244,65.19063530201348,83.89134624161075,92.89559409395972,91.11571751677857,100.0
00:06:09,162056,432149.0,3.0,208116,554976.0,348364,928970.0,557044,1485450.0,1015200,2707200.0,1427108,3805621.0,1990168,5307114.0,2922648,7793728.0,0.16490846666666664,24.045940733333335,51.53493353333335,70.57333359999996,87.03934606666665,97.75684813333332,90.27266946666666,100.0
00:06:12,160740,428640.0,3.0,227292,606112.0,388784,1036757.0,573400,1529066.0,1025352,2734272.0,1392328,3712874.0,1993176,5315136.0,2601544,6937450.0,0.37142893333333327,23.2494628,46.04351760000001,62.4161996,75.01521900000002,90.48211046666673,80.08201146666669,100.0
00:06:15,153408,409088.0,3.0,205108,546954.0,361148,963061.0,551780,1471413.0,989444,2638517.0,1349652,3599072.0,1893348,5048928.0,2627676,7007136.0,0.0,20.054692348993296,45.62644677852349,60.824371946308716,74.05365181208052,84.98685181208057,81.55655033557046,100.0
00:06:18,162620,433653.0,3.0,199092,530912.0,348364,928970.0,531852,1418272.0,975532,2601418.0,1340440,3574506.0,1911208,5096554.0,2661892,7098378.0,0.06313933333333334,21.06212226666667,46.43464139999999,63.30996606666669,75.96924273333329,85.59008626666667,83.63589626666663,100.0
00:06:21,165440,441173.0,3.0,208492,555978.0,357952,954538.0,540124,1440330.0,970456,2587882.0,1373528,3662741.0,1863456,4969216.0,2696672,7191125.0,9.536481744966446,35.9548197315436,57.65118442953018,69.972238590604,81.23761483221479,92.17658134228186,87.02087718120804,100.0
00:06:24,148332,395552.0,3.0,195896,522389.0,304372,811658.0,453644,1209717.0,790728,2108608.0,1118036,2981429.0,1522236,4059296.0,2207308,5886154.0,9.070204133333334,26.04131646666667,49.48824699999998,64.30383486666663,77.30412253333336,93.20251593333334,82.22216333333336,100.0
00:06:27,155100,413600.0,3.0,216200,576533.0,398748,1063328.0,640704,1708544.0,1236476,3297269.0,1658724,4423264.0,2492316,6646176.0,3320644,8855050.0,0.0,8.720850466666665,35.3256882,56.78772013333335,76.34892746666671,83.5835762,87.72011120000002,100.0
00:06:30,157544,420117.0,3.0,200596,534922.0,329752,879338.0,541628,1444341.0,1046032,2789418.0,1503812,4010165.0,1953508,5209354.0,2871136,7656362.0,0.0,11.431051744966448,40.17166825503355,60.36518617449662,80.23365590604028,83.49338979865773,90.07656114093962,100.0
00:06:33,158296,422122.0,3.0,197776,527402.0,288956,770549.0,463044,1234784.0,871192,2323178.0,1203576,3209536.0,1529004,4077344.0,2201104,5869610.0,0.0,14.498751399999994,44.085834666666656,63.66195386666665,85.35525106666664,85.87602360000004,93.73192926666674,100.0
00:06:36,161868,431648.0,3.0,197400,526400.0,242896,647722.0,347048,925461.0,686952,1831872.0,979292,2611445.0,1346268,3590048.0,1993364,5315637.0,0.0,16.52194798657719,45.97015812080538,64.41042516778526,84.61180825503358,86.85745248322144,92.79350073825502,100.0
00:06:39,176908,471754.0,3.0,214696,572522.0,274104,730944.0,405328,1080874.0,749180,1997813.0,1126308,3003488.0,1357736,3620629.0,2146396,5723722.0,0.0,20.330850066666667,53.29552439999998,72.63256246666667,89.20894433333332,86.3354434,96.47140459999991,100.0
00:06:42,213380,569013.0,3.0,301176,803136.0,352312,939498.0,407960,1087893.0,692404,1846410.0,1050544,2801450.0,1198876,3197002.0,1809500,4825333.0,0.0,19.06068253333333,55.2110882,72.45987906666663,89.4372229333333,87.73541499999999,96.54234273333338,100.0
00:06:45,208492,555978.0,3.0,287452,766538.0,348928,930474.0,447628,1193674.0,768732,2049952.0,1107508,2953354.0,1332168,3552448.0,1966292,5243445.0,0.0,20.59070516778523,53.306889395973144,71.05846174496644,89.15523154362411,89.62830208053695,96.46619053691276,100.0
00:06:48,190820,508853.0,3.0,247596,660256.0,341220,909920.0,492560,1313493.0,889992,2373312.0,1199252,3198005.0,1357924,3621130.0,1913840,5103573.0,0.0,17.252869866666664,49.27678306666666,68.82565486666662,87.73237186666668,87.43853973333333,95.55700859999995,100.0
00:06:51,210184,560490.0,3.0,263576,702869.0,333324,888864.0,437852,1167605.0,836412,2230432.0,1224068,3264181.0,1487456,3966549.0,2251864,6004970.0,2.486014093959732,16.524898389261743,36.00806953020135,51.65127812080538,66.50116550335572,81.35138013422818,75.9454910067114,100.0
00:06:54,165628,441674.0,3.0,220900,589066.0,411908,1098421.0,644276,1718069.0,1240424,3307797.0,1842588,4913568.0,2423132,6461685.0,3634416,9691776.0,4.505864733333332,28.539399399999983,48.78723586666668,61.96118960000002,75.02314799999998,87.6262272,81.0817686,100.0
00:06:57,163184,435157.0,3.0,238572,636192.0,384272,1024725.0,568888,1517034.0,1046596,2790922.0,1495352,3987605.0,1927752,5140672.0,2720736,7255296.0,0.0,19.22881406666667,53.34012553333335,70.2107296,89.22909686666667,84.98491926666671,96.59251593333332,100.0
00:07:00,174652,465738.0,3.0,327496,873322.0,390100,1040266.0,426572,1137525.0,589380,1571680.0,881344,2350250.0,1029864,2746304.0,1611348,4296928.0,0.0,20.438563825503348,53.92146181208053,71.00444510067112,89.33727838926175,86.21272221476505,96.6966101342282,100.0
00:07:03,173712,463232.0,3.0,308696,823189.0,379196,1011189.0,425632,1135018.0,590320,1574186.0,885480,2361280.0,1032496,2753322.0,1597060,4258826.0,2.2040626,23.248816266666662,53.26173213333332,69.79037673333335,87.6441352,87.87023173333337,94.19351820000004,100.0
00:07:06,153972,410592.0,3.0,238572,636192.0,301740,804640.0,354192,944512.0,524332,1398218.0,744104,1984277.0,948460,2529226.0,1395336,3720896.0,12.934690939597317,45.63206832214769,63.52449476510069,75.40290040268458,88.43895932885906,88.72843107382549,96.21798872483218,100.0
00:07:09,104716,279242.0,3.0,179540,478773.0,228796,610122.0,264140,704373.0,310388,827701.0,430144,1147050.0,529972,1413258.0,859160,2291093.0,14.496600266666668,46.37298713333332,67.18185286666663,78.55075219999996,90.0671316666667,88.78064793333334,97.33427166666671,100.0
00:07:12,109604,292277.0,3.0,184616,492309.0,222028,592074.0,269216,717909.0,308320,822186.0,425256,1134016.0,532228,1419274.0,856716,2284576.0,14.591912599999999,46.966468000000006,67.68446693333333,79.44029273333331,90.4497091333333,89.25196326666666,97.1813556666667,100.0
00:07:13.960000,72756,296963.0,1.96,131976,538677.0,174652,712865.0,205296,837942.0,250604,1022873.0,316968,1307084.0,408524,1667444.0,623220,2569979.0,13.1751,46.419582,65.946004,79.47767200000001,90.15777,88.463562,96.37251599999999,100.0
