delta_t_s,256x144x25_size_byte,256x144x25_bitrate,seg_len_s,426x240x25_size_byte,426x240x25_bitrate,640x360x25_size_byte,640x360x25_bitrate,854x480x25_size_byte,854x480x25_bitrate,1280x720x25_size_byte,1280x720x25_bitrate,1920x1080x25_size_byte,1920x1080x25_bitrate,256x144x25_vmaf_score,426x240x25_vmaf_score,640x360x25_vmaf_score,854x480x25_vmaf_score,1280x720x25_vmaf_score,1920x1080x25_vmaf_score
00:00:03,163560,436160.0,3.0,187060,498826.0,241956,645216.0,340280,907413.0,637884,1701024.0,1344576,3585536.0,11.9176536,48.85957573333333,70.52470320000003,81.0023544,90.41417079999998,100.0
00:00:06,152844,407584.0,3.0,177284,472757.0,250228,667274.0,366412,977098.0,679996,1813322.0,1339688,3572501.0,8.8105152,38.78553453333334,59.34757559999999,73.06890693333335,85.6921944,100.0
00:00:09,166380,443680.0,3.0,201536,537429.0,294220,784586.0,415104,1106944.0,773432,2062485.0,1499676,3999136.0,11.355097466666667,46.27023346666667,70.16682466666667,83.04490626666663,92.24977280000003,100.0
00:00:12,203792,543445.0,3.0,299108,797621.0,336520,897386.0,374308,998154.0,514932,1373152.0,889240,2371306.0,0.0,37.50310773333334,65.23915479999998,78.57380973333333,89.40127093333325,100.0
00:00:15,173148,461728.0,3.0,226916,605109.0,328436,875829.0,474512,1265365.0,836036,2229429.0,1563784,4170090.0,4.7270813333333335,38.45924946666667,62.3587092,74.14660853333332,85.58012079999999,100.0
00:00:18,174464,465237.0,3.0,206236,549962.0,261884,698357.0,364908,973088.0,630552,1681472.0,1129504,3012010.0,12.677259733333331,42.543499333333344,63.131127733333344,74.17368506666666,85.1492005333333,100.0
00:00:21,164124,437664.0,3.0,180292,480778.0,217140,579040.0,294220,784586.0,542944,1447850.0,1101492,2937312.0,16.79952413333334,43.970011066666665,62.55729399999998,72.79112426666666,82.24261120000004,100.0
00:00:24,170516,454709.0,3.0,202852,540938.0,269968,719914.0,388972,1037258.0,727372,1939658.0,1452300,3872800.0,20.926841466666666,48.61041186666667,68.79730946666666,78.65233093333332,87.28448413333332,100.0
00:00:27,154912,413098.0,3.0,185368,494314.0,234436,625162.0,310576,828202.0,539560,1438826.0,996588,2657568.0,19.835855405405404,44.70758202702704,64.89425472972974,76.0003437837838,85.62876743243243,100.0
00:00:30,151528,404074.0,3.0,173900,463733.0,205860,548960.0,251544,670784.0,437664,1167104.0,833780,2223413.0,18.612687200000007,45.50251479999999,64.86486506666664,75.92272546666668,86.47281079999998,100.0
00:00:33,152280,406080.0,3.0,176532,470752.0,210372,560992.0,270156,720416.0,485980,1295946.0,957484,2553290.0,6.389680400000003,32.67901386666667,54.54708173333334,67.54703973333335,81.12070733333331,100.0
00:00:36,158296,422122.0,3.0,184616,492309.0,219396,585056.0,292152,779072.0,555164,1480437.0,1130444,3014517.0,3.257849600000001,36.008919600000006,60.42562146666668,72.18472386666667,83.81397679999999,100.0
00:00:39,165816,442176.0,3.0,187812,500832.0,221464,590570.0,319976,853269.0,601600,1604266.0,1213352,3235605.0,22.220217599999998,50.68083399999999,67.80724479999998,78.23951093333335,88.5809828,100.0
00:00:42,159612,425632.0,3.0,198340,528906.0,278804,743477.0,403448,1075861.0,750120,2000320.0,1470912,3922432.0,5.295477027027027,40.13601094594595,62.602431351351356,75.40949229729732,86.57956499999999,100.0
00:00:45,170704,455210.0,3.0,195520,521386.0,244400,651733.0,354192,944512.0,649916,1733109.0,1272948,3394528.0,7.075430266666667,39.09476359999999,60.60621959999999,73.37330173333334,85.30780173333336,100.0
00:00:48,170516,454709.0,3.0,209432,558485.0,292528,780074.0,413224,1101930.0,725116,1933642.0,1350592,3601578.0,2.2815052,37.44959506666666,60.13178,72.38432733333335,84.7824357333333,100.0
00:00:51,174276,464736.0,3.0,206612,550965.0,242520,646720.0,324488,865301.0,576784,1538090.0,1081376,2883669.0,5.111603333333333,40.22189413333333,62.97833719999998,75.09152226666666,86.29606319999999,100.0
00:00:54,180292,480778.0,3.0,213756,570016.0,248160,661760.0,327496,873322.0,570768,1522048.0,1076488,2870634.0,4.5048997333333345,36.49268506666667,60.009415866666664,72.31400066666669,83.93092173333339,100.0
00:00:57,179352,478272.0,3.0,212628,567008.0,255868,682314.0,311704,831210.0,538244,1435317.0,1050544,2801450.0,13.751613783783778,42.364525540540534,64.02633243243244,75.19801621621622,85.31370324324325,100.0
00:01:00,158484,422624.0,3.0,185368,494314.0,219584,585557.0,267524,713397.0,463044,1234784.0,922892,2461045.0,9.111336266666669,38.99150293333332,61.967880133333324,74.19930066666666,85.83107173333333,100.0
00:01:03,157168,419114.0,3.0,183112,488298.0,222404,593077.0,298732,796618.0,557796,1487456.0,1103936,2943829.0,14.830324666666666,42.148726799999984,63.04837133333334,74.53528720000004,85.35313413333337,100.0
00:01:06,153220,408586.0,3.0,181608,484288.0,213756,570016.0,271284,723424.0,493124,1314997.0,978916,2610442.0,10.007494000000003,40.63138186666665,63.51498426666667,76.01178253333335,86.85825240000003,100.0
00:01:09,174276,464736.0,3.0,206612,550965.0,231616,617642.0,288016,768042.0,461540,1230773.0,890744,2375317.0,3.1363397333333336,32.380234133333325,57.25645520000003,71.3377844,84.73040706666667,100.0
00:01:12,159236,424629.0,3.0,192324,512864.0,252296,672789.0,364532,972085.0,667212,1779232.0,1276520,3404053.0,14.764882162162166,43.6590639189189,63.09001689189188,73.01549405405405,83.1506568918919,100.0
00:01:15,148332,395552.0,3.0,166568,444181.0,193264,515370.0,220524,588064.0,378068,1008181.0,782456,2086549.0,17.05707093333334,40.72889199999998,61.754273199999965,72.20916013333331,82.72490546666667,100.0
00:01:18,146076,389536.0,3.0,165816,442176.0,190632,508352.0,225976,602602.0,391040,1042773.0,827952,2207872.0,7.969469600000001,38.87880160000002,61.87483146666664,74.59628920000003,86.09283213333332,100.0
00:01:21,159424,425130.0,3.0,187060,498826.0,220712,588565.0,272036,725429.0,471504,1257344.0,932292,2486112.0,3.7743731999999994,35.36938119999999,59.17700093333334,71.84679800000004,84.23537159999998,100.0
00:01:24,163748,436661.0,3.0,180480,481280.0,213568,569514.0,267148,712394.0,472632,1260352.0,918944,2450517.0,14.957669466666665,45.295415066666656,67.50312546666667,78.44246173333333,87.7825653333333,100.0
00:01:27,141940,378506.0,3.0,180480,481280.0,231240,616640.0,319600,852266.0,560052,1493472.0,1064268,2838048.0,19.581146081081076,48.8027195945946,68.7209883783784,78.89570216216215,87.91506972972971,100.0
00:01:30,158484,422624.0,3.0,209620,558986.0,253612,676298.0,267900,714400.0,327872,874325.0,601036,1602762.0,5.895578933333333,39.44383546666666,62.883826266666695,74.46910426666666,84.94836346666665,100.0
00:01:33,172584,460224.0,3.0,200972,535925.0,244400,651733.0,299672,799125.0,525272,1400725.0,993016,2648042.0,5.666883200000001,38.76107960000001,62.32738666666667,74.20126266666662,85.07864640000003,100.0
00:01:36,176908,471754.0,3.0,204168,544448.0,238948,637194.0,285384,761024.0,484476,1291936.0,926088,2469568.0,2.4335308000000007,34.256126666666674,58.87684746666666,71.85356373333333,84.25712079999998,100.0
00:01:39,177284,472757.0,3.0,209620,558986.0,255116,680309.0,321480,857280.0,582236,1552629.0,1095100,2920266.0,3.3974184000000007,31.83062839999999,55.81922760000001,68.8888104,82.82829626666668,100.0
00:01:42,168636,449696.0,3.0,195144,520384.0,228044,608117.0,288204,768544.0,500644,1335050.0,988316,2635509.0,1.3977098648648647,35.509348243243245,60.37837256756758,73.20529621621621,85.20479067567564,100.0
00:01:45,177472,473258.0,3.0,204544,545450.0,256996,685322.0,340092,906912.0,610436,1627829.0,1153944,3077184.0,13.447458,42.08445586666667,62.88188839999999,74.24011520000002,84.90381600000002,100.0
00:01:48,144384,385024.0,3.0,182172,485792.0,216200,576533.0,272036,725429.0,450072,1200192.0,942632,2513685.0,19.023375066666663,49.765800133333336,66.97218293333334,77.0293214666667,86.3939824,100.0
00:01:51,156980,418613.0,3.0,198528,529408.0,233684,623157.0,270344,720917.0,365472,974592.0,615700,1641866.0,18.732104666666665,49.451919333333315,67.720646,77.84495200000002,87.22354906666664,100.0
00:01:54,122576,326869.0,3.0,164876,439669.0,193640,516373.0,227856,607616.0,348176,928469.0,688268,1835381.0,22.137970133333337,47.70741466666666,65.34930226666665,75.15855786666667,85.18221213333332,100.0
00:01:57,144760,386026.0,3.0,173712,463232.0,204920,546453.0,267524,713397.0,498200,1328533.0,1023848,2730261.0,4.673309054054053,34.75697878378379,53.75023081081082,65.85402000000002,78.12718905405404,100.0
00:02:00,160364,427637.0,3.0,179540,478773.0,213004,568010.0,302492,806645.0,585620,1561653.0,1230648,3281728.0,10.4114396,38.862173733333336,60.811869066666674,72.67897560000002,84.43918920000004,100.0
00:02:03,162432,433152.0,3.0,185744,495317.0,238948,637194.0,345168,920448.0,642960,1714560.0,1252268,3339381.0,15.375132399999996,43.38397920000001,63.39382866666668,74.20234400000001,84.36391080000001,100.0
00:02:06,164688,439168.0,3.0,193264,515370.0,222404,593077.0,255492,681312.0,402320,1072853.0,800504,2134677.0,13.714026000000004,42.59810320000001,63.9180952,77.00406240000002,86.96632280000001,100.0
00:02:09,171644,457717.0,3.0,206424,550464.0,240076,640202.0,285196,760522.0,510796,1362122.0,1049792,2799445.0,9.055114533333333,37.68835066666668,61.79834266666667,75.31064546666668,87.04993666666667,100.0
00:02:12,164124,437664.0,3.0,190632,508352.0,247220,659253.0,376564,1004170.0,736208,1963221.0,1521860,4058293.0,1.7891381081081077,33.41785256756758,57.54731067567567,71.47936959459457,84.37816864864863,100.0
00:02:15,172208,459221.0,3.0,204356,544949.0,277488,739968.0,418488,1115968.0,783772,2090058.0,1533516,4089376.0,0.9475774666666669,30.99973466666665,55.20969559999999,68.86007906666667,82.13316999999999,100.0
00:02:18,173336,462229.0,3.0,204356,544949.0,254552,678805.0,359268,958048.0,660068,1760181.0,1243808,3316821.0,3.3721593333333337,34.02717119999999,57.12405839999997,69.98327426666664,82.69163493333332,100.0
00:02:21,166756,444682.0,3.0,191948,511861.0,233496,622656.0,341032,909418.0,645028,1720074.0,1269752,3386005.0,1.8078427999999993,31.178499733333325,55.96680626666668,69.72682013333332,82.63910240000001,100.0
00:02:24,152844,407584.0,3.0,176532,470752.0,221088,589568.0,325616,868309.0,632244,1685984.0,1281220,3416586.0,1.6340712000000004,33.497624133333325,57.076845600000006,70.2291576,82.88919039999999,100.0
00:02:27,176908,471754.0,3.0,209244,557984.0,256620,684320.0,344792,919445.0,629048,1677461.0,1212224,3232597.0,7.192905540540542,38.14314824324325,61.8886145945946,74.63870283783783,86.87564878378379,100.0
00:02:30,172208,459221.0,3.0,197964,527904.0,254364,678304.0,373368,995648.0,693908,1850421.0,1361120,3629653.0,4.277903466666667,40.106582666666654,64.63455400000001,77.02486760000002,87.8700113333333,100.0
00:02:33,179164,477770.0,3.0,203228,541941.0,248348,662261.0,315276,840736.0,560616,1494976.0,1052236,2805962.0,14.06859053333333,48.64392613333334,67.30130600000003,78.37692266666663,89.0496522666667,100.0
00:02:36,167884,447690.0,3.0,189880,506346.0,237820,634186.0,352312,939498.0,658188,1755168.0,1319196,3517856.0,1.259708666666667,36.04952386666667,60.65125666666667,73.4892258666667,85.29740373333337,100.0
00:02:39,177096,472256.0,3.0,208116,554976.0,251356,670282.0,321668,857781.0,549336,1464896.0,1033060,2754826.0,3.5187335999999996,40.774362800000006,64.2429756,76.52680319999997,87.05065573333336,100.0
00:02:42,169952,453205.0,3.0,203416,542442.0,251732,671285.0,343476,915936.0,588252,1568672.0,1085136,2893696.0,5.4094228378378375,42.313693243243236,65.58470945945948,77.03446405405406,87.23224013513514,100.0
00:02:45,174464,465237.0,3.0,202476,539936.0,248348,662261.0,319600,852266.0,557420,1486453.0,1037948,2767861.0,13.043926800000003,42.12557320000001,67.32372026666667,78.90816480000001,87.53293853333331,100.0
00:02:48,165628,441674.0,3.0,199468,531914.0,256056,682816.0,370924,989130.0,680372,1814325.0,1369580,3652213.0,6.961749333333331,38.00950000000001,61.307834666666665,74.41621013333334,86.37051053333332,100.0
00:02:51,170140,453706.0,3.0,194768,519381.0,229736,612629.0,329188,877834.0,613632,1636352.0,1248884,3330357.0,4.3799392,34.686437999999995,58.11593386666666,71.27787573333332,83.85098279999998,100.0
00:02:54,176344,470250.0,3.0,204732,545952.0,241956,645216.0,318096,848256.0,561556,1497482.0,1118788,2983434.0,2.873745733333334,27.35534319999999,50.90490413333334,65.84722133333337,81.09635959999999,100.0
00:02:57,157544,420117.0,3.0,182736,487296.0,224472,598592.0,313208,835221.0,596712,1591232.0,1196432,3190485.0,11.618075945945947,38.46796783783782,59.7848860810811,71.5303622972973,83.10195797297298,100.0
00:03:00,163748,436661.0,3.0,196836,524896.0,208492,555978.0,249100,664266.0,451388,1203701.0,889616,2372309.0,11.726318000000003,44.84381146666668,66.3901937333333,76.82302066666666,86.55863573333335,100.0
00:03:03,179352,478272.0,3.0,221088,589568.0,250792,668778.0,297980,794613.0,489552,1305472.0,907852,2420938.0,9.510217733333333,34.593019466666654,56.46834346666667,68.96208786666669,81.1401433333333,100.0
00:03:06,153596,409589.0,3.0,187812,500832.0,227104,605610.0,275796,735456.0,484852,1292938.0,931164,2483104.0,6.652779733333335,38.300774533333325,61.309106133333344,73.26440333333336,84.41808453333336,100.0
00:03:09,185180,493813.0,3.0,217892,581045.0,257748,687328.0,299860,799626.0,523580,1396213.0,1019712,2719232.0,4.795342666666666,38.785924533333336,63.20762853333333,75.6242233333333,86.484698,100.0
00:03:12,168072,448192.0,3.0,196084,522890.0,227104,605610.0,304372,811658.0,569452,1518538.0,1152816,3074176.0,10.459485405405406,41.351098243243264,63.55839351351352,75.19785972972973,85.26234932432433,100.0
00:03:15,183300,488800.0,3.0,212440,566506.0,242144,645717.0,293844,783584.0,462480,1233280.0,913492,2435978.0,2.1633557333333338,36.39166693333335,60.25202266666666,73.0324012,86.22169186666666,100.0
00:03:18,162056,432149.0,3.0,188940,503840.0,247408,659754.0,371488,990634.0,693908,1850421.0,1356608,3617621.0,4.551572666666667,39.351466266666655,62.43665946666667,74.61154946666669,86.13041226666665,100.0
00:03:21,159424,425130.0,3.0,188000,501333.0,227292,606112.0,312456,833216.0,585432,1561152.0,1212788,3234101.0,0.17099106666666666,37.87980333333334,64.50891759999998,77.06875826666668,88.01713799999996,100.0
00:03:24,160364,427637.0,3.0,187248,499328.0,230488,614634.0,306816,818176.0,557608,1486954.0,1069156,2851082.0,8.708642933333332,39.54209693333334,62.15520679999999,74.30468346666667,85.50487120000001,100.0
00:03:27,176908,471754.0,3.0,208304,555477.0,242144,645717.0,296100,789600.0,540500,1441333.0,1085136,2893696.0,4.563816486486487,34.8955858108108,58.29411391891891,70.82230797297296,83.41402351351354,100.0
00:03:30,188000,501333.0,3.0,223344,595584.0,271096,722922.0,351372,936992.0,617580,1646880.0,1149244,3064650.0,10.331089733333334,38.2792804,57.763280266666676,69.56606880000001,82.36629866666668,100.0
00:03:33,186496,497322.0,3.0,211688,564501.0,236880,631680.0,291212,776565.0,514180,1371146.0,1009560,2692160.0,7.569469333333335,38.10835706666666,59.71250066666665,72.43926173333332,83.80271133333333,100.0
00:03:36,177848,474261.0,3.0,215260,574026.0,268840,716906.0,359456,958549.0,636380,1697013.0,1157328,3086208.0,18.98689066666667,43.69470266666666,63.940847066666656,73.88638293333334,83.72674200000002,100.0
00:03:39,181044,482784.0,3.0,205484,547957.0,248348,662261.0,318660,849760.0,549524,1465397.0,1094536,2918762.0,7.612050533333331,38.94102093333333,61.33520079999998,72.53360786666669,83.56261759999998,100.0
00:03:42,171644,457717.0,3.0,198528,529408.0,246468,657248.0,328060,874826.0,578852,1543605.0,1046784,2791424.0,10.778349189189196,40.649306891891904,63.961968648648664,74.82510716216215,84.72861851351352,100.0
00:03:45,171080,456213.0,3.0,199280,531413.0,234812,626165.0,275984,735957.0,428264,1142037.0,815168,2173781.0,2.4188485333333327,28.756781599999997,53.85350613333332,67.80669746666665,81.90150533333335,100.0
00:03:48,172208,459221.0,3.0,188940,503840.0,225788,602101.0,269780,719413.0,455336,1214229.0,871756,2324682.0,21.2328668,44.18837053333334,65.08092293333333,74.96312160000001,84.94391506666665,100.0
00:03:51,172396,459722.0,3.0,203604,542944.0,233496,622656.0,275608,734954.0,451200,1203200.0,934924,2493130.0,24.649061333333336,48.04186399999999,69.02579973333333,79.27477746666669,89.78548573333332,100.0
00:03:54,137616,366976.0,3.0,158860,423626.0,185932,495818.0,258124,688330.0,490492,1307978.0,1015576,2708202.0,17.567648133333332,45.30452573333334,66.07815373333335,77.06018466666669,87.77012839999999,100.0
00:03:57,140812,375498.0,3.0,158484,422624.0,186684,497824.0,242144,645717.0,464360,1238293.0,970832,2588885.0,23.252932162162164,43.74620202702704,63.421935,74.06760770270269,84.45822716216216,100.0
00:04:00,160552,428138.0,3.0,181984,485290.0,207364,552970.0,273164,728437.0,503840,1343573.0,1026856,2738282.0,4.197792266666666,34.81245333333334,56.30489546666668,68.85313173333333,82.21244639999999,100.0
00:04:03,195144,520384.0,3.0,241392,643712.0,262824,700864.0,302680,807146.0,451388,1203701.0,867056,2312149.0,4.6702496,32.62210519999999,56.22060626666666,69.75472413333334,83.21555026666668,100.0
00:04:06,154348,411594.0,3.0,186684,497824.0,224284,598090.0,299484,798624.0,537492,1433312.0,1023284,2728757.0,2.6071132000000006,29.388251199999996,53.820096799999995,68.17605240000003,82.52543533333338,100.0
00:04:09,156416,417109.0,3.0,180856,482282.0,217892,581045.0,291588,777568.0,544260,1451360.0,1087580,2900213.0,13.262089733333337,42.20428746666666,62.5674948,73.13748693333334,83.99296719999997,100.0
00:04:12,161492,430645.0,3.0,191196,509856.0,240640,641706.0,316216,843242.0,570016,1520042.0,1094912,2919765.0,23.412789594594603,45.93979000000001,64.88932243243241,74.89019999999998,84.8778918918919,100.0
00:04:15,144008,384021.0,3.0,163184,435157.0,186308,496821.0,217140,579040.0,371300,990133.0,731508,1950688.0,28.904156399999998,51.938846,69.33794586666667,78.4631856,87.05577786666666,100.0
00:04:18,166756,444682.0,3.0,191384,510357.0,220712,588565.0,246844,658250.0,376000,1002666.0,727184,1939157.0,14.197086800000003,41.528394,61.711856800000014,72.61287386666665,83.51738213333333,100.0
00:04:21,173524,462730.0,3.0,202100,538933.0,238384,635690.0,291024,776064.0,503276,1342069.0,1008056,2688149.0,16.286579466666666,41.72068506666667,62.954266133333356,74.5875405333333,86.08898266666667,100.0
00:04:24,162996,434656.0,3.0,193076,514869.0,237256,632682.0,331444,883850.0,593704,1583210.0,1105628,2948341.0,10.0799352,38.538605200000006,60.7065452,72.74489853333337,85.00266719999999,100.0
00:04:27,173900,463733.0,3.0,203416,542442.0,235000,626666.0,276736,737962.0,486920,1298453.0,914996,2439989.0,2.5411367567567575,34.89700945945946,58.40740162162163,71.04589364864866,82.97885364864865,100.0
00:04:30,174276,464736.0,3.0,208868,556981.0,252296,672789.0,341784,911424.0,598028,1594741.0,1112772,2967392.0,7.363084399999999,38.768131733333334,61.494789866666665,72.96661626666666,84.47593933333336,100.0
00:04:33,177848,474261.0,3.0,214132,571018.0,261132,696352.0,340468,907914.0,596148,1589728.0,1113712,2969898.0,21.63709960000001,50.64763080000002,69.38701,79.13429906666666,88.00834399999998,100.0
00:04:36,163560,436160.0,3.0,192512,513365.0,220336,587562.0,278992,743978.0,495004,1320010.0,956544,2550784.0,8.548211599999997,38.1324092,59.43303773333334,71.55731013333335,83.17270746666667,100.0
00:04:39,172960,461226.0,3.0,200408,534421.0,235564,628170.0,305312,814165.0,546892,1458378.0,1054116,2810976.0,14.9448112,43.480337200000015,62.97551506666668,73.18607546666665,84.00211293333334,100.0
00:04:42,178976,477269.0,3.0,210372,560992.0,248912,663765.0,309072,824192.0,537492,1433312.0,1026668,2737781.0,22.10207364864865,47.88869675675676,64.99778391891891,74.65896486486488,85.17740486486487,100.0
00:04:45,166568,444181.0,3.0,188376,502336.0,206424,550464.0,261884,698357.0,485228,1293941.0,997716,2660576.0,13.210164666666667,45.79722119999999,66.11887106666667,76.18560120000004,86.03177039999998,100.0
00:04:48,163936,437162.0,3.0,194768,519381.0,224096,597589.0,280872,748992.0,490868,1308981.0,953536,2542762.0,7.686236666666665,44.03117133333331,65.66085480000001,76.40480426666666,86.11004080000005,100.0
00:04:51,168448,449194.0,3.0,198716,529909.0,239136,637696.0,321480,857280.0,579416,1545109.0,1113900,2970400.0,9.320562133333333,45.469532533333314,67.44068893333335,78.47022799999998,88.42709933333332,100.0
00:04:54,160176,427136.0,3.0,191572,510858.0,229736,612629.0,283692,756512.0,480716,1281909.0,870816,2322176.0,17.0747128,44.14730853333334,65.02276280000002,76.1112081333333,86.26091400000004,100.0
00:04:57,166756,444682.0,3.0,194392,518378.0,221276,590069.0,262260,699360.0,428452,1142538.0,817424,2179797.0,9.935284864864865,38.44252770270269,60.873307027027046,72.67450864864867,84.25836243243242,100.0
00:05:00,163372,435658.0,3.0,188376,502336.0,224472,598592.0,299108,797621.0,532792,1420778.0,1054116,2810976.0,9.641749333333332,36.77061773333334,57.207836400000005,71.20601559999999,82.5811512,100.0
00:05:03,167508,446688.0,3.0,197212,525898.0,233120,621653.0,308696,823189.0,571332,1523552.0,1119352,2984938.0,11.631234800000001,39.56513293333334,60.180024666666675,74.24420773333334,85.36861799999997,100.0
00:05:06,165064,440170.0,3.0,194580,518880.0,232556,620149.0,342348,912928.0,632432,1686485.0,1203388,3209034.0,1.2841188000000001,36.471968266666664,61.21229653333333,73.53114466666668,85.1041152,100.0
00:05:09,178600,476266.0,3.0,211124,562997.0,243272,648725.0,297980,794613.0,519256,1384682.0,1009184,2691157.0,14.444211733333338,41.86418093333334,62.21568106666669,73.96675239999996,84.99717399999999,100.0
00:05:12,154724,412597.0,3.0,178788,476768.0,213380,569013.0,302304,806144.0,557044,1485450.0,1092844,2914250.0,19.104409054054052,46.93902189189189,66.63829662162162,75.83813743243245,84.2311721621622,100.0
00:05:15,159612,425632.0,3.0,182924,487797.0,213004,568010.0,253800,676800.0,426948,1138528.0,839232,2237952.0,18.978947200000004,45.82318080000002,66.28172186666669,76.3872704,86.29010226666664,100.0
00:05:18,156604,417610.0,3.0,193828,516874.0,234624,625664.0,277300,739466.0,470564,1254837.0,924208,2464554.0,15.228031066666667,39.71639679999999,61.35801560000001,73.20018386666668,85.4368666666667,100.0
00:05:21,149836,399562.0,3.0,170516,454709.0,204168,544448.0,278052,741472.0,500456,1334549.0,988504,2636010.0,6.094901866666668,39.604427599999994,64.4717332,77.1348269333333,87.12172453333336,100.0
00:05:24,163184,435157.0,3.0,191008,509354.0,226352,603605.0,257748,687328.0,428076,1141536.0,812912,2167765.0,5.662554266666666,39.51663946666666,64.67806866666666,77.0652250666667,87.34190653333334,100.0
00:05:27,183676,489802.0,3.0,214696,572522.0,254740,679306.0,333888,890368.0,537116,1432309.0,1012944,2701184.0,8.113594864864861,39.54614648648649,62.1624437837838,75.01311148648651,87.29349554054056,100.0
00:05:30,172208,459221.0,3.0,202100,538933.0,231240,616640.0,313396,835722.0,578852,1543605.0,1123112,2994965.0,0.0,30.541561599999998,56.41957759999999,70.64855453333335,84.19544986666668,100.0
00:05:33,171268,456714.0,3.0,201536,537429.0,237068,632181.0,282000,752000.0,492936,1314496.0,955040,2546773.0,21.514903200000006,52.557927466666676,71.55117520000003,80.4528112,88.0358154666666,100.0
00:05:36,178412,475765.0,3.0,237820,634186.0,288956,770549.0,309824,826197.0,409088,1090901.0,748428,1995808.0,8.852693066666665,45.5595008,69.1172716,80.00859306666665,88.48039573333334,100.0
00:05:39,184992,493312.0,3.0,231428,617141.0,259064,690837.0,293468,782581.0,440484,1174624.0,819492,2185312.0,8.156004533333332,41.69335453333333,64.45169586666665,76.22626039999999,87.06904373333333,100.0
00:05:42,179164,477770.0,3.0,214696,572522.0,250416,667776.0,293468,782581.0,481468,1283914.0,900520,2401386.0,7.415983243243241,39.560795270270276,62.54856716216216,74.68514486486488,86.09176824324322,100.0
00:05:45,183676,489802.0,3.0,214132,571018.0,250416,667776.0,291588,777568.0,482784,1287424.0,914432,2438485.0,7.391564933333334,38.775118,62.42238106666667,74.70526333333333,86.3424148,100.0
00:05:48,181796,484789.0,3.0,221276,590069.0,260756,695349.0,293468,782581.0,460412,1227765.0,859724,2292597.0,7.447691066666669,41.25297586666667,64.68734039999998,76.47749853333332,87.10995586666662,100.0
00:05:51,189128,504341.0,3.0,234248,624661.0,271472,723925.0,313020,834720.0,453832,1210218.0,839608,2238954.0,7.568420933333332,43.44671079999999,67.20587800000003,78.74018360000001,88.02065426666668,100.0
00:05:54,169388,451701.0,3.0,198528,529408.0,237632,633685.0,326368,870314.0,581484,1550624.0,1095476,2921269.0,2.4178388,36.739627600000006,60.692146266666654,74.05032973333334,85.53095426666664,100.0
00:05:57,164124,437664.0,3.0,194392,518378.0,254928,679808.0,373932,997152.0,681500,1817333.0,1265804,3375477.0,4.061538513513513,40.8105018918919,64.99224243243242,77.3622387837838,87.82375391891894,100.0
00:06:00,169200,451200.0,3.0,197964,527904.0,239324,638197.0,316592,844245.0,562872,1500992.0,1067464,2846570.0,7.662053866666665,44.51797359999998,68.54221,80.28813186666665,89.98047613333333,100.0
00:06:03,163372,435658.0,3.0,198152,528405.0,235752,628672.0,297228,792608.0,515872,1375658.0,982676,2620469.0,6.684375733333333,33.87287693333335,57.43284053333332,70.61123386666668,83.34318120000002,100.0
00:06:06,218456,582549.0,3.0,257936,687829.0,298544,796117.0,333888,890368.0,624160,1664426.0,1252832,3340885.0,0.0,23.543428399999993,47.84898733333333,62.41050973333332,78.39262613333338,100.0
00:06:09,213192,568512.0,3.0,261132,696352.0,315464,841237.0,389912,1039765.0,712708,1900554.0,1356608,3617621.0,6.288526666666666,29.399189733333333,51.35193946666668,64.9369776,78.91354839999998,100.0
00:06:12,169952,453205.0,3.0,207928,554474.0,245340,654240.0,293656,783082.0,520572,1388192.0,1009936,2693162.0,5.285774459459456,32.21804499999998,55.64075162162165,68.91525716216216,81.64172013513516,100.0
00:06:15,172772,460725.0,3.0,203980,543946.0,232932,621152.0,270720,721920.0,465300,1240800.0,889428,2371808.0,2.537252666666667,31.199010533333325,53.33620346666666,66.68253493333333,80.00194560000001,100.0
00:06:18,158484,422624.0,3.0,186308,496821.0,229924,613130.0,313584,836224.0,575092,1533578.0,1137024,3032064.0,10.171307866666668,40.6120412,62.39280693333334,73.60293226666666,84.63144999999999,100.0
00:06:21,169952,453205.0,3.0,202288,539434.0,240828,642208.0,322044,858784.0,557608,1486954.0,1117096,2978922.0,5.984385600000002,34.653060933333336,56.41990786666667,68.39547040000001,81.32634826666663,100.0
00:06:24,169012,450698.0,3.0,187812,500832.0,217704,580544.0,248724,663264.0,452704,1207210.0,930788,2482101.0,2.9682262666666666,27.038864666666676,49.95725426666667,63.399858933333334,78.29425586666667,100.0
00:06:27,176344,470250.0,3.0,207364,552970.0,234812,626165.0,289332,771552.0,496508,1324021.0,1024600,2732266.0,9.080608378378377,36.60291135135134,57.32847716216215,70.16348351351348,82.41728121621622,100.0
00:06:30,163748,436661.0,3.0,181608,484288.0,215636,575029.0,280120,746986.0,515120,1373653.0,975344,2600917.0,13.756585466666662,40.68547879999999,62.26356546666665,74.18668319999998,86.33117333333334,100.0
00:06:33,151152,403072.0,3.0,170516,454709.0,205296,547456.0,277676,740469.0,523580,1396213.0,1065208,2840554.0,16.966667066666673,44.711430933333325,65.91580959999997,76.31201933333332,86.10431400000003,100.0
00:06:36,152656,407082.0,3.0,173712,463232.0,198152,528405.0,238008,634688.0,417360,1112960.0,817612,2180298.0,5.6839386666666645,26.312610533333334,48.95881053333334,62.34896626666667,77.57632426666666,100.0
00:06:39,155288,414101.0,3.0,175592,468245.0,202476,539936.0,245716,655242.0,453080,1208213.0,922516,2460042.0,9.950080266666665,35.56790266666669,54.39422306666667,66.48155493333336,79.95189573333332,100.0
00:06:42,161492,430645.0,3.0,183864,490304.0,223908,597088.0,330504,881344.0,648788,1730101.0,1361308,3630154.0,1.2135495945945947,26.353898243243247,48.2422318918919,62.460071081081054,77.50735770270268,100.0
00:06:45,191008,509354.0,3.0,227104,605610.0,265832,708885.0,333324,888864.0,587124,1565664.0,1110328,2960874.0,9.277834266666666,34.3997616,54.52345626666667,66.35036746666667,80.10188679999997,100.0
00:06:48,145512,388032.0,3.0,181420,483786.0,213756,570016.0,249664,665770.0,403072,1074858.0,826824,2204864.0,18.181417600000003,40.20515573333335,59.00164773333333,69.9527624,81.99101999999999,100.0
00:06:51,158108,421621.0,3.0,188564,502837.0,216952,578538.0,257748,687328.0,437664,1167104.0,906912,2418432.0,2.2774892,29.012862,52.09835253333334,65.78281280000002,80.40809426666664,100.0
00:06:54,173900,463733.0,3.0,204356,544949.0,247408,659754.0,328812,876832.0,603856,1610282.0,1189288,3171434.0,2.521505466666666,21.72993506666667,45.68650719999998,66.53468720000001,82.09847400000004,100.0
00:06:57,157920,421120.0,3.0,196272,523392.0,314900,839733.0,490492,1307978.0,889240,2371306.0,1730352,4614272.0,8.386863108108109,34.350104729729736,56.013943243243226,73.43724000000002,86.57048581081081,100.0
00:07:00,177660,473760.0,3.0,223156,595082.0,288956,770549.0,389912,1039765.0,690336,1840896.0,1293628,3449674.0,2.8879730666666656,33.34572786666668,56.750826799999984,72.77817973333337,84.74947013333333,100.0
00:07:03,165440,441173.0,3.0,200220,533920.0,283316,755509.0,419052,1117472.0,740532,1974752.0,1401540,3737440.0,2.7781721333333333,33.29325413333334,58.0063836,71.14425026666669,83.88893533333331,100.0
00:07:06,177660,473760.0,3.0,203416,542442.0,237068,632181.0,299108,797621.0,538808,1436821.0,1062576,2833536.0,12.423410133333334,41.10724213333333,62.11804120000001,73.60667959999999,84.20617453333335,100.0
00:07:09,164500,438666.0,3.0,201160,536426.0,236316,630176.0,285948,762528.0,507976,1354602.0,970080,2586880.0,7.452700000000001,33.16302906666666,53.65188253333331,65.89460613333331,79.1376169333333,100.0
00:07:12,182736,487296.0,3.0,213380,569013.0,242520,646720.0,283880,757013.0,485792,1295445.0,951280,2536746.0,5.810146756756758,39.69106513513513,62.8053,75.09501554054054,87.51115283783784,100.0
00:07:15,162620,433653.0,3.0,197964,527904.0,253424,675797.0,367352,979605.0,686576,1830869.0,1350216,3600576.0,9.08377066666667,38.06820999999999,63.120989733333325,75.27545186666666,86.05900306666663,100.0
00:07:18,149272,398058.0,3.0,171832,458218.0,207740,553973.0,248160,661760.0,429392,1145045.0,857468,2286581.0,21.86391559999999,48.66322226666666,65.7710424,75.96768386666665,85.0674704,100.0
00:07:21,149084,397557.0,3.0,177284,472757.0,202476,539936.0,229172,611125.0,313208,835221.0,652548,1740128.0,20.833837200000005,44.60813133333334,64.18472426666668,74.77589239999999,84.58473760000001,100.0
00:07:24,159800,426133.0,3.0,184616,492309.0,215260,574026.0,257936,687829.0,467744,1247317.0,964628,2572341.0,4.279501466666667,35.144811600000004,58.32819893333333,70.9340777333333,83.21635359999996,100.0
00:07:27,174652,465738.0,3.0,210372,560992.0,255304,680810.0,322608,860288.0,579040,1544106.0,1132700,3020533.0,16.38561175675676,43.39507418918919,63.52381148648649,73.99060175675679,84.30786283783785,100.0
00:07:30,144948,386528.0,3.0,171644,457717.0,208116,554976.0,252108,672288.0,454020,1210720.0,924960,2466560.0,21.663857599999996,46.436848933333316,63.74441773333337,73.81640186666667,84.59555000000003,100.0
00:07:33,168448,449194.0,3.0,192324,512864.0,228796,610122.0,282752,754005.0,480152,1280405.0,989820,2639520.0,1.0471954666666665,35.27501506666666,59.312730266666655,71.99319146666666,84.97528600000001,100.0
00:07:36,205108,546954.0,3.0,246656,657749.0,291964,778570.0,348176,928469.0,592388,1579701.0,1106380,2950346.0,5.307358399999998,40.18234973333334,65.11006093333332,77.43042453333332,88.45398573333333,100.0
00:07:39,178224,475264.0,3.0,228044,608117.0,279180,744480.0,389348,1038261.0,699924,1866464.0,1421092,3789578.0,4.135377066666666,38.89882306666665,62.542260933333324,74.99501013333335,86.29012119999999,100.0
00:07:42,189504,505344.0,3.0,222592,593578.0,260004,693344.0,349116,930976.0,635440,1694506.0,1255088,3346901.0,5.1636,40.14206797297297,64.04992351351352,76.73150189189191,87.41040108108106,100.0
00:07:45,167320,446186.0,3.0,196836,524896.0,268652,716405.0,396868,1058314.0,724364,1931637.0,1418460,3782560.0,4.0863068,39.33055160000001,62.575814266666676,74.8376888,85.79671973333335,100.0
00:07:48,160552,428138.0,3.0,188752,503338.0,267148,712394.0,394800,1052800.0,738464,1969237.0,1438576,3836202.0,1.6400034666666667,37.301352933333334,61.478730133333336,75.77242279999999,85.23517959999994,100.0
00:07:51,182548,486794.0,3.0,215072,573525.0,283128,755008.0,382768,1020714.0,690524,1841397.0,1355292,3614112.0,14.744686933333336,44.61719666666666,66.64720373333336,82.67848306666667,92.97351506666664,100.0
00:07:54,150212,400565.0,3.0,199468,531914.0,343852,916938.0,526776,1404736.0,1022344,2726250.0,2024384,5398357.0,7.883453333333335,43.52888933333333,67.98201306666665,79.5514166666667,89.81046186666667,100.0
00:07:57,157732,420618.0,3.0,193264,515370.0,280872,748992.0,410592,1094912.0,776252,2070005.0,1559648,4159061.0,16.296335675675678,47.699990540540526,69.70221391891891,80.99435391891893,90.31414675675674,100.0
00:08:00,155664,415104.0,3.0,186496,497322.0,286888,765034.0,433716,1156576.0,808776,2156736.0,1611912,4298432.0,6.5260424000000015,40.410942800000015,62.94070093333333,75.24072213333334,86.36988853333334,100.0
00:08:03,159048,424128.0,3.0,185368,494314.0,219020,584053.0,285948,762528.0,507036,1352096.0,1012004,2698677.0,10.505036666666665,42.81313106666667,63.03676026666667,74.19528346666667,84.88342493333333,100.0
00:08:06,164500,438666.0,3.0,194204,517877.0,230112,613632.0,303056,808149.0,535048,1426794.0,1071036,2856096.0,11.323983999999998,44.752787333333345,64.90261786666667,75.21429933333333,84.96480853333333,100.0
00:08:09,162620,433653.0,3.0,188752,503338.0,225600,601600.0,297980,794613.0,547644,1460384.0,1073104,2861610.0,17.995328933333344,47.52644920000001,66.60921506666668,77.19646346666666,87.04517186666665,100.0
00:08:12,167508,446688.0,3.0,192512,513365.0,225224,600597.0,308696,823189.0,543132,1448352.0,1059568,2825514.0,3.0270917567567563,24.20037297297298,49.78231810810811,65.86074540540538,83.32225243243249,100.0
00:08:15,156040,416106.0,3.0,186872,498325.0,288392,769045.0,457968,1221248.0,874200,2331200.0,1602888,4274368.0,8.84267973333333,43.2387004,65.47331506666669,75.79469413333331,85.28797173333334,100.0
00:08:18,209620,558986.0,3.0,260944,695850.0,332760,887360.0,452516,1206709.0,781892,2085045.0,1319760,3519360.0,6.141831466666665,41.39583026666665,60.920047333333336,71.38150746666662,81.27210053333332,100.0
00:08:21,199092,530912.0,3.0,231428,617141.0,269592,718912.0,315840,842240.0,526964,1405237.0,1013696,2703189.0,6.955173200000001,44.55117146666665,65.83682933333333,75.47996546666668,83.89366920000003,100.0
00:08:24,202664,540437.0,3.0,259252,691338.0,326180,869813.0,417736,1113962.0,694472,1851925.0,1246816,3324842.0,7.8763544,40.463636133333324,63.89505080000003,73.79626039999998,85.99264733333334,100.0
00:08:27,157732,420618.0,3.0,197400,526400.0,258500,689333.0,362840,967573.0,652548,1740128.0,1228392,3275712.0,15.0817854054054,42.82183581081082,63.7220512162162,74.9709591891892,84.28585486486486,100.0
00:08:30,146828,391541.0,3.0,169012,450698.0,200596,534922.0,245340,654240.0,448004,1194677.0,938308,2502154.0,22.227195333333334,47.49181039999999,65.00328813333334,75.22413986666668,84.55259746666667,100.0
00:08:33,142316,379509.0,3.0,165440,441173.0,197024,525397.0,252484,673290.0,462480,1233280.0,959364,2558304.0,20.254738000000003,44.688854400000004,62.5195892,72.89020973333335,83.45804680000003,100.0
00:08:36,141376,377002.0,3.0,162432,433152.0,195332,520885.0,253612,676298.0,480904,1282410.0,1011440,2697173.0,63.079930666666584,72.7784311999999,80.99140586666657,86.01916973333323,91.30136066666655,100.0
00:08:37.720000,20680,96186.0,1.72,29328,136409.0,50384,234344.0,68056,316539.0,128780,598976.0,260756,1212818.0,97.42804,97.42804,97.42804,97.42804,97.42804,100.0
