delta_t_s,256x144x30_size_byte,256x144x30_bitrate,seg_len_s,426x240x30_size_byte,426x240x30_bitrate,640x360x30_size_byte,640x360x30_bitrate,854x480x30_size_byte,854x480x30_bitrate,1280x720x30_size_byte,1280x720x30_bitrate,1920x1080x30_size_byte,1920x1080x30_bitrate,256x144x30_vmaf_score,426x240x30_vmaf_score,640x360x30_vmaf_score,854x480x30_vmaf_score,1280x720x30_vmaf_score,1920x1080x30_vmaf_score
00:00:03.003000,157544,419697.0,3.003,182360,485807.0,245152,653085.0,355320,946573.0,632620,1685301.0,1210156,3223858.0,4.470457999999998,30.51394166666667,46.277404777777775,53.248355000000004,59.001711888888885,100.0
00:00:06.006000,200784,534889.0,3.003,237256,632050.0,276548,736724.0,309824,825371.0,444056,1182966.0,803136,2139556.0,5.616788222222222,46.271931555555554,71.26892844444443,80.77143622222223,86.33734577777777,100.0
00:00:09.009000,191572,510348.0,3.003,228232,608010.0,287828,766774.0,388972,1036222.0,676800,1802997.0,1234220,3287965.0,0.0,42.48154966666668,72.13038833333336,82.96223522222223,90.0760186666667,100.0
00:00:12.012000,198716,529379.0,3.003,238196,634554.0,268276,714687.0,309072,823368.0,512676,1365770.0,917440,2444062.0,0.0,44.99631877777778,73.72108811111111,84.20183277777775,91.03513733333331,100.0
00:00:15.015000,209996,559429.0,3.003,245716,654588.0,278240,741232.0,317720,846406.0,498388,1327706.0,895632,2385966.0,0.0,44.79753244444444,74.47629833333333,84.7685603333333,91.57439277777782,100.0
00:00:18.018000,210372,560431.0,3.003,263388,701666.0,286700,763769.0,323172,860931.0,499704,1331212.0,884352,2355916.0,0.0,42.96620544444445,72.51374711111112,83.83485844444444,91.52823933333336,100.0
00:00:20.987633,229924,619400.0,2.969633,285760,769819.0,300424,809322.0,339904,915679.0,539372,1453033.0,955792,2574842.0,0.0,43.42669511111111,72.52782944444444,84.25001533333334,91.87776066666663,100.0
00:00:23.957266,238948,643710.0,2.969633,286700,772351.0,314900,848320.0,354380,954676.0,541252,1458098.0,946016,2548506.0,0.646961,40.34447777777777,69.73340533333332,81.50513366666664,89.80439377777773,100.0
00:00:26.926899,227856,613829.0,2.969633,275796,742976.0,316216,851865.0,379196,1021529.0,601224,1619658.0,1075360,2896950.0,0.0,43.52350477777776,72.82636233333332,84.46084266666668,92.09502444444445,100.0
00:00:29.896532,234060,630542.0,2.969633,299672,807297.0,322796,869591.0,353252,951638.0,536928,1446449.0,935112,2519131.0,1.0255151111111114,41.910248,70.82392944444446,82.04858644444447,90.3782222222222,100.0
00:00:32.866165,197964,533302.0,2.969633,249288,671565.0,304560,820465.0,399500,1076227.0,660632,1779700.0,1177444,3171958.0,4.835650000000001,46.240494555555564,70.634075,80.10780933333338,86.87989322222222,100.0
00:00:35.869165,228232,608010.0,3.003,283316,754754.0,314900,838894.0,352876,940062.0,557044,1483966.0,991324,2640889.0,9.783019550561797,48.799791910112354,68.99092202247193,77.38996606741574,84.0955597752809,100.0
00:00:38.872165,196648,523870.0,3.003,233120,621032.0,267712,713185.0,300236,799829.0,459848,1225036.0,836788,2229205.0,9.482010222222224,48.66585622222221,68.31913844444445,76.76414266666664,83.35779322222223,100.0
00:00:41.875165,194580,518361.0,3.003,225788,601499.0,266584,710180.0,296476,789812.0,454020,1209510.0,813288,2166601.0,11.18737688888889,51.70748211111111,70.75912233333331,79.15715488888888,85.75243611111114,100.0
00:00:44.878165,206612,550414.0,3.003,246468,656591.0,288580,768777.0,322796,859929.0,446312,1188976.0,793360,2113513.0,11.699221666666668,52.626120555555566,71.16528688888886,79.85101033333332,86.58181566666667,100.0
00:00:47.881165,203980,543403.0,3.003,247596,659596.0,283316,754754.0,320540,853919.0,450260,1199493.0,798248,2126534.0,9.952810777777776,48.708891,68.70740177777779,77.20026844444443,83.68953744444447,100.0
00:00:50.884165,190820,508344.0,3.003,228608,609012.0,266772,710681.0,303244,807842.0,472068,1257590.0,854272,2275782.0,10.513046000000001,49.86308277777774,70.82495344444445,79.9133721111111,86.83413844444445,100.0
00:00:53.853798,194956,525198.0,2.969633,230300,620413.0,265644,715627.0,295912,797167.0,462856,1246904.0,849008,2287172.0,10.764436111111113,49.38839477777775,70.58260533333332,79.60245622222219,86.66171444444448,100.0
00:00:56.823431,195520,526718.0,2.969633,229172,617374.0,265644,715627.0,305312,822490.0,470564,1267669.0,854460,2301860.0,4.200734333333331,40.511106000000005,64.1643702222222,76.1717658888889,86.47601577777779,100.0
00:00:59.793064,189692,511018.0,2.969633,233496,629023.0,266960,719173.0,302680,815400.0,482408,1299576.0,881908,2375803.0,0.9278382222222225,37.47367544444444,62.164279111111114,75.221953,87.60393100000005,100.0
00:01:02.762697,198152,533808.0,2.969633,265268,714614.0,310200,835658.0,366976,988609.0,520196,1401374.0,905032,2438097.0,0.8253423333333331,36.93395055555554,61.742912666666676,74.97261233333333,87.66009266666669,100.0
00:01:05.732330,195708,527224.0,2.969633,225600,607751.0,272412,733860.0,316216,851865.0,510420,1375038.0,925336,2492795.0,0.7268098888888886,35.31517388888891,58.98089388888887,71.28487477777776,83.47410288888888,100.0
00:01:08.701963,198716,535328.0,2.969633,255868,689291.0,296852,799700.0,338212,911121.0,506284,1363896.0,900708,2426449.0,3.499273444444445,38.77416844444445,59.84385000000001,69.69166366666666,78.52669522222219,100.0
00:01:11.704963,194392,517860.0,3.003,236316,629546.0,275044,732717.0,322420,858927.0,516812,1376788.0,951468,2534713.0,5.600007777777779,43.028508555555554,64.13278322222223,73.31999388888887,81.52154333333331,100.0
00:01:14.707963,191948,511349.0,3.003,244024,650080.0,280872,748243.0,317908,846907.0,478648,1275119.0,856904,2282794.0,5.811792696629211,44.2156447191011,64.82114314606743,73.57382966292133,80.8478661797753,100.0
00:01:17.710963,182360,485807.0,3.003,218268,581466.0,256808,684137.0,299296,797325.0,498764,1328708.0,908040,2419020.0,6.054061666666667,45.54819066666667,67.45253444444447,76.7466367777778,84.3992667777778,100.0
00:01:20.713963,196084,522368.0,3.003,227668,606508.0,269216,717192.0,307568,819361.0,466992,1244067.0,850700,2266267.0,0.41278411111111113,32.59286211111111,58.40567544444442,69.83449922222223,81.17688522222221,100.0
00:01:23.716963,197776,526875.0,3.003,246468,656591.0,299860,798827.0,357764,953084.0,623220,1660259.0,1125556,2998484.0,0.0,34.358277333333334,60.57500988888887,72.73457544444443,84.61245822222223,100.0
00:01:26.686596,203792,549002.0,2.969633,247784,667514.0,292716,788558.0,331632,893395.0,515872,1389725.0,923456,2487730.0,1.5058493333333334,39.21320544444445,64.1436157777778,75.7668982222222,86.36436100000005,100.0
00:01:29.656229,206236,555586.0,2.969633,264328,712082.0,307192,827555.0,344416,927834.0,512112,1379596.0,913116,2459875.0,5.413885666666666,49.34018355555557,71.32372655555554,80.73020133333335,88.45406499999999,100.0
00:01:32.625862,192512,518614.0,2.969633,225976,608764.0,265080,714108.0,303808,818439.0,473572,1275772.0,867432,2336805.0,4.8546587777777805,49.267861333333336,71.8756986666667,81.23120077777779,88.6766291111111,100.0
00:01:35.595495,196460,529250.0,2.969633,231428,623452.0,263012,708537.0,300800,810335.0,487672,1313756.0,884728,2383400.0,5.318041777777777,47.920519999999996,72.56008888888886,82.52784766666667,91.58330055555551,100.0
00:01:38.565128,208680,562170.0,2.969633,300424,809322.0,369984,996713.0,443868,1195751.0,665896,1793880.0,1246252,3357322.0,8.186049333333333,24.630510999999988,39.66331255555557,51.77437133333335,59.367170666666695,100.0
00:01:41.534761,168448,453788.0,2.969633,319788,861488.0,585244,1576609.0,898264,2419865.0,1678276,4521167.0,3219500,8673125.0,6.193318555555555,38.61408633333334,57.210419,66.261861,73.11366199999996,100.0
00:01:44.537761,160364,427210.0,3.003,211500,563436.0,347048,924536.0,518880,1382297.0,918944,2448069.0,1814764,4834536.0,0.35944644444444446,38.98764499999999,61.908303,72.46050277777778,81.33595866666664,100.0
00:01:47.540761,185932,495323.0,3.003,225788,601499.0,259252,690648.0,306064,815355.0,511548,1362765.0,946204,2520689.0,1.2173452222222223,42.65660722222222,66.02248900000001,75.98364411111109,84.2478998888889,100.0
00:01:50.543761,185744,494822.0,3.003,228232,608010.0,264892,705672.0,306252,815856.0,498200,1327206.0,903904,2408002.0,1.8845816666666673,34.80965222222222,55.87439511111112,67.08925966666666,75.4459232222222,100.0
00:01:53.546761,207552,552919.0,3.003,259440,691148.0,379384,1010679.0,501584,1336221.0,847316,2257252.0,1595932,4251567.0,0.2318256179775281,34.57223584269663,58.61926404494382,68.27530797752812,74.92196910112361,100.0
00:01:56.549761,204356,544404.0,3.003,263576,702167.0,418488,1114853.0,571896,1523532.0,896196,2387468.0,1399096,3727195.0,0.0,41.91361577777778,72.54962811111109,83.19226411111113,90.16761633333331,100.0
00:01:59.519394,207364,558625.0,2.969633,254740,686253.0,293092,789570.0,368292,992154.0,585432,1577116.0,1027796,2768816.0,0.0,42.02776855555557,73.12197844444444,83.77029888888889,90.5837332222222,100.0
00:02:02.489027,214132,576857.0,2.969633,266020,716640.0,298920,805271.0,372240,1002790.0,560240,1509250.0,977412,2633084.0,0.0,43.646323111111116,74.19248577777776,84.71798966666665,91.20502288888886,100.0
00:02:05.458660,210184,566222.0,2.969633,262448,707018.0,295348,795648.0,370360,997725.0,566820,1526976.0,975908,2629033.0,0.0,43.61252211111112,74.59832877777775,85.33161511111112,93.01087477777779,100.0
00:02:08.428293,217704,586480.0,2.969633,281436,758170.0,308320,830594.0,391416,1054449.0,556856,1500134.0,950904,2561674.0,0.02949322222222222,42.484767000000005,74.41180522222221,85.91049755555558,93.26097899999996,100.0
00:02:11.397926,226728,610790.0,2.969633,288956,778428.0,331632,893395.0,439732,1184609.0,642584,1731079.0,1116908,3008878.0,0.0,37.083099444444464,70.61959333333334,84.5668285555556,92.25523688888887,100.0
00:02:14.367559,251920,678656.0,2.969633,364532,982025.0,367916,991142.0,501584,1351234.0,693908,1869343.0,1114088,3001281.0,5.516428333333333,43.13206155555555,65.5683693333333,74.77027366666668,82.22303233333331,100.0
00:02:17.370559,206424,549914.0,3.003,256808,684137.0,308320,821365.0,406456,1082799.0,634312,1689808.0,1062764,2831206.0,5.845547444444443,42.93350999999999,63.11966811111111,71.59406222222219,78.78919988888886,100.0
00:02:20.373559,190444,507343.0,3.003,223532,595489.0,261508,696658.0,305876,814854.0,486544,1296154.0,890556,2372443.0,5.862369777777779,43.74117833333334,64.4738965555556,73.21452288888888,80.55339755555552,100.0
00:02:23.376559,193264,514855.0,3.003,230112,613018.0,267524,712684.0,308696,822366.0,483912,1289142.0,892248,2376951.0,3.8764346666666647,45.72963933333334,66.58044433333336,75.02596677777775,82.31936077777777,100.0
00:02:26.379559,183488,488812.0,3.003,222028,591483.0,255304,680130.0,288768,769278.0,480152,1279126.0,870064,2317852.0,4.341852888888889,44.58676422222221,65.41285944444446,73.70093455555553,81.21080388888885,100.0
00:02:29.382559,180856,481800.0,3.003,215824,574955.0,251732,670614.0,295348,786807.0,494064,1316187.0,923832,2461090.0,6.317548111111107,46.84643299999999,69.09258011111113,78.56476544444443,86.52767377777776,100.0
00:02:32.352192,189880,511524.0,2.969633,230300,620413.0,267712,721198.0,304560,820465.0,474136,1277291.0,865740,2332247.0,6.23963573033708,44.61265584269665,67.30336999999999,77.5157678651685,85.68623764044945,100.0
00:02:35.321825,185180,498862.0,2.969633,224284,604206.0,258500,696382.0,302492,814893.0,491620,1324392.0,895444,2412268.0,7.253975222222223,46.286344666666665,68.83057022222224,78.16766388888887,86.77168722222223,100.0
00:02:38.291458,182360,491266.0,2.969633,215072,579390.0,255116,687266.0,299296,806284.0,493876,1330470.0,897888,2418852.0,9.368717444444444,50.884119,72.1793662222222,81.18009888888889,89.12666088888889,100.0
00:02:41.261091,199092,536341.0,2.969633,231240,622945.0,267524,720692.0,301740,812868.0,446876,1203855.0,824568,2221333.0,10.586813888888885,52.63993033333338,73.19186466666665,82.35402877777777,90.27573922222221,100.0
00:02:44.230724,197212,531276.0,2.969633,233308,628516.0,271096,730315.0,311140,838191.0,450260,1212971.0,827576,2229436.0,8.515539888888888,49.39850800000001,69.35759511111108,77.93697444444449,85.39915455555555,100.0
00:02:47.200357,186684,502914.0,2.969633,221464,596609.0,260192,700940.0,300612,809829.0,473572,1275772.0,854272,2301353.0,8.302501444444445,49.31130822222222,69.30880611111108,77.51577033333334,84.54749588888886,100.0
00:02:50.203357,198716,529379.0,3.003,244588,651583.0,281624,750247.0,317720,846406.0,449320,1196989.0,791856,2109506.0,4.224492333333334,47.75794877777777,68.92491233333332,78.12882099999995,86.05210488888889,100.0
00:02:53.206357,203228,541399.0,3.003,258124,687643.0,301928,804336.0,332572,885972.0,475264,1266104.0,815732,2173112.0,0.3225064444444445,42.71934099999999,64.15683455555555,73.93143311111112,82.47008033333334,100.0
00:02:56.209357,194016,516859.0,3.003,231616,617025.0,274856,732217.0,320352,853418.0,498012,1326705.0,907664,2418019.0,0.6515161111111111,41.25689188888888,63.28002166666667,72.3984523333333,80.15896733333334,100.0
00:02:59.212357,186872,497827.0,3.003,226728,604003.0,264704,705172.0,313208,834386.0,538432,1434384.0,989068,2634879.0,1.7864473333333333,41.67269111111112,63.71788822222223,73.77202488888891,82.22941788888888,100.0
00:03:02.215357,188940,503336.0,3.003,234060,623536.0,273728,729212.0,322420,858927.0,511736,1363266.0,930224,2478119.0,1.6476881111111115,42.76805966666668,66.01574366666665,76.26601033333337,84.89210566666665,100.0
00:03:05.184990,183864,495317.0,2.969633,224660,605219.0,260944,702966.0,313960,845788.0,523580,1410490.0,952220,2565219.0,2.355675777777778,43.594125,68.84947288888888,79.9809747777778,88.70559877777775,100.0
00:03:08.154623,223720,602687.0,2.969633,282188,760196.0,335392,903524.0,384648,1036216.0,535048,1441384.0,944324,2543948.0,0.031318222222222226,34.40707711111109,63.44265588888887,75.66893577777772,84.06779388888887,100.0
00:03:11.124256,176344,475059.0,2.969633,212064,571286.0,300612,809829.0,435220,1172454.0,715528,1927586.0,1369016,3688040.0,0.0,38.97509056179775,69.99458078651685,82.65595067415728,91.69984449438206,100.0
00:03:14.093889,214132,576857.0,2.969633,291212,784506.0,322420,868578.0,370736,998738.0,527904,1422139.0,896008,2413787.0,0.7014643333333334,38.645916333333346,68.13115255555554,80.528926,90.22151222222222,100.0
00:03:17.063521,172020,463410.0,2.969633,207364,558625.0,286888,772857.0,413224,1113198.0,726244,1956454.0,1344200,3621188.0,0.6900008888888887,43.81246211111112,72.93773444444444,82.64610277777781,92.77463377777778,100.0
00:03:20.033154,205108,552547.0,2.969633,370548,998232.0,472444,1272733.0,498388,1342625.0,579228,1560402.0,858596,2313002.0,0.0558581111111111,40.75971488888889,71.4747127777778,83.17854288888893,90.9829508888889,100.0
00:03:23.036155,196460,523369.0,3.003,295912,788310.0,381264,1015688.0,450636,1200495.0,570204,1519024.0,869124,2315348.0,0.08358611111111114,46.367388999999996,75.72646977777782,86.70208755555556,93.65164555555556,100.0
00:03:26.039155,199656,531884.0,3.003,317532,845906.0,393108,1047240.0,443116,1180462.0,554036,1475953.0,823440,2193646.0,0.0037844444444444436,47.196865222222215,77.36029855555554,87.3214182222222,93.97392199999999,100.0
00:03:29.042155,196084,522368.0,3.003,349304,930546.0,409464,1090813.0,473572,1261597.0,567948,1513014.0,827200,2203663.0,3.9596293333333334,46.45334088888889,69.06772799999995,77.45817900000003,84.49109055555556,100.0
00:03:32.045155,202664,539897.0,3.003,257936,687142.0,324300,863936.0,374120,996656.0,549900,1464935.0,895820,2386466.0,4.725602444444444,46.5945651111111,67.27707355555555,75.80806811111111,83.20535155555557,100.0
00:03:35.048155,191948,511349.0,3.003,226540,603503.0,263200,701165.0,298544,795322.0,465864,1241062.0,855212,2278287.0,4.556207999999999,45.86342155555557,66.75280555555557,75.54537666666667,83.42728466666667,100.0
00:03:38.051155,185368,493820.0,3.003,227292,605506.0,257184,685138.0,293656,782300.0,476580,1269610.0,882472,2350907.0,4.850294000000001,47.22578277777778,68.36552511111111,77.22610388888891,84.77809822222223,100.0
00:03:41.020788,177848,479111.0,2.969633,217704,586480.0,255868,689291.0,291024,783999.0,479588,1291979.0,888676,2394035.0,5.723915222222221,48.282582999999974,69.83593199999997,79.52127611111112,87.4880934444444,100.0
00:03:43.990421,197588,532289.0,2.969633,243460,655865.0,278992,751586.0,313960,845788.0,458344,1234749.0,858220,2311989.0,6.725419555555556,49.682296888888885,71.02527088888888,80.74356844444445,88.76405322222219,100.0
00:03:46.960054,189128,509498.0,2.969633,223344,601674.0,263764,710563.0,294032,792103.0,454020,1223100.0,834720,2248681.0,6.595027999999999,49.72620133333332,71.50351922222222,81.37576388888893,89.49064577777777,100.0
00:03:49.929687,192700,519121.0,2.969633,223344,601674.0,261696,704992.0,295348,795648.0,461916,1244371.0,843368,2271979.0,6.270298202247193,49.217196404494395,71.00821393258427,80.91479943820222,89.01352325842696,100.0
00:03:52.899320,190068,512030.0,2.969633,223344,601674.0,261884,705498.0,295160,795142.0,466052,1255514.0,851452,2293756.0,3.973497555555555,43.30282877777779,63.303320666666664,71.53203277777779,78.12167200000002,100.0
00:03:55.902320,179728,478795.0,3.003,212252,565439.0,249852,665606.0,282376,752250.0,463044,1233550.0,847128,2256751.0,3.565480111111113,42.877787666666684,63.49709811111112,71.93469422222225,78.88030188888885,100.0
00:03:58.905320,182924,487310.0,3.003,215448,573954.0,251544,670113.0,292904,780297.0,492184,1311179.0,893940,2381458.0,6.531153666666668,45.82892044444446,65.8548602222222,74.55458188888888,81.33012800000002,100.0
00:04:01.908320,188188,501333.0,3.003,220524,587476.0,258688,689145.0,300424,800330.0,483536,1288141.0,866304,2307836.0,8.389845,49.212036888888875,70.02407988888889,79.65762777777783,87.08939855555556,100.0
00:04:04.911320,203416,541900.0,3.003,242520,646073.0,278240,741232.0,312080,831381.0,425256,1132883.0,767228,2043897.0,8.739608666666665,50.084091,69.92330133333331,78.74126777777778,85.5575331111111,100.0
00:04:07.914320,198340,528378.0,3.003,248724,662601.0,288768,769278.0,324864,865438.0,451576,1202999.0,791480,2108504.0,5.017308222222222,46.433247888888886,66.78844622222226,75.9078588888889,83.53770400000002,100.0
00:04:10.917320,191572,510348.0,3.003,230864,615022.0,263388,701666.0,297604,792817.0,458344,1221029.0,834532,2223195.0,3.3776456666666657,42.93136733333333,64.92218144444449,74.97021788888891,84.12769177777774,100.0
00:04:13.886953,183112,493291.0,2.969633,223156,601167.0,257936,694862.0,295912,797167.0,470376,1267162.0,883412,2379855.0,2.428901444444444,40.40850455555556,63.16663133333333,74.36388544444445,85.20832133333334,100.0
00:04:16.856586,192888,519627.0,2.969633,235752,635100.0,273540,736899.0,315276,849333.0,495756,1335534.0,928720,2501911.0,3.118107666666668,41.047138000000004,63.39841911111111,74.41653588888887,85.38159222222224,100.0
00:04:19.826219,188752,508485.0,2.969633,229360,617881.0,272224,733353.0,308884,832113.0,501020,1349715.0,925712,2493808.0,3.1261113333333324,39.515657222222224,62.960722555555556,74.02266411111111,84.85644988888892,100.0
00:04:22.795852,173336,466956.0,2.969633,207552,559131.0,248348,669033.0,328624,885291.0,588440,1585219.0,1115404,3004826.0,2.6037867777777777,39.56425588888888,63.622826666666654,75.40685155555558,86.87233077777776,100.0
00:04:25.765485,177096,477085.0,2.969633,212064,571286.0,252484,680175.0,309072,832620.0,540876,1457085.0,999596,2692847.0,1.1843348888888887,35.516914444444446,56.66334788888889,67.12820377777777,77.16186511111114,100.0
00:04:28.768485,182548,486308.0,3.003,218832,582969.0,263200,701165.0,319412,850914.0,533168,1420360.0,1011816,2695480.0,2.534263707865169,38.21513202247192,59.67963842696629,69.97587393258426,79.92359786516852,100.0
00:04:31.771485,193452,515356.0,3.003,243648,649078.0,287076,764771.0,332572,885972.0,519256,1383299.0,946204,2520689.0,0.9495222222222222,33.97189988888888,53.71905611111111,63.04013511111114,72.59409866666667,100.0
00:04:34.774485,181608,483804.0,3.003,219584,584972.0,258124,687643.0,316780,843902.0,555352,1479459.0,1020840,2719520.0,2.2299147777777786,41.94209866666667,65.01750055555556,75.74768744444444,84.32902288888889,100.0
00:04:37.777485,197588,526374.0,3.003,237068,631549.0,278992,743235.0,325804,867942.0,504968,1345236.0,925524,2465598.0,2.114466222222222,41.84658111111109,64.42939344444446,74.20275600000004,82.74205577777775,100.0
00:04:40.780485,189128,503837.0,3.003,225976,602000.0,268840,716190.0,317344,845405.0,521700,1389810.0,958048,2552242.0,2.5983619999999994,43.50431566666667,67.14607611111113,77.20162466666669,85.51520666666669,100.0
00:04:43.783485,192888,513854.0,3.003,231240,616023.0,277676,739729.0,314148,836891.0,499328,1330211.0,912176,2430039.0,2.4814846666666655,42.99461144444444,67.27586366666667,77.77186288888889,86.39640877777776,100.0
00:04:46.753118,187060,503927.0,2.969633,228796,616361.0,267336,720185.0,309636,834139.0,511924,1379090.0,927780,2499379.0,2.8981731111111104,44.7064198888889,68.28779522222223,78.7361444444444,87.34312288888889,100.0
00:04:49.722751,197212,531276.0,2.969633,236504,637126.0,276548,745002.0,325992,878201.0,515308,1388206.0,927780,2499379.0,2.95082811111111,45.14121411111111,68.97300966666666,79.62278388888892,88.66191922222225,100.0
00:04:52.692384,195708,527224.0,2.969633,239700,645736.0,287640,774883.0,318660,858449.0,484288,1304640.0,882848,2378335.0,1.3489302222222224,45.81942199999999,72.5732237777778,82.61987611111114,90.71090211111114,100.0
00:04:55.662017,214696,578377.0,2.969633,302116,813881.0,364532,982025.0,406644,1095472.0,524144,1412010.0,884728,2383400.0,0.4713719999999999,45.03426711111111,73.66577811111111,83.74651077777777,91.84327555555555,100.0
00:04:58.631650,203792,549002.0,2.969633,287452,774377.0,352876,950625.0,395552,1065591.0,539748,1454046.0,817048,2201074.0,0.0,40.473118222222226,73.09338222222223,83.46282800000003,92.084724,100.0
00:05:01.601283,203604,548496.0,2.969633,325052,875669.0,384272,1035204.0,415668,1119782.0,493688,1329963.0,794300,2139793.0,0.0,44.95649888888887,73.35141933333333,84.16910611111113,91.76449544444446,100.0
00:05:04.604283,214696,571950.0,3.003,328624,875455.0,370924,988142.0,461916,1230545.0,553284,1473950.0,846940,2256250.0,0.0,41.24147921348313,71.90413011235954,83.16280235955057,91.59847426966292,100.0
00:05:07.607283,201912,537894.0,3.003,310012,825872.0,381264,1015688.0,418676,1115353.0,489552,1304167.0,787344,2097486.0,0.0,40.43651577777779,70.70813844444444,81.29479133333332,90.72098911111107,100.0
00:05:10.610283,227104,605005.0,3.003,342724,913017.0,424316,1130378.0,466240,1242064.0,581484,1549074.0,975720,2599320.0,0.0,40.422419888888896,67.69033255555557,78.45486611111113,85.13487099999999,100.0
00:05:13.613283,193828,516358.0,3.003,239324,637559.0,291964,777792.0,381452,1016189.0,629988,1678289.0,1104500,2942390.0,0.0,41.20013066666666,68.53336477777778,78.96950111111111,86.04951311111112,100.0
00:05:16.616283,197212,525373.0,3.003,243084,647576.0,294784,785305.0,382204,1018192.0,620024,1651745.0,1096416,2920855.0,6.717912555555555,47.77448077777779,70.6745126666667,80.14549111111114,87.27076444444441,100.0
00:05:19.585916,187624,505446.0,2.969633,228608,615855.0,281812,759183.0,341972,921250.0,538808,1451514.0,955416,2573829.0,7.326455333333333,47.78006800000003,69.45746955555558,78.54512477777777,85.5715063333333,100.0
00:05:22.555549,180104,485188.0,2.969633,213568,575338.0,250416,674604.0,294220,792609.0,492372,1326418.0,912552,2458356.0,7.376702111111111,48.786763222222234,70.43081533333333,79.72237166666666,87.007211,100.0
00:05:25.525182,187060,503927.0,2.969633,220336,593570.0,256244,690304.0,293656,791090.0,468872,1263110.0,871192,2346935.0,8.356730333333331,50.34728188888888,72.328115,81.9787832222222,89.20010533333334,100.0
00:05:28.494815,195708,527224.0,2.969633,236316,636620.0,274292,738924.0,310012,835152.0,455336,1226645.0,803888,2165622.0,8.048215000000003,50.88635222222221,72.8791618888889,82.56452699999998,89.98653844444445,100.0
00:05:31.464448,197964,533302.0,2.969633,230112,619906.0,278428,750067.0,308884,832113.0,455524,1227152.0,825696,2224371.0,6.288643222222222,46.663956555555565,67.02494044444444,76.02890077777779,82.97169099999998,100.0
00:05:34.434081,188752,508485.0,2.969633,226352,609777.0,261508,704485.0,301928,813374.0,472820,1273746.0,865364,2331234.0,6.508701222222222,46.49713933333334,66.2341741111111,74.32392300000001,80.38855644444446,100.0
00:05:37.437081,182924,487310.0,3.003,213004,567443.0,251732,670614.0,293844,782801.0,480716,1280628.0,875892,2333378.0,6.388591333333337,45.45937866666667,65.15187000000002,73.24409699999998,79.50094377777776,100.0
00:05:40.440081,188376,501834.0,3.003,218080,580965.0,251544,670113.0,291212,775789.0,476204,1268608.0,882848,2351909.0,6.1597455555555545,44.59165733333333,64.07795399999998,72.24774277777777,78.35242133333334,100.0
00:05:43.443081,183864,489814.0,3.003,213192,567944.0,251544,670113.0,296476,789812.0,499704,1331212.0,909732,2423528.0,6.505784606741575,46.23383539325844,66.62975089887638,75.03056606741573,81.26368359550558,100.0
00:05:46.446081,185368,493820.0,3.003,220148,586474.0,257936,687142.0,294220,783802.0,474700,1264602.0,868748,2314346.0,6.239061111111109,45.18759588888888,64.80407355555555,72.8194931111111,79.19678700000003,100.0
00:05:49.449081,185932,495323.0,3.003,220148,586474.0,260004,692651.0,301364,802834.0,475452,1266605.0,865364,2305332.0,6.811325333333337,47.8527458888889,69.37560700000002,78.66987322222225,85.6704623333333,100.0
00:05:52.418714,190632,513550.0,2.969633,224660,605219.0,261132,703472.0,296288,798180.0,460412,1240320.0,852580,2296795.0,4.697751666666668,44.268386111111106,67.83033822222224,77.27770811111108,84.78456822222225,100.0
00:05:55.388347,189316,510005.0,2.969633,229548,618387.0,282564,761209.0,365096,983545.0,594456,1601426.0,1109952,2990139.0,0.4972458888888889,44.216243,72.95634422222224,82.71508333333335,88.96949866666664,100.0
00:05:58.357980,185368,499369.0,2.969633,230488,620919.0,272976,735379.0,340656,917705.0,565316,1522924.0,985872,2655875.0,0.0,41.52773188888889,72.6853628888889,84.3627258888889,92.02431355555555,100.0
00:06:01.327613,205108,552547.0,2.969633,245340,660930.0,329376,887317.0,437288,1178025.0,714964,1926066.0,1240236,3341115.0,0.0,38.72977833333335,71.49842644444445,84.60552277777776,93.22903255555553,100.0
00:06:04.297246,179352,483162.0,2.969633,227668,613322.0,327872,883266.0,460976,1241839.0,762340,2053694.0,1340252,3610552.0,0.0,35.56967066666667,66.51092700000001,78.51832922222222,86.07941911111111,100.0
00:06:07.266878,184992,498356.0,2.969633,234624,632061.0,319976,861994.0,447816,1206387.0,744668,2006087.0,1306788,3520402.0,0.0,33.85078755555554,63.01561222222221,73.71243577777777,80.51622122222221,100.0
00:06:10.269879,191760,510849.0,3.003,242708,646574.0,300424,800330.0,389724,1038225.0,643524,1714349.0,1118600,2979953.0,2.679313777777778,36.72263777777778,60.43404633333332,70.024583,76.96336533333333,100.0
00:06:13.272879,176344,469780.0,3.003,219960,585974.0,266208,709178.0,346108,922032.0,584304,1556587.0,1047724,2791139.0,5.648121777777779,43.36988655555555,64.62993700000003,73.70819311111113,81.73652766666662,100.0
00:06:16.275879,193640,515857.0,3.003,235000,626040.0,277112,738227.0,315088,839395.0,482596,1285637.0,866116,2307335.0,4.986321222222222,42.773143555555556,63.379412333333335,72.13704866666664,79.59497044444448,100.0
00:06:19.278879,181232,482802.0,3.003,219208,583970.0,256620,683636.0,294596,784804.0,496320,1322197.0,905032,2411007.0,4.996657888888888,43.662269222222235,65.08141822222223,73.90530477777777,81.44128711111112,100.0
00:06:22.281879,187436,499330.0,3.003,224096,596992.0,264328,704170.0,306816,817358.0,493876,1315686.0,908980,2421525.0,6.417620898876405,46.847935056179765,68.49713516853933,78.10673370786517,86.14075662921348,100.0
00:06:25.251512,194204,523173.0,2.969633,234436,631555.0,267336,720185.0,300236,808816.0,472820,1273746.0,835848,2251720.0,7.969050666666665,49.413997222222235,70.68240622222221,80.37229555555558,88.22740622222223,100.0
00:06:28.221145,201536,542925.0,2.969633,247408,666501.0,286136,770831.0,318472,857943.0,460788,1241333.0,828328,2231462.0,9.992844666666663,52.74204488888889,72.6491578888889,82.09594700000001,89.46482077777775,100.0
00:06:31.190778,207740,559638.0,2.969633,262824,708030.0,306440,825529.0,343664,925808.0,444056,1196258.0,757452,2040526.0,10.111667777777777,53.397831999999994,73.30691777777778,82.66121666666666,90.28293677777779,100.0
00:06:34.160411,206800,557105.0,2.969633,274104,738418.0,295912,797167.0,339904,915679.0,433904,1168909.0,754256,2031917.0,10.293660555555562,53.24620566666668,73.43263355555557,82.90924999999999,90.36253666666666,100.0
00:06:37.130044,197400,531782.0,2.969633,248348,669033.0,302492,814893.0,336708,907069.0,469624,1265136.0,788284,2123586.0,6.064907444444447,46.924958333333315,69.80775455555555,80.41228988888889,88.5624107777778,100.0
00:06:40.099677,189316,510005.0,2.969633,230864,621932.0,270720,729302.0,310388,836165.0,478084,1287927.0,873260,2352506.0,0.6452265555555555,37.16307877777778,60.73164099999998,71.33289533333334,79.88282833333335,100.0
00:06:43.102677,196272,522869.0,3.003,237632,633052.0,278428,741732.0,328248,874453.0,540312,1439392.0,1007116,2682959.0,0.0,35.84375844444445,63.707501222222206,75.1900496666667,84.16874255555558,100.0
00:06:46.105677,203604,542401.0,3.003,250228,666608.0,293844,782801.0,338776,902500.0,541064,1441395.0,958424,2553244.0,0.0,36.90721666666666,65.45514122222222,77.31217988888889,86.58920988888889,100.0
00:06:49.108677,212440,565940.0,3.003,269216,717192.0,313960,836390.0,359644,958092.0,531476,1415853.0,934736,2490139.0,0.7118644444444445,37.787450555555544,64.18757000000001,75.293046,84.29173433333332,100.0
00:06:52.111677,199468,531383.0,3.003,243836,649579.0,289708,771782.0,329376,877458.0,513428,1367773.0,928908,2474613.0,1.8252325555555555,41.81625344444444,64.60919411111111,74.7667202222222,83.17392755555555,100.0
00:06:55.114677,185744,494822.0,3.003,223720,595990.0,265080,706173.0,309260,823869.0,520384,1386304.0,955604,2545731.0,2.176993111111112,43.47773344444444,66.87203577777778,77.38137333333337,86.03682344444444,100.0
00:06:58.117677,197024,524872.0,3.003,232368,619028.0,282940,753752.0,323548,861932.0,510984,1361262.0,914432,2436049.0,0.8203272222222222,37.9024721111111,66.70639444444444,78.70325077777781,87.30496355555553,100.0
00:07:01.087310,208492,561664.0,2.969633,263952,711069.0,302492,814893.0,376000,1012919.0,596900,1608010.0,1090400,2937467.0,0.0,33.85579595505619,64.31351696629211,76.36875280898877,84.45191730337078,100.0
00:07:04.056943,179164,482656.0,2.969633,232368,625984.0,313208,843762.0,446876,1203855.0,737900,1987855.0,1350780,3638914.0,0.0,36.224935222222214,68.85728300000004,81.60808733333332,90.55608344444445,100.0
00:07:07.026576,182924,492785.0,2.969633,229736,618893.0,312456,841736.0,451388,1216010.0,737524,1986842.0,1319196,3553829.0,0.11158066666666668,37.17345566666668,69.6320903333333,82.45738122222221,91.2067142222222,100.0
00:07:09.996209,202664,545963.0,2.969633,248724,670046.0,307756,829074.0,407960,1099017.0,666084,1794387.0,1161840,3129922.0,0.0,38.25478633333333,70.99076822222221,83.18948377777775,91.11496144444443,100.0
00:07:12.965842,213568,575338.0,2.969633,270344,728289.0,322984,870098.0,372992,1004816.0,574716,1548247.0,1002416,2700444.0,0.0,37.72172611111111,69.46792922222221,81.09664888888886,88.43429788888889,100.0
00:07:15.968842,223720,595990.0,3.003,291024,775288.0,340468,907007.0,387092,1031214.0,572648,1525535.0,992264,2643393.0,0.0,38.54202566666667,70.55443088888887,81.79576977777778,89.24198333333334,100.0
00:07:18.971842,233872,623035.0,3.003,300048,799328.0,350244,933050.0,406832,1083801.0,591072,1574617.0,1033248,2752575.0,0.0,40.42067833333334,67.46733744444444,77.91160011111111,84.70267255555558,100.0
00:07:21.974842,197588,526374.0,3.003,244964,652584.0,295912,788310.0,376000,1001665.0,617016,1643732.0,1065584,2838718.0,0.0,41.398300111111105,69.08805100000001,79.79607533333329,87.0927395555556,100.0
00:07:24.977842,204168,543904.0,3.003,256808,684137.0,303620,808844.0,376188,1002165.0,605924,1614183.0,1037384,2763593.0,0.0,41.93860077777778,69.716402,80.35582866666662,87.394088,100.0
00:07:27.980842,201724,537393.0,3.003,249288,664103.0,297416,792317.0,376564,1003167.0,609684,1624199.0,1061072,2826698.0,0.0,37.43268600000001,66.45121988888884,78.44144566666667,87.27251566666666,100.0
00:07:30.983842,191384,509847.0,3.003,232932,620531.0,272788,726707.0,343100,914019.0,554788,1477956.0,975532,2598819.0,0.0,36.888338000000005,66.51350333333335,79.15794255555558,88.50794622222222,100.0
00:07:33.953475,195520,526718.0,2.969633,243648,656372.0,286888,772857.0,330692,890862.0,496320,1337054.0,880028,2370738.0,0.0,35.69860955555555,65.51206900000001,78.14500422222221,87.60032855555556,100.0
00:07:36.923108,186872,503421.0,2.969633,220148,593064.0,256056,689798.0,310200,835658.0,523580,1410490.0,957672,2579906.0,0.0,37.633154111111104,68.01601477777776,80.85412777777778,90.59822600000001,100.0
00:07:39.892741,206048,555080.0,2.969633,256244,690304.0,300800,810335.0,335768,904537.0,466992,1258046.0,842428,2269446.0,0.0,37.71008696629212,67.82510247191016,80.80560258426964,90.72214067415726,100.0
00:07:42.862374,185368,499369.0,2.969633,228608,615855.0,268088,722211.0,307004,827048.0,509668,1373012.0,918004,2473043.0,2.2279606666666663,41.65328111111111,68.51227155555556,80.13534577777781,89.54605255555559,100.0
00:07:45.832007,178036,479617.0,2.969633,218832,589519.0,257184,692837.0,302868,815906.0,501584,1351234.0,908980,2448733.0,3.605068444444444,44.17498988888889,63.972156888888875,72.52593588888892,79.54416633333334,100.0
00:07:48.835007,184428,491316.0,3.003,217328,578962.0,255492,680631.0,291964,777792.0,465864,1241062.0,861040,2293812.0,2.8654281111111106,42.71836622222223,61.1186182222222,69.18372433333333,75.52889033333334,100.0
00:07:51.838007,178224,474789.0,3.003,211500,563436.0,249100,663603.0,288580,768777.0,474136,1263099.0,882660,2351408.0,3.6380952222222227,44.81859022222223,64.00608722222223,72.30430499999999,78.84574677777778,100.0
00:07:54.841007,181608,483804.0,3.003,216200,575957.0,257184,685138.0,300800,801332.0,503276,1340728.0,902588,2404496.0,1.8654094444444445,40.08540266666667,59.899147666666664,68.67086788888888,76.73588111111113,100.0
00:07:57.844007,187060,498328.0,3.003,225788,601499.0,262824,700163.0,310012,825872.0,505156,1345736.0,938872,2501157.0,1.6291419999999996,41.07791722222221,63.27871355555556,73.13384044444444,81.70499233333334,100.0
00:08:00.847007,188752,502835.0,3.003,229924,612518.0,268464,715188.0,318660,848911.0,532792,1419359.0,961808,2562259.0,0.27396977777777776,38.281174777777785,61.14324111111108,72.43819922222224,82.94230133333333,100.0
00:08:03.850007,195896,521867.0,3.003,231240,616023.0,271660,723702.0,313960,836390.0,489552,1304167.0,893564,2380456.0,0.5152641111111114,40.0927711111111,63.13476155555555,74.38429511111111,84.47121644444444,100.0
00:08:06.819640,186496,502408.0,2.969633,226916,611297.0,269216,725250.0,316592,852878.0,500456,1348196.0,918944,2475575.0,0.5437758888888887,39.81305088888889,63.30220166666669,74.79567311111114,84.98761466666663,100.0
00:08:09.789273,188376,507472.0,2.969633,225976,608764.0,266208,717147.0,312080,840723.0,499516,1345663.0,911988,2456836.0,0.9362268888888888,40.695612333333315,64.95084877777775,76.73621566666664,87.28825300000004,100.0
00:08:12.758906,187436,504940.0,2.969633,228420,615348.0,265080,714108.0,311328,838697.0,533732,1437839.0,962184,2592061.0,0.0,38.321622666666684,66.21514422222221,78.65190311111114,88.97587600000003,100.0
00:08:15.728539,187812,505953.0,2.969633,232368,625984.0,271284,730821.0,316028,851359.0,516248,1390738.0,934548,2517612.0,0.0,37.88053133333333,66.01198388888886,78.73823133333333,89.39105344444444,100.0
00:08:18.698172,187248,504434.0,2.969633,231052,622439.0,271284,730821.0,319224,859968.0,521512,1404919.0,954852,2572309.0,0.0,34.77967730337078,60.42518033707865,71.84872887640446,81.14325044943818,100.0
00:08:21.701172,189692,505339.0,3.003,235188,626541.0,269592,718193.0,323360,861431.0,523580,1394818.0,952596,2537718.0,0.9236981111111108,37.94037600000001,62.73341322222222,73.46539544444444,82.24537044444446,100.0
00:08:24.704172,201912,537894.0,3.003,242708,646574.0,282376,752250.0,328060,873952.0,503464,1341229.0,913868,2434546.0,1.467421222222222,41.78170844444443,64.63584655555552,74.16096088888891,82.53616122222226,100.0
00:08:27.707172,194392,517860.0,3.003,238572,635556.0,274292,730714.0,321668,856924.0,514180,1369776.0,937744,2498152.0,1.8386500000000003,43.01895766666667,66.02611933333333,75.86187111111113,84.48590188888888,100.0
00:08:30.710172,200032,532885.0,3.003,246092,655589.0,285572,760764.0,322420,858927.0,484476,1290645.0,875140,2331375.0,2.5253363333333336,44.0020698888889,67.09224322222221,77.15965455555553,85.56622388888891,100.0
00:08:33.713172,203040,540899.0,3.003,242332,645573.0,286512,763268.0,326744,870446.0,496884,1323700.0,892436,2377451.0,2.221301777777778,44.20566855555554,67.4905167777778,77.76048133333333,86.51655211111114,100.0
00:08:36.716172,197024,524872.0,3.003,239324,637559.0,277864,740230.0,318096,847408.0,498200,1327206.0,900144,2397986.0,2.138632777777777,44.11866966666667,67.89150755555555,78.41164044444443,87.39647711111114,100.0
00:08:39.685805,194580,524185.0,2.969633,243084,654852.0,295160,795142.0,330880,891369.0,511360,1377570.0,888864,2394542.0,2.716896555555556,45.52439833333335,69.32129600000002,79.89187366666667,88.79452288888889,100.0
00:08:42.655438,201536,542925.0,2.969633,245152,660423.0,288768,777922.0,336332,906056.0,518692,1397322.0,927028,2497353.0,2.7616871111111125,45.07754033333332,68.93569344444444,79.75441944444444,88.97530633333332,100.0
00:08:45.625071,188752,508485.0,2.969633,230676,621426.0,266584,718160.0,302492,814893.0,498388,1342625.0,903716,2434552.0,3.431579888888891,47.37633722222225,70.12257577777777,80.80139044444445,89.71279977777776,100.0
00:08:48.594704,201348,542418.0,2.969633,238008,641178.0,279556,753105.0,313584,844775.0,485228,1307172.0,882660,2377829.0,2.8840307777777783,46.32570688888889,69.71104311111108,80.63321477777775,89.74950788888887,100.0
00:08:51.564337,206612,556599.0,2.969633,269216,725250.0,316216,851865.0,375436,1011400.0,538432,1450501.0,925148,2492289.0,0.0,43.40907633333333,67.99506966666668,78.90309844444445,88.11486999999998,100.0
00:08:54.567337,220524,587476.0,3.003,299672,798327.0,330316,879962.0,372428,992149.0,499328,1330211.0,871568,2321859.0,4.904726111111112,46.615834777777785,68.88073977777778,77.08961833333335,85.28122300000004,100.0
00:08:57.570337,159800,425707.0,3.003,298168,794320.0,362464,965605.0,398748,1062265.0,476580,1269610.0,764596,2036885.0,5.450284382022473,46.717608314606736,69.56190707865169,78.07322898876406,86.90756067415731,100.0
00:09:00.573337,164876,439230.0,3.003,299672,798327.0,375248,999661.0,395740,1054252.0,476392,1269109.0,775688,2066434.0,4.05908811111111,47.17925266666667,70.09068711111112,78.62073799999997,87.20029233333335,100.0
00:09:03.576337,166004,442235.0,3.003,302116,804837.0,374120,996656.0,399876,1065270.0,471504,1256087.0,775500,2065934.0,4.648832333333334,46.80983699999998,69.11255722222225,77.88716088888886,86.45337299999996,100.0
00:09:06.212304,141752,430208.0,2.635967,261320,793090.0,338024,1025882.0,388596,1179365.0,444432,1348824.0,698420,2119662.0,4.6942275,47.184104999999995,69.54781249999999,78.15513,86.6588375,100.0
