delta_t_s,640x270_size_byte,640x270_bitrate,seg_len_s,480x204_size_byte,480x204_bitrate,1920x810_size_byte,1920x810_bitrate,480x204_vmaf_score,640x270_vmaf_score,1920x810_vmaf_score
00:00:06,190162,493000.0,6.0,205761,295000.0,2731042,4492000.0,73.53628923076917,80.01988082417583,100.0
00:00:13.840000,86504,493000.0,7.84,75153,295000.0,2160505,4492000.0,44.65907193370164,58.10217353591159,100.0
00:00:19.840000,141109,493000.0,6.0,89187,295000.0,3737936,4492000.0,54.45055010989013,69.25949324175826,100.0
00:00:27.040000,179069,493000.0,7.199999999999999,108668,295000.0,5005709,4492000.0,46.342570497237595,58.39918806629835,100.0
00:00:34.400000,578041,493000.0,7.359999999999999,380371,295000.0,4734950,4492000.0,11.119647032967032,14.000619175824173,100.0
00:00:43.080000,429685,493000.0,8.68,222139,295000.0,5403094,4492000.0,26.36955574585634,29.46464922651933,100.0
00:00:51.680000,825563,493000.0,8.600000000000001,398772,295000.0,2260196,4492000.0,10.480655027624307,12.171672320441992,100.0
00:00:59.600000,773516,493000.0,7.920000000000002,363070,295000.0,5150191,4492000.0,23.23089824175826,26.07445752747252,100.0
00:01:07.080000,515854,493000.0,7.479999999999997,285652,295000.0,4151441,4492000.0,27.529733480663005,34.768963701657455,100.0
00:01:15.040000,542120,493000.0,7.960000000000008,289910,295000.0,2905291,4492000.0,22.63948923076923,29.036067692307704,100.0
00:01:22.560000,864563,493000.0,7.519999999999996,341392,295000.0,4584316,4492000.0,17.378281657458558,19.159236906077336,100.0
00:01:30.560000,828782,493000.0,8.0,332694,295000.0,4122575,4492000.0,17.638025824175827,18.592789285714293,100.0
00:01:39.200000,854534,493000.0,8.64,366030,295000.0,4026345,4492000.0,13.77118370165746,15.902158563535915,100.0
00:01:48.120000,983337,493000.0,8.920000000000002,370439,295000.0,3764499,4492000.0,18.117241538461542,19.78579417582417,100.0
00:01:54.200000,529131,493000.0,6.079999999999998,241294,295000.0,5102049,4492000.0,8.866975690607735,20.474700552486187,100.0
00:02:01.320000,441992,493000.0,7.11999999999999,255756,295000.0,3351597,4492000.0,22.130957142857138,25.923546868131886,100.0
00:02:08.520000,259694,493000.0,7.200000000000017,169555,295000.0,3842626,4492000.0,22.072945359116023,27.30112077348065,100.0
00:02:15.280000,265625,493000.0,6.759999999999991,203047,295000.0,3638178,4492000.0,30.54216197802198,42.7423214285714,100.0
00:02:23.640000,433474,493000.0,8.359999999999985,285268,295000.0,2323060,4492000.0,40.058917569060775,63.44208591160221,100.0
00:02:29.880000,722831,493000.0,6.240000000000009,318228,295000.0,3729322,4492000.0,18.4060904945055,38.092674835164836,100.0
00:02:37.360000,768643,493000.0,7.480000000000018,272542,295000.0,4880179,4492000.0,31.674947624309386,36.71065254143643,100.0
00:02:44.880000,682371,493000.0,7.519999999999982,301581,295000.0,4511649,4492000.0,33.93714434065935,44.402137087912095,100.0
00:02:51.160000,304088,493000.0,6.280000000000001,263346,295000.0,4322141,4492000.0,50.12692895027625,57.843861546961335,100.0
00:03:00.040000,385833,493000.0,8.879999999999995,350234,295000.0,4120776,4492000.0,40.70121329670329,46.20340472527474,100.0
00:03:06.560000,329977,493000.0,6.52000000000001,247705,295000.0,4112511,4492000.0,32.3161887845304,40.45965961325967,100.0
00:03:12.560000,231637,493000.0,6.0,164733,295000.0,4639899,4492000.0,45.498442527472534,59.162425054945054,100.0
00:03:18.880000,369254,493000.0,6.319999999999993,273556,295000.0,2356332,4492000.0,30.926708121546984,37.00722701657461,100.0
00:03:25.880000,458042,493000.0,7.0,288056,295000.0,4442008,4492000.0,30.36025318681319,36.109070934065954,100.0
00:03:34.240000,873110,493000.0,8.360000000000014,393897,295000.0,5955945,4492000.0,17.934728839779,18.6473191160221,100.0
00:03:40.240000,292628,493000.0,6.0,225465,295000.0,3838437,4492000.0,41.58776467032962,42.72227483516478,100.0
00:03:46.960000,285355,493000.0,6.719999999999999,183587,295000.0,3276884,4492000.0,10.92239685082873,11.235735248618784,100.0
00:03:55.160000,573670,493000.0,8.199999999999989,295936,295000.0,4285989,4492000.0,5.6836177472527485,6.410999230769234,100.0
00:04:01.800000,307053,493000.0,6.640000000000015,261291,295000.0,4460948,4492000.0,9.90727823204419,10.66925779005525,100.0
00:04:10.280000,446111,493000.0,8.47999999999999,222741,295000.0,4688730,4492000.0,15.782218846153857,18.441159890109876,100.0
00:04:17.640000,360576,493000.0,7.359999999999985,244220,295000.0,5145798,4492000.0,9.442111160220994,10.261509999999998,100.0
00:04:26.560000,421927,493000.0,8.920000000000016,242747,295000.0,4097403,4492000.0,25.63015445054945,30.292423186813192,100.0
00:04:33.200000,534749,493000.0,6.639999999999986,209373,295000.0,4504608,4492000.0,15.423368895027627,16.390115580110496,100.0
00:04:41.440000,506308,493000.0,8.240000000000009,425594,295000.0,4965663,4492000.0,34.853780164835165,39.50371208791208,100.0
00:04:49.600000,382640,493000.0,8.160000000000025,201684,295000.0,3272801,4492000.0,37.40423,45.96907425414363,100.0
00:04:57.080000,461352,493000.0,7.479999999999961,277643,295000.0,5342517,4492000.0,7.593011263736263,9.400225164835161,100.0
00:05:04.480000,591416,493000.0,7.400000000000034,299210,295000.0,4630837,4492000.0,24.042983535911617,30.807588397790095,100.0
00:05:11.200000,446462,493000.0,6.71999999999997,333397,295000.0,4473777,4492000.0,27.98139923076922,38.25177302197804,100.0
00:05:17.840000,448653,493000.0,6.639999999999986,266568,295000.0,3861495,4492000.0,39.69853955801106,48.81165701657459,100.0
00:05:26.160000,421261,493000.0,8.32000000000005,267371,295000.0,4341704,4492000.0,40.520816538461546,49.21277736263734,100.0
00:05:33.200000,561304,493000.0,7.039999999999964,228958,295000.0,4305717,4492000.0,26.97991723756906,32.48592132596685,100.0
00:05:41.040000,448879,493000.0,7.840000000000032,316034,295000.0,3265382,4492000.0,28.040581263736275,34.56867280219781,100.0
00:05:47.040000,428097,493000.0,6.0,342650,295000.0,3090858,4492000.0,19.45876861878453,5.011780773480664,100.0
00:05:54.440000,316235,493000.0,7.399999999999977,245805,295000.0,3908405,4492000.0,34.09672648351646,23.4262460989011,100.0
00:06:00.440000,230826,493000.0,6.0,287274,295000.0,4192421,4492000.0,32.07346679558011,38.12521668508287,100.0
00:06:09.080000,437670,493000.0,8.639999999999986,196691,295000.0,3989339,4492000.0,18.479046758241772,5.547148626373624,100.0
00:06:16.920000,370591,493000.0,7.840000000000032,343621,295000.0,4299857,4492000.0,44.53068038674033,42.214665469613266,100.0
00:06:22.920000,298332,493000.0,6.0,359337,295000.0,4437504,4492000.0,37.190789120879145,54.691190054945054,100.0
00:06:28.320000,322525,493000.0,5.399999999999977,237711,295000.0,4581045,4492000.0,54.24129397790056,68.24697143646404,100.0
00:06:32,13559,493000.0,3.680000000000007,241488,295000.0,1680993,4492000.0,54.24129397790056,68.24697143646404,100.0
