delta_t_s,640x360_size_byte,640x360_bitrate,seg_len_s,480x270_size_byte,480x270_bitrate,1920x1080_size_byte,1920x1080_bitrate,1280x720_size_byte,1280x720_bitrate,480x270_vmaf_score,640x360_vmaf_score,1280x720_vmaf_score,1920x1080_vmaf_score
00:00:06,15175,640000.0,6.0,19324,299000.0,52709,3839000.0,31708,2057000.0,23.52863988888881,67.05732655555559,93.35698144444434,100.0
00:00:12,12572,640000.0,6.0,8710,299000.0,36658,3839000.0,23344,2057000.0,52.58752547486029,77.90280379888272,92.26017972067046,100.0
00:00:18,91457,640000.0,6.0,114514,299000.0,772600,3839000.0,377038,2057000.0,18.540178491620125,62.748706592178756,87.91385435754191,100.0
00:00:24,340929,640000.0,6.0,253850,299000.0,3033778,3839000.0,1369561,2057000.0,16.996348833333325,64.29475672222223,89.10787555555554,100.0
00:00:30,472118,640000.0,6.0,246963,299000.0,3407590,3839000.0,1616986,2057000.0,16.51313458100558,65.21373525139667,90.00078368715083,100.0
00:00:36,547092,640000.0,6.0,244131,299000.0,3489056,3839000.0,1710785,2057000.0,2.255441117318436,12.35818212290503,17.045517653631286,100.0
00:00:42,581629,640000.0,6.0,254916,299000.0,3352224,3839000.0,1841719,2057000.0,3.149124469273742,20.46878022346369,28.672241284916186,100.0
00:00:48,572006,640000.0,6.0,252088,299000.0,3144689,3839000.0,1733290,2057000.0,4.580179777777777,21.9182963888889,31.054983000000007,100.0
00:00:54,565021,640000.0,6.0,244326,299000.0,3190480,3839000.0,1836531,2057000.0,0.0,4.8366636312849165,9.660834692737431,100.0
00:01:00,622175,640000.0,6.0,254282,299000.0,3661927,3839000.0,2032757,2057000.0,6.585571229050283,35.1669649162011,49.451457039106174,100.0
00:01:06,453533,640000.0,6.0,243056,299000.0,3014657,3839000.0,1520144,2057000.0,3.298205251396648,22.215652960893852,31.0503251396648,100.0
00:01:12,634001,640000.0,6.0,252700,299000.0,3636180,3839000.0,2026046,2057000.0,5.153165777777778,26.218132277777784,36.7378763888889,100.0
00:01:18,590521,640000.0,6.0,254342,299000.0,3651481,3839000.0,2038902,2057000.0,7.019114469273743,32.70627,44.8083668715084,100.0
00:01:24,601535,640000.0,6.0,240953,299000.0,3504776,3839000.0,1891818,2057000.0,9.075453184357542,38.47680759776536,53.123566927374284,100.0
00:01:30,559366,640000.0,6.0,254492,299000.0,3326582,3839000.0,1622342,2057000.0,16.139991508379893,48.848529329608915,63.95902530726253,100.0
00:01:36,469839,640000.0,6.0,242531,299000.0,2716924,3839000.0,1522598,2057000.0,2.8006678333333337,18.273264944444442,27.018602833333333,100.0
00:01:42,560404,640000.0,6.0,246856,299000.0,3239311,3839000.0,1770989,2057000.0,9.476582290502792,41.90775553072627,56.70630759776537,100.0
00:01:48,460678,640000.0,6.0,249302,299000.0,2757080,3839000.0,1364643,2057000.0,18.523693463687156,64.26864379888274,85.57278424581008,100.0
00:01:54,293669,640000.0,6.0,203603,299000.0,1928801,3839000.0,958549,2057000.0,10.839208435754191,44.63981458100558,62.53018441340783,100.0
00:02:00,488642,640000.0,6.0,253417,299000.0,2984264,3839000.0,1614124,2057000.0,4.9927947222222215,21.974178999999996,31.40465461111112,100.0
00:02:06,563080,640000.0,6.0,260887,299000.0,3589732,3839000.0,1853581,2057000.0,4.489496648044692,20.249601955307256,27.88321558659218,100.0
00:02:12,611792,640000.0,6.0,249705,299000.0,3666940,3839000.0,2013058,2057000.0,1.071701061452514,10.92724960893855,16.841359106145262,100.0
00:02:18,597734,640000.0,6.0,242774,299000.0,3338448,3839000.0,1823687,2057000.0,5.335880782122904,26.808633240223454,37.39908603351955,100.0
00:02:24,593974,640000.0,6.0,247597,299000.0,3254363,3839000.0,1810224,2057000.0,5.929114611111111,29.986695166666667,41.27242644444445,100.0
00:02:30,658788,640000.0,6.0,249080,299000.0,3162596,3839000.0,1865368,2057000.0,7.377830614525143,39.0600912290503,54.41336614525136,100.0
00:02:36,605986,640000.0,6.0,257689,299000.0,3356696,3839000.0,1898038,2057000.0,17.39649340782123,56.28563553072625,76.02622178770949,100.0
00:02:42,213614,640000.0,6.0,137815,299000.0,1398900,3839000.0,703895,2057000.0,10.993974357541902,34.061831452513964,44.69697083798885,100.0
00:02:48,615522,640000.0,6.0,263910,299000.0,3137140,3839000.0,1835151,2057000.0,5.619901229050277,29.176651229050268,40.72208145251398,100.0
00:02:54,573239,640000.0,6.0,246342,299000.0,3060282,3839000.0,1660997,2057000.0,1.5406341111111115,8.989469333333334,13.008991722222229,100.0
00:03:00,626961,640000.0,6.0,252730,299000.0,3899254,3839000.0,2157366,2057000.0,4.2483712849162,21.16835877094972,77.33150296089384,100.0
00:03:06,562963,640000.0,6.0,244969,299000.0,3539430,3839000.0,1920356,2057000.0,4.82934754189944,18.905257039106147,90.88684810055867,100.0
00:03:12,525826,640000.0,6.0,253036,299000.0,3287589,3839000.0,1715220,2057000.0,0.3207298324022346,3.69367782122905,91.72305508379885,100.0
00:03:18,544522,640000.0,6.0,248142,299000.0,3238215,3839000.0,1727778,2057000.0,7.1213038888888835,25.78231505555555,89.57266016666667,100.0
00:03:24,374761,640000.0,6.0,244526,299000.0,2433028,3839000.0,1203973,2057000.0,1.7209693296089386,8.086277262569832,20.757022849162016,100.0
00:03:30,648132,640000.0,6.0,256366,299000.0,3974566,3839000.0,2228898,2057000.0,5.410205251396649,25.010062960893848,33.888544804469255,100.0
00:03:36,512769,640000.0,6.0,240188,299000.0,3032595,3839000.0,1574945,2057000.0,13.617297150838,46.16045994413404,60.961032793296084,100.0
00:03:42,495202,640000.0,6.0,255965,299000.0,2901626,3839000.0,1483363,2057000.0,8.654704222222218,32.940970444444446,44.26433305555553,100.0
00:03:48,504597,640000.0,6.0,246471,299000.0,3158499,3839000.0,1613435,2057000.0,0.5364681005586592,3.5043013407821224,5.5202271508379885,100.0
00:03:54,620844,640000.0,6.0,250164,299000.0,3576779,3839000.0,2053955,2057000.0,5.514032402234638,27.597446815642463,37.2353195530726,100.0
00:04:00,584816,640000.0,6.0,244786,299000.0,2976625,3839000.0,1645939,2057000.0,1.9877951396648048,16.43674061452513,22.992522737430168,100.0
00:04:06,655921,640000.0,6.0,252511,299000.0,3725682,3839000.0,2108875,2057000.0,0.34515400000000007,5.254250055555556,8.450611888888888,100.0
00:04:12,652340,640000.0,6.0,253380,299000.0,3815305,3839000.0,2240742,2057000.0,3.8708949162011153,21.318566759776544,28.978149776536334,100.0
00:04:18,556468,640000.0,6.0,243930,299000.0,3459464,3839000.0,1834595,2057000.0,15.028806424581006,45.94664759776537,60.3018831284916,100.0
00:04:24,387461,640000.0,6.0,230235,299000.0,2390023,3839000.0,1225113,2057000.0,18.15206346368715,49.20669223463687,64.23408357541902,100.0
00:04:30,339911,640000.0,6.0,264596,299000.0,2427853,3839000.0,1180138,2057000.0,67.16960611111129,82.31669111111133,90.45656238888903,100.0
00:04:36,92139,640000.0,6.0,113863,299000.0,684251,3839000.0,312489,2057000.0,20.350950614525114,63.33655547486039,92.19017491620116,100.0
00:04:40.800000,13643,640000.0,4.800000000000011,9390,299000.0,43982,3839000.0,28012,2057000.0,20.350950614525114,63.33655547486039,92.19017491620116,100.0
