delta_t_s,640x360_size_byte,640x360_bitrate,seg_len_s,426x240_size_byte,426x240_bitrate,1920x1080_size_byte,1920x1080_bitrate,1280x720_size_byte,1280x720_bitrate,960x540_size_byte,960x540_bitrate,426x240_vmaf_score,640x360_vmaf_score,960x540_vmaf_score,1280x720_vmaf_score,1920x1080_vmaf_score
00:00:06.006000,21823,503000.0,6.006,14913,313000.0,62983,4985000.0,44878,2544000.0,33108,1330000.0,23.986948333333334,66.51828020833342,83.75753875000014,90.71187958333333,100.0
00:00:12.012000,298448,503000.0,6.006,199407,313000.0,2039272,4985000.0,1338426,2544000.0,619789,1330000.0,47.935875277777775,68.98526076388885,82.05198006944437,90.5047792361111,100.0
00:00:18.018000,408302,503000.0,6.006,256881,313000.0,3761127,4985000.0,2078052,2544000.0,1091839,1330000.0,51.57127430555557,69.21790548611114,86.75062687499997,93.67165888888889,100.0
00:00:24.024000,372039,503000.0,6.006,234299,313000.0,2780779,4985000.0,1502609,2544000.0,853457,1330000.0,22.35340041666668,72.13792097222225,85.45705722222222,91.43221708333338,100.0
00:00:30.030000,399663,503000.0,6.006,254543,313000.0,4007369,4985000.0,2162863,2544000.0,1033264,1330000.0,14.617816388888883,63.907056319444436,82.19277840277779,91.4633641666667,100.0
00:00:36.036000,360510,503000.0,6.006,237675,313000.0,3427239,4985000.0,1753714,2544000.0,917636,1330000.0,13.972887361111109,62.078740763888874,79.31795173611108,90.46195298611109,100.0
00:00:42.042000,377596,503000.0,6.006,223779,313000.0,4466565,4985000.0,1934479,2544000.0,964321,1330000.0,6.047130277777776,65.68140625000004,83.49465833333335,91.15921250000002,100.0
00:00:48.048000,431296,503000.0,6.006,257874,313000.0,4361233,4985000.0,2230948,2544000.0,1246312,1330000.0,4.086890486111111,68.49623256944444,83.58213590277785,88.5008653472222,100.0
00:00:54.054000,382203,503000.0,6.006,243326,313000.0,3754276,4985000.0,1891264,2544000.0,1115223,1330000.0,2.8912831944444433,65.8340507638889,85.28789680555555,92.6030436111111,100.0
00:01:00.060000,437177,503000.0,6.006,268689,313000.0,4116862,4985000.0,2215629,2544000.0,1212767,1330000.0,1.2223097222222223,65.59077652777778,85.68140638888885,94.09501826388893,100.0
00:01:06.066000,398688,503000.0,6.006,236205,313000.0,4201011,4985000.0,1979855,2544000.0,1131669,1330000.0,2.7844602777777796,56.0878152777778,77.65374486111111,85.93454569444442,100.0
00:01:12.072000,398353,503000.0,6.006,240405,313000.0,4189652,4985000.0,1913819,2544000.0,1087662,1330000.0,5.748489583333334,74.90190708333326,85.58085979166668,91.43184090277778,100.0
00:01:18.078000,432949,503000.0,6.006,250168,313000.0,3529854,4985000.0,1850955,2544000.0,978882,1330000.0,0.8002251388888889,57.70577958333331,72.10185562499998,89.80393548611111,100.0
00:01:24.084000,385643,503000.0,6.006,236497,313000.0,3804966,4985000.0,2238160,2544000.0,1015897,1330000.0,0.0,58.390974791666686,75.82190805555558,90.57198895833338,100.0
00:01:30.090000,400567,503000.0,6.006,244445,313000.0,4266963,4985000.0,2048567,2544000.0,1141039,1330000.0,0.6861397222222222,68.22463777777773,80.17890041666664,89.94503430555558,100.0
00:01:36.096000,389238,503000.0,6.006,241798,313000.0,4513026,4985000.0,2235037,2544000.0,1017883,1330000.0,0.22530618055555557,68.21526694444444,83.89204048611109,92.9731829166667,100.0
00:01:42.102000,409077,503000.0,6.006,264226,313000.0,3303219,4985000.0,1880205,2544000.0,1023905,1330000.0,3.459277291666667,68.72513374999997,82.24573458333337,92.839110625,100.0
00:01:48.108000,398334,503000.0,6.006,239977,313000.0,3610184,4985000.0,2044332,2544000.0,1040114,1330000.0,0.08649868055555555,44.38252743055557,75.37324756944444,86.33175131944449,100.0
00:01:54.114000,394502,503000.0,6.006,240236,313000.0,5004648,4985000.0,2275964,2544000.0,1201251,1330000.0,1.663897013888889,57.04276888888887,79.09578534722226,88.94545312500001,100.0
00:02:00.120000,396205,503000.0,6.006,251652,313000.0,3463246,4985000.0,1785292,2544000.0,1099648,1330000.0,3.1318203496503507,68.38186986013984,83.8137272027972,91.82199230769224,100.0
00:02:06.126000,396120,503000.0,6.006,235575,313000.0,3231617,4985000.0,1767823,2544000.0,901563,1330000.0,1.0770359027777778,71.0718163888889,85.39678569444446,92.06305493055552,100.0
00:02:12.132000,385470,503000.0,6.006,239395,313000.0,3279627,4985000.0,1673249,2544000.0,903615,1330000.0,3.1883393750000004,73.43790277777778,87.98107291666662,93.22417715277778,100.0
00:02:18.138000,401802,503000.0,6.006,241406,313000.0,4708605,4985000.0,2198020,2544000.0,1071429,1330000.0,0.7433559027777777,59.00976937500003,82.75157,91.82213333333328,100.0
00:02:24.144000,398575,503000.0,6.006,248055,313000.0,4597994,4985000.0,2172951,2544000.0,1108721,1330000.0,19.77821527777777,57.09658819444442,80.33427361111113,89.27522520833332,100.0
00:02:30.150000,345780,503000.0,6.006,205152,313000.0,3713752,4985000.0,1887736,2544000.0,1025413,1330000.0,9.676935069444445,72.39244569444446,88.38083062500002,92.79999687500003,100.0
00:02:36.156000,410334,503000.0,6.006,249327,313000.0,3950550,4985000.0,2027275,2544000.0,1146071,1330000.0,0.9766616666666663,65.92777763888888,84.55655076388891,92.39305750000004,100.0
00:02:42.162000,367844,503000.0,6.006,236840,313000.0,3436134,4985000.0,1861001,2544000.0,978402,1330000.0,0.7749592361111111,73.01752319444444,89.14912229166667,95.069765625,100.0
00:02:48.168000,417007,503000.0,6.006,256019,313000.0,3852725,4985000.0,2054033,2544000.0,1124027,1330000.0,2.445868402777778,74.35185583333332,89.9382761111111,95.18227819444449,100.0
00:02:54.174000,400122,503000.0,6.006,244679,313000.0,3162410,4985000.0,1768790,2544000.0,984308,1330000.0,3.966002708333334,63.99185763888892,82.37687979166667,91.75296041666671,100.0
00:03:00.180000,381715,503000.0,6.006,243327,313000.0,3931785,4985000.0,1986926,2544000.0,1002886,1330000.0,7.6785759027777765,58.665504166666665,85.58046743055556,93.2557988888889,100.0
00:03:06.186000,394953,503000.0,6.006,246457,313000.0,4587923,4985000.0,2127559,2544000.0,1134983,1330000.0,2.1905157342657353,64.41319853146851,85.86508727272728,93.36732062937055,100.0
00:03:12.192000,435990,503000.0,6.006,262618,313000.0,4322857,4985000.0,2218099,2544000.0,1256207,1330000.0,1.4319879166666667,70.78684895833337,87.06893298611107,94.18523305555551,100.0
00:03:18.198000,352063,503000.0,6.006,220040,313000.0,3571650,4985000.0,1689341,2544000.0,938569,1330000.0,1.4069010416666663,71.76546152777776,86.11918576388888,92.96078729166669,100.0
00:03:24.204000,373298,503000.0,6.006,236703,313000.0,3492375,4985000.0,1866175,2544000.0,918170,1330000.0,0.8396196527777778,57.47875812500001,80.36936180555556,92.24081423611109,100.0
00:03:30.210000,421378,503000.0,6.006,271938,313000.0,4636068,4985000.0,2242929,2544000.0,1097738,1330000.0,0.11279305555555556,64.25953979166671,83.23433986111102,91.18203409722224,100.0
00:03:36.216000,351389,503000.0,6.006,225750,313000.0,3802437,4985000.0,1803843,2544000.0,962812,1330000.0,0.8932871527777778,70.21839354166667,85.40490333333335,92.01948847222222,100.0
00:03:42.222000,365785,503000.0,6.006,234172,313000.0,2813238,4985000.0,1632643,2544000.0,849925,1330000.0,1.500132152777778,73.79556576388886,85.04075763888885,92.16011868055557,100.0
00:03:48.228000,399866,503000.0,6.006,247335,313000.0,3134363,4985000.0,1539322,2544000.0,813800,1330000.0,0.0,68.92036979166666,84.58179055555557,93.58863916666664,100.0
00:03:54.234000,362854,503000.0,6.006,238890,313000.0,3022060,4985000.0,1507078,2544000.0,806488,1330000.0,0.023473055555555553,62.50192326388891,81.21356833333333,91.38599680555555,100.0
00:04:00.240000,415318,503000.0,6.006,258492,313000.0,4035421,4985000.0,1992375,2544000.0,1012320,1330000.0,3.196854513888889,57.53198131944445,77.67008555555556,88.80713263888892,100.0
00:04:06.246000,385909,503000.0,6.006,243587,313000.0,4189594,4985000.0,2040163,2544000.0,1020215,1330000.0,6.997924335664335,66.82321664335667,83.07882965034966,90.50273832167831,100.0
00:04:12.252000,353002,503000.0,6.006,220715,313000.0,2594298,4985000.0,1478823,2544000.0,826637,1330000.0,0.36255520833333343,57.93978333333335,75.85992826388888,88.72480249999995,100.0
00:04:18.258000,356399,503000.0,6.005999999999972,244292,313000.0,3602042,4985000.0,2023209,2544000.0,953127,1330000.0,0.008383472222222223,55.793604583333334,75.9346176388889,88.47755277777779,100.0
00:04:24.264000,400429,503000.0,6.006000000000029,247531,313000.0,4132243,4985000.0,2094560,2544000.0,1052840,1330000.0,0.5236138888888888,54.394770694444446,76.83962847222224,88.97758215277779,100.0
00:04:30.270000,386774,503000.0,6.005999999999972,244683,313000.0,3621108,4985000.0,2050487,2544000.0,1008597,1330000.0,3.1364686805555557,60.5216323611111,79.03892777777779,91.03370124999998,100.0
00:04:36.276000,380135,503000.0,6.006000000000029,233769,313000.0,3761136,4985000.0,2034567,2544000.0,1021411,1330000.0,3.1066183333333335,57.288772499999986,74.3135590277778,89.29097673611108,100.0
00:04:42.282000,403843,503000.0,6.005999999999972,255084,313000.0,4069189,4985000.0,2150161,2544000.0,1099290,1330000.0,3.650455694444446,52.578739930555564,74.17704333333336,86.6028238888889,100.0
00:04:48.288000,363667,503000.0,6.006000000000029,223087,313000.0,4338089,4985000.0,1901949,2544000.0,1018228,1330000.0,3.375420972222222,47.453005694444435,70.82040909722227,85.12820687499999,100.0
00:04:54.294000,340390,503000.0,6.005999999999972,221381,313000.0,3798284,4985000.0,1909757,2544000.0,920803,1330000.0,4.828487500000001,39.132565138888886,66.30931749999996,82.66502430555556,100.0
00:05:00.300000,365255,503000.0,6.006000000000029,244772,313000.0,4534750,4985000.0,2177725,2544000.0,1035425,1330000.0,12.040808958333335,52.987555138888894,77.89235208333336,90.17743902777777,100.0
00:05:06.306000,412476,503000.0,6.005999999999972,263753,313000.0,4874722,4985000.0,2304609,2544000.0,1212270,1330000.0,16.02856694444444,59.234375972222196,76.58892388888893,89.50923937499999,100.0
00:05:12.312000,392717,503000.0,6.006000000000029,229552,313000.0,3868730,4985000.0,1961261,2544000.0,1115846,1330000.0,41.349464895104894,67.59950349650349,79.64421118881118,92.70438468531468,100.0
00:05:18.151145,295632,503000.0,5.839145833333305,181460,313000.0,3015643,4985000.0,1722677,2544000.0,862329,1330000.0,97.42804,97.42804,98.4737,97.42804,100.0
