delta_t_s,640x360_size_byte,640x360_bitrate,seg_len_s,1280x720_size_byte,1280x720_bitrate,1920x1080_size_byte,1920x1080_bitrate,960x540_size_byte,960x540_bitrate,640x360_vmaf_score,960x540_vmaf_score,1280x720_vmaf_score,1920x1080_vmaf_score
00:00:06.006000,390805,492000.0,6.006,2476547,2458000.0,4905464,4922000.0,1112594,1498000.0,31.88261837988829,53.280693072625674,66.13079522346372,100.0
00:00:12.012000,399201,492000.0,6.006,2270293,2458000.0,4655426,4922000.0,1195440,1498000.0,52.796355027932954,75.76821083798883,76.08217983240225,100.0
00:00:18.018000,384280,492000.0,6.006,1549728,2458000.0,3210837,4922000.0,1127137,1498000.0,60.52536128491617,82.40066793296089,81.29367287709495,100.0
00:00:24.024000,348945,492000.0,6.006,1376011,2458000.0,2958462,4922000.0,1082518,1498000.0,46.76945424581005,72.25007167597765,80.45155565826336,100.0
00:00:30.030000,423521,492000.0,6.006,2268974,2458000.0,4365234,4922000.0,1201341,1498000.0,48.73132402234636,73.50054418994414,79.98728488826818,100.0
00:00:36.036000,401461,492000.0,6.006,1844236,2458000.0,3690014,4922000.0,1173567,1498000.0,54.934345251396685,78.47755553072628,80.54362430167598,100.0
00:00:42.042000,284484,492000.0,6.006,1019223,2458000.0,2194093,4922000.0,1025263,1498000.0,44.72913960893856,68.23893888268158,77.19381198324021,100.0
00:00:48.048000,367393,492000.0,6.006,2279632,2458000.0,4605241,4922000.0,1192500,1498000.0,45.57069692737429,66.30751463687152,74.18724837535005,100.0
00:00:54.054000,416106,492000.0,6.006,2104225,2458000.0,4253818,4922000.0,1233451,1498000.0,49.24587421348315,73.651299494382,78.78252103351954,100.0
00:01:00.060000,332286,492000.0,6.006,1552512,2458000.0,3166333,4922000.0,1109590,1498000.0,52.13689156424579,76.09299675977664,79.0333975418994,100.0
00:01:06.066000,353758,492000.0,6.006,1490074,2458000.0,3085418,4922000.0,1129123,1498000.0,55.423022234636875,78.66323011173188,80.55350279329606,100.0
00:01:12.072000,348208,492000.0,6.006,1252954,2458000.0,2640954,4922000.0,1077296,1498000.0,55.667499162011154,79.13550519553074,80.47589369747902,100.0
00:01:18.078000,268734,492000.0,6.006,1027053,2458000.0,2204078,4922000.0,1014366,1498000.0,51.57226117318437,75.26395977653625,79.34216033519546,100.0
00:01:24.084000,348400,492000.0,6.006,1658630,2458000.0,3313310,4922000.0,1072144,1498000.0,36.58303039106147,65.64565223463686,72.63579148044701,100.0
00:01:30.090000,368052,492000.0,6.006,2287361,2458000.0,4706924,4922000.0,1170897,1498000.0,39.334473575419,65.23925569832404,71.38458698324024,100.0
00:01:36.096000,408145,492000.0,6.006,2123633,2458000.0,4241709,4922000.0,1188926,1498000.0,38.9080519553073,64.40121698324023,70.70553368715086,100.0
00:01:42.102000,421699,492000.0,6.006,2216004,2458000.0,4418167,4922000.0,1211964,1498000.0,46.794328491620085,72.33734497206703,76.37980624649866,100.0
00:01:48.108000,384542,492000.0,6.006,1720956,2458000.0,3379803,4922000.0,1188891,1498000.0,56.80585691011234,79.94844443820222,80.75479740223464,100.0
00:01:54.114000,313258,492000.0,6.006,1536152,2458000.0,3135574,4922000.0,1237337,1498000.0,36.96991351955307,64.8886166480447,72.82714446927378,100.0
00:02:00.120000,383063,492000.0,6.006,2399314,2458000.0,4904038,4922000.0,1169136,1498000.0,44.86861765363127,70.26750430167597,76.1869569273743,100.0
00:02:06.126000,420661,492000.0,6.006,2075054,2458000.0,4168606,4922000.0,1198219,1498000.0,40.520013854748605,67.725568547486,74.32869593837532,100.0
00:02:12.132000,406938,492000.0,6.006,2164899,2458000.0,4285965,4922000.0,1261703,1498000.0,46.66256061452515,73.01388078212287,79.43092935754196,100.0
00:02:18.138000,441582,492000.0,6.006,1979205,2458000.0,3770535,4922000.0,1221251,1498000.0,43.56725692737432,73.69652525139662,80.00208974860332,100.0
00:02:24.144000,403576,492000.0,6.006,2173472,2458000.0,4336561,4922000.0,1221299,1498000.0,50.476828938547484,76.10969106145257,77.48132499999994,100.0
00:02:30.150000,386391,492000.0,6.006,1734914,2458000.0,3645671,4922000.0,1141975,1498000.0,52.21999441340784,76.34751229050273,80.80299736694681,100.0
00:02:36.156000,421799,492000.0,6.006,2043801,2458000.0,3816502,4922000.0,1198386,1498000.0,45.987272346368705,71.3221746368715,78.484036396648,100.0
00:02:42.162000,432591,492000.0,6.006,2096685,2458000.0,4004574,4922000.0,1266800,1498000.0,36.287207921348305,59.966192696629236,67.38374622905027,100.0
00:02:48.168000,387134,492000.0,6.006,2268354,2458000.0,5057239,4922000.0,1199576,1498000.0,40.80740966480446,64.32856675977655,70.41647846368711,100.0
00:02:54.174000,447606,492000.0,6.006,2191057,2458000.0,4340053,4922000.0,1251148,1498000.0,42.55635111731844,69.82708430167597,74.32472862745097,100.0
00:03:00.180000,409135,492000.0,6.006,2107000,2458000.0,4135683,4922000.0,1234565,1498000.0,46.35500860335196,71.16594173184353,77.86652790502794,100.0
00:03:06.186000,302918,492000.0,6.006,1574013,2458000.0,2980068,4922000.0,1063190,1498000.0,49.83164804469271,73.11003156424582,80.0128120949721,100.0
00:03:12.192000,382320,492000.0,6.006,1691336,2458000.0,3253723,4922000.0,1267705,1498000.0,55.63761368715082,79.3491022905028,81.50287550279329,100.0
00:03:18.198000,250411,492000.0,6.006,894022,2458000.0,1831881,4922000.0,1097236,1498000.0,59.312346871508396,81.7190044134078,82.26650391061453,100.0
00:03:24.204000,264627,492000.0,6.006,1268813,2458000.0,2478552,4922000.0,1017131,1498000.0,46.973543519553075,69.30498765363127,79.02950577030819,100.0
00:03:30.210000,362970,492000.0,6.006,2366438,2458000.0,4639210,4922000.0,1090416,1498000.0,46.75803223463691,69.51979430167596,78.20756692737432,100.0
00:03:36.216000,339735,492000.0,6.006,2076012,2458000.0,4353546,4922000.0,1022794,1498000.0,43.277297415730345,65.85616511235956,74.84916153631288,100.0
00:03:42.222000,420686,492000.0,6.006,2145348,2458000.0,4268854,4922000.0,1194974,1498000.0,55.53706335195533,77.77910821229057,79.91902726256984,100.0
00:03:48.228000,326303,492000.0,6.006,1307956,2458000.0,2613900,4922000.0,1127414,1498000.0,49.72166435754191,73.93940653631283,81.28596910364143,100.0
00:03:54.234000,383998,492000.0,6.006,1739869,2458000.0,3362735,4922000.0,1117350,1498000.0,45.907895027932994,71.38557737430165,79.82703067039104,100.0
00:04:00.240000,418099,492000.0,6.006,2355988,2458000.0,4460904,4922000.0,1159933,1498000.0,32.928698324022356,59.50615905027931,67.69017416201116,100.0
00:04:06.246000,447166,492000.0,6.006,2314146,2458000.0,4866346,4922000.0,1286090,1498000.0,31.199881117318427,58.63639692737431,65.79602036312846,100.0
00:04:12.252000,408113,492000.0,6.006,2122068,2458000.0,4233902,4922000.0,1266219,1498000.0,50.27092726256985,73.66870849162011,80.24635890756298,100.0
00:04:18.258000,345063,492000.0,6.005999999999972,1479701,2458000.0,2878972,4922000.0,1027776,1498000.0,52.93389357541902,75.81202603351953,81.11756363128492,100.0
00:04:24.264000,310918,492000.0,6.006000000000029,1421268,2458000.0,2867957,4922000.0,1077081,1498000.0,52.88457318435758,75.54601128491622,80.02427723463684,100.0
00:04:30.270000,276334,492000.0,6.005999999999972,1472963,2458000.0,2964542,4922000.0,1028456,1498000.0,48.70200483146068,73.16346449438201,81.59242005586593,100.0
00:04:36.276000,379274,492000.0,6.006000000000029,2333618,2458000.0,4543388,4922000.0,1027775,1498000.0,50.15235480446929,74.25494346368716,81.26386324022343,100.0
00:04:42.282000,412016,492000.0,6.005999999999972,2114359,2458000.0,4425089,4922000.0,1056088,1498000.0,49.79678162011172,73.65638229050275,80.51834845938377,100.0
00:04:48.288000,404554,492000.0,6.006000000000029,2045886,2458000.0,4181768,4922000.0,1086673,1498000.0,45.93317223463688,70.69616614525137,78.47489162011168,100.0
00:04:54.294000,421280,492000.0,6.005999999999972,2210650,2458000.0,4391371,4922000.0,1139092,1498000.0,36.29579368715083,63.51315284916197,69.2420001955307,100.0
00:05:00.300000,406965,492000.0,6.006000000000029,2192755,2458000.0,4469356,4922000.0,1215927,1498000.0,43.088224860335174,69.84990865921783,77.75301237430175,100.0
00:05:06.306000,391975,492000.0,6.005999999999972,1787774,2458000.0,3527477,4922000.0,1109101,1498000.0,49.70843603351953,72.4864140782123,82.25572739495796,100.0
00:05:12.312000,370899,492000.0,6.006000000000029,1911299,2458000.0,3432955,4922000.0,1071180,1498000.0,52.32939284916201,76.46412575418991,81.373988519553,100.0
00:05:18.318000,374385,492000.0,6.005999999999972,2134469,2458000.0,4311648,4922000.0,1029759,1498000.0,51.3507049162011,76.66455977653632,81.79700100558657,100.0
00:05:24.324000,457135,492000.0,6.006000000000029,2198905,2458000.0,4288187,4922000.0,1269367,1498000.0,49.22527407821231,75.00804078212293,80.43591304469274,100.0
00:05:30.330000,388087,492000.0,6.005999999999972,1891759,2458000.0,3913256,4922000.0,1219298,1498000.0,56.136605674157316,78.48051926966289,80.88366549019604,100.0
00:05:36.336000,293165,492000.0,6.006000000000029,1173683,2458000.0,2463934,4922000.0,1025370,1498000.0,50.335328826815626,74.28079770949721,80.67383779329614,100.0
00:05:42.342000,327860,492000.0,6.005999999999972,2063132,2458000.0,3993043,4922000.0,1043269,1498000.0,46.36611530726256,73.29272167597763,79.51198754189947,100.0
00:05:48.348000,411420,492000.0,6.006000000000029,2130738,2458000.0,4558430,4922000.0,1164482,1498000.0,52.82633603351955,76.02206396648047,81.444739972067,100.0
00:05:54.354000,426114,492000.0,6.005999999999972,1736057,2458000.0,3107743,4922000.0,1123639,1498000.0,54.052614804469236,77.29608039106148,83.25538260504197,100.0
00:06:00.360000,421907,492000.0,6.006000000000029,1867618,2458000.0,3556093,4922000.0,1200870,1498000.0,55.79262955307261,78.22762675977654,83.75368544692738,100.0
00:06:06.366000,386752,492000.0,6.005999999999972,1628045,2458000.0,3113762,4922000.0,1132721,1498000.0,57.59034251396644,78.15376927374298,84.00859304469274,100.0
00:06:12.372000,388108,492000.0,6.006000000000029,1576922,2458000.0,3077895,4922000.0,1108235,1498000.0,59.01373502793293,76.82886955307265,84.58636463687151,100.0
00:06:16.075700,11276,492000.0,3.7036999999999694,32576,2458000.0,57529,4922000.0,18411,1498000.0,59.01373502793293,76.82886955307265,84.58636463687151,100.0
