delta_t_s,640x360_size_byte,640x360_bitrate,seg_len_s,426x240_size_byte,426x240_bitrate,1280x720_size_byte,1280x720_bitrate,1920x1080_size_byte,1920x1080_bitrate,960x540_size_byte,960x540_bitrate,426x240_vmaf_score,640x360_vmaf_score,960x540_vmaf_score,1280x720_vmaf_score,1920x1080_vmaf_score
00:00:06.041666,328285,499000.0,6.041666666666667,138812,281000.0,1233887,2491000.0,3066481,4982000.0,847086,1443000.0,66.17489789115645,79.74199530612246,87.49493870748303,89.53433414965984,100.0
00:00:12.125000,418984,499000.0,6.083333333333333,249857,281000.0,2382859,2491000.0,4296161,4982000.0,1172356,1443000.0,60.68212321917809,72.76032143835617,86.92548410958904,91.6527078767123,100.0
00:00:18.166666,416631,499000.0,6.041666666666668,237225,281000.0,2217257,2491000.0,4438156,4982000.0,1167807,1443000.0,64.66046698630137,73.30012246575343,80.80149363013703,84.32627150684932,100.0
00:00:24.250000,399458,499000.0,6.083333333333332,254081,281000.0,1920554,2491000.0,3983805,4982000.0,1176513,1443000.0,2.3618645205479454,74.90879561643835,82.86729458904112,85.87957726027395,100.0
00:00:30.333333,358964,499000.0,6.083333333333332,182386,281000.0,1676913,2491000.0,3086825,4982000.0,1064645,1443000.0,40.09374136986301,73.29157294520547,82.76281938356163,88.38554815068495,100.0
00:00:36.375000,348538,499000.0,6.041666666666668,166375,281000.0,2252025,2491000.0,4290428,4982000.0,1049803,1443000.0,60.47709506849315,74.44681767123288,81.6139768493151,87.6501083561644,100.0
00:00:42.458333,433658,499000.0,6.083333333333336,248850,281000.0,2074101,2491000.0,4418057,4982000.0,1300908,1443000.0,11.417312244897957,70.09075850340137,77.16117523809521,80.28775319727892,100.0
00:00:48.541666,428111,499000.0,6.083333333333329,253897,281000.0,2087943,2491000.0,4304832,4982000.0,1218290,1443000.0,10.025645547945205,66.81074198630134,73.46821534246578,79.45370657534248,100.0
00:00:54.625000,398007,499000.0,6.083333333333336,255793,281000.0,2030118,2491000.0,3793365,4982000.0,1214831,1443000.0,13.150758972602741,65.53133869863014,80.7647628082192,85.49105609589043,100.0
00:01:00.708333,417274,499000.0,6.083333333333336,222741,281000.0,1381114,2491000.0,3259746,4982000.0,1173960,1443000.0,47.90594205479452,78.45817965753427,87.67134869863017,90.45427616438359,100.0
00:01:06.791666,409154,499000.0,6.083333333333336,197288,281000.0,1439978,2491000.0,3372172,4982000.0,1124619,1443000.0,45.366101575342455,78.14622595890414,87.36884369863014,90.03522979452056,100.0
00:01:12.875000,404162,499000.0,6.083333333333329,254026,281000.0,1969894,2491000.0,3247635,4982000.0,1133587,1443000.0,7.251051986301369,65.81589472602741,84.02921917808216,89.75340376712327,100.0
00:01:18.958333,435334,499000.0,6.083333333333329,259486,281000.0,2317472,2491000.0,3856394,4982000.0,1224874,1443000.0,1.373576666666667,64.09958462585034,83.94458938775513,91.14389877551027,100.0
00:01:25.041666,376036,499000.0,6.083333333333343,237788,281000.0,2228763,2491000.0,4655660,4982000.0,1150489,1443000.0,2.2382548630136987,63.748163150684924,82.77878698630138,90.48673054794517,100.0
00:01:31.125000,397390,499000.0,6.083333333333329,248751,281000.0,1891007,2491000.0,4124652,4982000.0,1126542,1443000.0,18.412629931506856,74.00747369863019,84.25477883561648,89.07738986301374,100.0
00:01:37.208333,334763,499000.0,6.083333333333329,187503,281000.0,2333048,2491000.0,4258137,4982000.0,1085713,1443000.0,45.94634116438355,73.5234141780822,82.2796367808219,88.67698945205483,100.0
00:01:43.291666,341419,499000.0,6.083333333333343,165697,281000.0,2020563,2491000.0,4061449,4982000.0,1018756,1443000.0,57.18630424657534,75.49583102739729,82.02910308219174,90.13016684931507,100.0
00:01:49.375000,414146,499000.0,6.083333333333329,162281,281000.0,2232715,2491000.0,4488159,4982000.0,1223234,1443000.0,56.038100616438356,76.04854301369863,81.83177575342468,88.93474897260275,100.0
00:01:55.458333,337017,499000.0,6.083333333333329,117024,281000.0,1481347,2491000.0,4142222,4982000.0,1246353,1443000.0,49.852495238095244,76.4079053741496,82.76844571428569,86.46437136054425,100.0
00:02:01.541666,328020,499000.0,6.083333333333343,173305,281000.0,2036133,2491000.0,3702102,4982000.0,933805,1443000.0,46.393357739726035,75.99561863013699,83.4097287671233,88.32840253424659,100.0
00:02:07.625000,342925,499000.0,6.083333333333329,196654,281000.0,2144649,2491000.0,4162953,4982000.0,1095552,1443000.0,41.40399130136987,75.5788479452055,83.46038,87.99622465753424,100.0
00:02:13.708333,364687,499000.0,6.083333333333343,200239,281000.0,2040664,2491000.0,4069234,4982000.0,1064687,1443000.0,32.379668767123285,75.01486979452055,82.07858945205479,84.89278808219177,100.0
00:02:19.791666,347357,499000.0,6.083333333333314,197654,281000.0,1803769,2491000.0,3386476,4982000.0,989161,1443000.0,26.40291198630138,76.97493815068489,84.30706849315067,86.94967595890414,100.0
00:02:25.875000,355880,499000.0,6.083333333333343,231053,281000.0,1390130,2491000.0,2635398,4982000.0,999818,1443000.0,25.875371164383555,78.2959491780822,86.1086319178082,88.51243609589045,100.0
00:02:31.958333,387249,499000.0,6.083333333333343,239793,281000.0,1578981,2491000.0,3172067,4982000.0,1136528,1443000.0,25.352506190476195,75.16235455782315,84.3449640136054,88.84568292517007,100.0
00:02:38.041666,405313,499000.0,6.083333333333314,196244,281000.0,1559761,2491000.0,3465894,4982000.0,1150358,1443000.0,6.7338468493150705,74.29616321917811,79.89361150684931,87.63662869863018,100.0
00:02:44.125000,339439,499000.0,6.083333333333343,164240,281000.0,1556497,2491000.0,3320418,4982000.0,1041712,1443000.0,28.826281986301375,74.14614890410955,80.56984561643843,85.42715102739724,100.0
00:02:50.208333,306668,499000.0,6.083333333333343,145921,281000.0,1662266,2491000.0,3267384,4982000.0,852159,1443000.0,40.612214315068485,78.01317445205476,84.23209945205483,87.33221376712326,100.0
00:02:56.291666,385741,499000.0,6.083333333333314,243070,281000.0,2659033,2491000.0,5113196,4982000.0,1114358,1443000.0,5.552158493150688,48.714878493150714,75.38965678082192,88.17631897260276,100.0
00:03:02.375000,289209,499000.0,6.083333333333343,169681,281000.0,1242529,2491000.0,2349055,4982000.0,850347,1443000.0,35.01624575342464,77.35204301369863,86.97803958904113,89.06704445205482,100.0
00:03:08.458333,374130,499000.0,6.083333333333343,212372,281000.0,1667350,2491000.0,3160032,4982000.0,1030966,1443000.0,10.458634109589038,77.50056253424655,86.57007732876707,88.70129397260273,100.0
00:03:14.541666,318469,499000.0,6.083333333333314,142863,281000.0,1258407,2491000.0,2492434,4982000.0,836945,1443000.0,2.9071313605442173,81.74058115646258,88.82722659863941,90.19438340136058,100.0
00:03:20.625000,394882,499000.0,6.083333333333343,225704,281000.0,1898167,2491000.0,4168710,4982000.0,1169729,1443000.0,1.0970440410958904,75.45469493150686,87.52241678082196,89.44883369863011,100.0
00:03:26.708333,278518,499000.0,6.083333333333343,166915,281000.0,1629486,2491000.0,3148365,4982000.0,791439,1443000.0,17.84611315068493,75.64773116438356,86.48004075342465,89.181609520548,100.0
00:03:32.791666,260853,499000.0,6.083333333333314,123286,281000.0,1062112,2491000.0,2100435,4982000.0,612223,1443000.0,14.310010273972603,79.40596636986304,87.83706561643837,90.47331109589044,100.0
00:03:38.875000,281302,499000.0,6.083333333333343,132154,281000.0,1042180,2491000.0,1968568,4982000.0,672842,1443000.0,4.395886506849315,77.62645808219179,85.41353630136983,90.13844,100.0
00:03:44.958333,352075,499000.0,6.083333333333343,211037,281000.0,1542207,2491000.0,2774647,4982000.0,940117,1443000.0,0.03605595890410959,69.48263671232877,79.89601438356162,89.28027143835617,100.0
00:03:51.041666,346326,499000.0,6.083333333333314,208630,281000.0,1228839,2491000.0,2479018,4982000.0,721001,1443000.0,2.3131111564625852,78.48411006802718,85.35759272108844,90.73629557823135,100.0
00:03:57.125000,337875,499000.0,6.083333333333343,160240,281000.0,1232642,2491000.0,2743014,4982000.0,733809,1443000.0,4.695371780821917,82.18551328767121,86.86219664383563,92.2113546575343,100.0
00:04:03.208333,405366,499000.0,6.083333333333343,177961,281000.0,2200770,2491000.0,4328843,4982000.0,994582,1443000.0,0.02610821917808219,77.14941089041095,84.58607308219179,90.74717287671233,100.0
00:04:09.291666,405121,499000.0,6.083333333333314,249574,281000.0,2341055,2491000.0,4655277,4982000.0,1187874,1443000.0,0.14799952054794524,75.04839732876714,85.16531143835618,91.50951582191776,100.0
00:04:15.375000,408515,499000.0,6.083333333333343,246210,281000.0,2024225,2491000.0,3937771,4982000.0,1203288,1443000.0,1.0832036986301377,75.10839691780825,86.02149671232877,92.39201506849317,100.0
00:04:21.458333,419423,499000.0,6.083333333333314,255029,281000.0,2109112,2491000.0,4209601,4982000.0,1213901,1443000.0,0.019315890410958905,76.2604824657534,86.21686760273967,91.10481739726025,100.0
00:04:27.541666,356881,499000.0,6.083333333333371,224883,281000.0,2197423,2491000.0,4462896,4982000.0,1093911,1443000.0,6.4895610204081615,74.26430006802721,81.92320591836732,88.13509605442174,100.0
00:04:33.625000,345769,499000.0,6.083333333333314,206028,281000.0,2100996,2491000.0,4204394,4982000.0,1149418,1443000.0,14.26055767123287,74.31204280821922,80.14321767123285,85.6980034246575,100.0
00:04:39.708333,338562,499000.0,6.083333333333314,175513,281000.0,2090042,2491000.0,4203605,4982000.0,1159806,1443000.0,11.184103150684933,73.27794595890408,79.6736076712329,84.59053863013698,100.0
00:04:45.791666,383533,499000.0,6.083333333333371,168427,281000.0,1144185,2491000.0,2340688,4982000.0,1019787,1443000.0,19.062485068493153,80.38698698630137,87.05315815068495,88.85368842465758,100.0
00:04:51.875000,378255,499000.0,6.083333333333314,213675,281000.0,2055086,2491000.0,3873249,4982000.0,1042181,1443000.0,0.09737369863013698,58.81156958904109,74.89120424657533,86.0803547260274,100.0
00:04:57.958333,441335,499000.0,6.083333333333314,269454,281000.0,2433271,2491000.0,4483249,4982000.0,1296936,1443000.0,12.626858561643832,72.27191595890412,83.6267505479452,89.85386047945207,100.0
00:05:04.041666,407302,499000.0,6.083333333333371,246389,281000.0,1799744,2491000.0,3843442,4982000.0,1091273,1443000.0,6.54757176870748,72.64309081632649,81.31394129251697,86.67211238095233,100.0
00:05:10.125000,427021,499000.0,6.083333333333314,254134,281000.0,2292241,2491000.0,4826226,4982000.0,1276615,1443000.0,3.593548972602738,72.58714863013697,85.75415856164382,90.92790623287671,100.0
00:05:16.208333,335530,499000.0,6.083333333333314,185681,281000.0,2058306,2491000.0,3870657,4982000.0,1160399,1443000.0,39.24902568493154,75.20213999999999,84.83352719178083,89.32387684931508,100.0
00:05:22.291666,434207,499000.0,6.083333333333371,259717,281000.0,2180557,2491000.0,4488119,4982000.0,1249115,1443000.0,2.6509928082191783,72.20256623287672,85.18967486301366,89.7023578767123,100.0
00:05:28.375000,426541,499000.0,6.083333333333314,253792,281000.0,2165563,2491000.0,3796036,4982000.0,1208152,1443000.0,14.412404931506854,59.39353582191778,77.96968458904105,86.23722780821917,100.0
00:05:34.458333,410557,499000.0,6.083333333333314,248178,281000.0,2035365,2491000.0,4005810,4982000.0,1218265,1443000.0,17.87177520547945,75.4948928082191,83.48999904109591,87.57723520547945,100.0
00:05:40.541666,431260,499000.0,6.083333333333371,256647,281000.0,1956546,2491000.0,3971174,4982000.0,1289572,1443000.0,13.943356712328763,78.39893547945212,87.63168041095891,90.56911438356164,100.0
00:05:46.625000,403959,499000.0,6.083333333333314,248669,281000.0,2134943,2491000.0,4073464,4982000.0,1160319,1443000.0,0.6476595918367347,69.3723762585034,83.26750312925172,90.0476091836735,100.0
00:05:52.708333,399302,499000.0,6.083333333333314,239684,281000.0,2210426,2491000.0,4942191,4982000.0,1156153,1443000.0,2.7120396575342465,72.99675671232875,80.94274623287676,86.3576130136986,100.0
00:05:58.791666,417874,499000.0,6.083333333333371,251168,281000.0,2079631,2491000.0,3981128,4982000.0,1221625,1443000.0,17.93432198630137,66.35031999999994,84.01605493150689,90.51539575342464,100.0
00:06:04.875000,441464,499000.0,6.083333333333314,267273,281000.0,2202944,2491000.0,4341564,4982000.0,1270545,1443000.0,13.55424349315068,70.3189978082192,84.9250512328767,90.65195938356167,100.0
00:06:10.958333,406140,499000.0,6.083333333333314,245352,281000.0,2182263,2491000.0,4393404,4982000.0,1210527,1443000.0,6.867344726027398,66.17295910958904,80.8913334246575,87.20677589041097,100.0
00:06:17.041666,412950,499000.0,6.083333333333371,240502,281000.0,2112129,2491000.0,4321421,4982000.0,1214812,1443000.0,8.36595308219178,70.22697315068493,85.03121609589041,90.85051869863015,100.0
00:06:23.125000,402585,499000.0,6.083333333333314,256666,281000.0,1912543,2491000.0,3718999,4982000.0,1208122,1443000.0,23.4731856462585,72.20245795918368,87.00213095238097,92.25333544217686,100.0
00:06:29.208333,439511,499000.0,6.083333333333314,258370,281000.0,2334972,2491000.0,4539434,4982000.0,1233348,1443000.0,16.99145164383561,70.93498547945207,86.82274938356169,93.22043952054794,100.0
00:06:35.291666,406572,499000.0,6.083333333333371,238579,281000.0,2035517,2491000.0,4024461,4982000.0,1192841,1443000.0,2.0070850684931507,69.32411582191779,82.92202897260273,89.12178726027398,100.0
00:06:41.375000,397972,499000.0,6.083333333333314,246023,281000.0,2128940,2491000.0,4381554,4982000.0,1207331,1443000.0,13.748062671232876,62.69019821917806,73.68727116438356,80.19414034246572,100.0
00:06:47.458333,414490,499000.0,6.083333333333314,231191,281000.0,1750670,2491000.0,3618910,4982000.0,1175715,1443000.0,29.768997739726025,79.8244385616438,89.88112479452056,91.89697171232875,100.0
00:06:53.541666,422288,499000.0,6.083333333333371,251784,281000.0,2255256,2491000.0,4220509,4982000.0,1123252,1443000.0,30.208131301369868,74.92399952054795,86.21983856164383,91.81474390410958,100.0
00:06:59.625000,396095,499000.0,6.083333333333314,242851,281000.0,2144640,2491000.0,4417480,4982000.0,1140563,1443000.0,7.439969863945579,67.81442809523809,79.95461380952376,86.32337850340136,100.0
00:07:05.708333,422193,499000.0,6.083333333333314,248290,281000.0,2082767,2491000.0,4185366,4982000.0,1229668,1443000.0,0.5302971917808219,69.38164349315072,81.47703424657533,86.97126876712328,100.0
00:07:11.791666,409129,499000.0,6.083333333333371,245432,281000.0,2003803,2491000.0,4108013,4982000.0,1216773,1443000.0,0.06553869863013699,73.90436808219178,83.79834294520546,87.19591164383564,100.0
00:07:17.875000,435980,499000.0,6.083333333333314,268330,281000.0,2279863,2491000.0,4597546,4982000.0,1285237,1443000.0,9.603890068493156,67.13435910958903,82.6205850684932,89.58327089041099,100.0
00:07:23.958333,418297,499000.0,6.083333333333314,241859,281000.0,1968064,2491000.0,3696757,4982000.0,1235588,1443000.0,1.9801046575342462,64.97000342465755,73.13375732876713,79.0569448630137,100.0
00:07:30.041666,415674,499000.0,6.083333333333371,242664,281000.0,2179451,2491000.0,4679139,4982000.0,1213341,1443000.0,8.763379657534248,63.08637993150686,70.37695726027398,76.25199068493151,100.0
00:07:36.125000,413266,499000.0,6.083333333333314,249467,281000.0,1916547,2491000.0,3896140,4982000.0,1191450,1443000.0,0.0,67.53181938775512,77.35039387755104,81.71333258503397,100.0
00:07:42.208333,410583,499000.0,6.083333333333314,215220,281000.0,1710668,2491000.0,3747926,4982000.0,1261479,1443000.0,0.0,76.4303463013699,87.13490684931504,88.31672328767118,100.0
00:07:48.291666,408670,499000.0,6.083333333333371,222630,281000.0,1930309,2491000.0,4161505,4982000.0,1206002,1443000.0,0.08327849315068495,75.14812417808223,83.77523328767123,87.21691301369864,100.0
00:07:54.375000,360046,499000.0,6.083333333333314,200366,281000.0,1790745,2491000.0,4401410,4982000.0,979154,1443000.0,3.8931931506849318,71.16469561643837,77.05775712328769,82.78999965753421,100.0
00:08:00.458333,413392,499000.0,6.083333333333314,229025,281000.0,2467598,2491000.0,4461158,4982000.0,1259295,1443000.0,2.7034701369863017,66.0313943835616,79.93777746575346,87.10846876712323,100.0
00:08:06.541666,423286,499000.0,6.083333333333371,248965,281000.0,2059732,2491000.0,4347316,4982000.0,1299112,1443000.0,12.546755410958902,63.73604089041095,72.32553041095889,76.68045171232875,100.0
00:08:12.625000,383289,499000.0,6.083333333333314,229012,281000.0,1986503,2491000.0,3849449,4982000.0,1099441,1443000.0,0.8386898630136987,71.82500424657538,78.07176534246582,84.67411541095893,100.0
00:08:18.708333,421594,499000.0,6.083333333333314,260631,281000.0,2135865,2491000.0,4302182,4982000.0,1255339,1443000.0,3.982984353741497,56.357970612244884,81.0700037414966,88.34157979591839,100.0
00:08:24.791666,356183,499000.0,6.083333333333371,155741,281000.0,1551045,2491000.0,3250636,4982000.0,815544,1443000.0,3.1833396575342467,74.31835130136983,81.02458815068495,86.397448150685,100.0
00:08:30.875000,401076,499000.0,6.083333333333314,227129,281000.0,2449467,2491000.0,4901178,4982000.0,1204268,1443000.0,7.255350000000003,64.25160232876715,84.76517684931505,89.22058191780822,100.0
00:08:36.958333,421008,499000.0,6.083333333333371,261495,281000.0,1976257,2491000.0,3832947,4982000.0,1279774,1443000.0,1.942249589041096,72.34142349315073,87.12727890410957,89.01056041095893,100.0
00:08:43.041666,396189,499000.0,6.0833333333332575,220623,281000.0,1897085,2491000.0,3725912,4982000.0,1058897,1443000.0,6.893929041095889,78.13172410958906,85.13075363013695,87.44605554794525,100.0
00:08:49.125000,315186,499000.0,6.083333333333371,138772,281000.0,1765683,2491000.0,3575298,4982000.0,843330,1443000.0,53.43135945205477,81.4034365753426,86.16450102739736,88.56760157534261,100.0
00:08:55.208333,149008,499000.0,6.083333333333371,80897,281000.0,565311,2491000.0,1056655,4982000.0,371729,1443000.0,39.17402911564622,88.85888863945571,92.85410564625843,94.29516639455774,100.0
00:09:01.291666,406181,499000.0,6.0833333333332575,220027,281000.0,1487730,2491000.0,2774147,4982000.0,1160334,1443000.0,12.962597123287667,65.9916291095891,83.0665538356164,90.40428945205481,100.0
00:09:07.375000,411371,499000.0,6.083333333333371,206194,281000.0,1619124,2491000.0,3120761,4982000.0,1137356,1443000.0,20.440829794520557,61.948264657534246,81.3455467123288,89.9384078082192,100.0
00:09:13.458333,392441,499000.0,6.083333333333371,227780,281000.0,1787372,2491000.0,3411544,4982000.0,1098227,1443000.0,9.439890205479461,63.71426595890406,79.0766124657534,86.85877753424658,100.0
00:09:19.541666,397000,499000.0,6.0833333333332575,238854,281000.0,1710536,2491000.0,3221247,4982000.0,1150250,1443000.0,17.994013904109593,48.61984356164384,70.30691678082192,82.71417876712327,100.0
00:09:26.416645,202830,499000.0,6.874979166666662,119299,281000.0,1048544,2491000.0,2021910,4982000.0,564620,1443000.0,97.42804,97.42804,97.42804,97.42804,100.0
