delta_t_s,640x360_size_byte,640x360_bitrate,seg_len_s,426x240_size_byte,426x240_bitrate,1920x1080_size_byte,1920x1080_bitrate,960x540_size_byte,960x540_bitrate,1280x720_size_byte,1280x720_bitrate,426x240_vmaf_score,640x360_vmaf_score,960x540_vmaf_score,1280x720_vmaf_score,1920x1080_vmaf_score
00:00:06.006000,293182,498000.0,6.006,243127,314000.0,2758553,4992000.0,809529,1466000.0,1250766,2494000.0,49.92088144827585,67.16530337931033,85.22449455172419,89.46268572413796,100.0
00:00:12.012000,5051,498000.0,6.006,4656,314000.0,13084,4992000.0,6658,1466000.0,8259,2494000.0,97.4280400000002,97.4280400000002,97.43210731034502,97.4280400000002,100.0
00:00:18.018000,310826,498000.0,6.006,205153,314000.0,3760486,4992000.0,820416,1466000.0,1981184,2494000.0,43.29472631944445,62.45501854166667,82.06684451388888,90.82571847222225,100.0
00:00:24.024000,325705,498000.0,6.006,223207,314000.0,3767266,4992000.0,918073,1466000.0,1963164,2494000.0,32.20239220689656,62.873524965517205,82.5835713103448,90.37246868965515,100.0
00:00:30.030000,383431,498000.0,6.006,222444,314000.0,3719960,4992000.0,953187,1466000.0,1919324,2494000.0,29.512403125000006,66.70439611111115,83.55023229166665,90.49762631944442,100.0
00:00:36.036000,348338,498000.0,6.006,221998,314000.0,3488860,4992000.0,922396,1466000.0,1740392,2494000.0,20.90484544827586,67.23660110344828,84.14802696551726,90.42651248275864,100.0
00:00:42.042000,348692,498000.0,6.006,235973,314000.0,3694720,4992000.0,1032057,1466000.0,1790759,2494000.0,19.778846944444446,66.03024472222219,84.02591874999997,89.46825583333333,100.0
00:00:48.048000,335049,498000.0,6.006,234279,314000.0,4058133,4992000.0,1028824,1466000.0,2158525,2494000.0,9.405592068965515,59.95239006896553,81.73829331034482,89.49412406896558,100.0
00:00:54.054000,337158,498000.0,6.006,231090,314000.0,4048043,4992000.0,981978,1466000.0,2117915,2494000.0,6.915386458333334,59.673562083333344,81.45365666666665,89.06952368055552,100.0
00:01:00.060000,343502,498000.0,6.006,232486,314000.0,3928515,4992000.0,979720,1466000.0,2060057,2494000.0,7.110601586206897,60.90294689655168,81.55341055172414,89.16699262068971,100.0
00:01:06.066000,409976,498000.0,6.006,233151,314000.0,3887362,4992000.0,979700,1466000.0,2022012,2494000.0,5.5617497916666645,64.69608743055554,82.22570965277777,88.86522354166668,100.0
00:01:12.072000,380291,498000.0,6.006,247779,314000.0,4010401,4992000.0,1124776,1466000.0,2094249,2494000.0,0.42640206896551724,60.71272772413791,83.29371806896553,89.95572006896548,100.0
00:01:18.078000,425008,498000.0,6.006,251980,314000.0,4285027,4992000.0,1213419,1466000.0,2260977,2494000.0,0.039773750000000004,60.040866736111106,83.25328208333337,90.29709527777776,100.0
00:01:24.084000,346808,498000.0,6.006,241213,314000.0,3820915,4992000.0,1049483,1466000.0,1920519,2494000.0,0.5757052413793105,61.871473172413786,84.31388406896552,90.54017268965511,100.0
00:01:30.090000,305203,498000.0,6.006,229307,314000.0,3276328,4992000.0,1004719,1466000.0,1666176,2494000.0,0.7501385416666667,65.73873430555557,85.33006013888888,90.25449361111109,100.0
00:01:36.096000,285897,498000.0,6.006,223472,314000.0,3374044,4992000.0,937929,1466000.0,1758073,2494000.0,0.5453327586206896,62.05456068965517,83.4245172413793,89.93129096551723,100.0
00:01:42.102000,364702,498000.0,6.006,236237,314000.0,4103006,4992000.0,1029390,1466000.0,2146324,2494000.0,1.433507013888889,61.103327777777785,82.26577652777783,89.80959618055554,100.0
00:01:48.108000,409714,498000.0,6.006,248946,314000.0,4666337,4992000.0,1161630,1466000.0,2184802,2494000.0,0.018145862068965516,57.324192413793135,81.7917797931035,89.68061268965513,100.0
00:01:54.114000,404147,498000.0,6.006,244863,314000.0,4194274,4992000.0,1175327,1466000.0,2039033,2494000.0,0.08097524137931035,59.246925517241344,83.0821662758621,90.05402531034487,100.0
00:02:00.120000,432765,498000.0,6.006,254346,314000.0,4296950,4992000.0,1235184,1466000.0,2231447,2494000.0,0.08171555555555557,58.067216875000014,83.42873013888885,90.89736027777775,100.0
00:02:06.126000,400960,498000.0,6.006,248558,314000.0,4084579,4992000.0,1177587,1466000.0,2072369,2494000.0,0.003861793103448276,61.631513862068964,84.54812248275861,90.42443455172416,100.0
00:02:12.132000,416094,498000.0,6.006,251338,314000.0,4073399,4992000.0,1222951,1466000.0,2083023,2494000.0,0.014212847222222222,60.38371256944447,84.60586555555554,90.00403708333333,100.0
00:02:18.138000,415521,498000.0,6.006,251001,314000.0,4190572,4992000.0,1252608,1466000.0,2063301,2494000.0,0.0,60.47713565517239,84.49399848275858,89.9767570344827,100.0
00:02:24.144000,417319,498000.0,6.006,245653,314000.0,4163339,4992000.0,1195001,1466000.0,2049941,2494000.0,0.011061041666666667,60.658352222222234,84.45212833333329,90.4485286805556,100.0
00:02:30.150000,415237,498000.0,6.006,251233,314000.0,4147562,4992000.0,1212451,1466000.0,2066876,2494000.0,0.007794827586206896,57.72480737931034,83.22498462068964,89.35413986206895,100.0
00:02:36.156000,396877,498000.0,6.006,245274,314000.0,4095358,4992000.0,1191894,1466000.0,2040334,2494000.0,0.3028691666666667,60.20144902777778,84.53741701388884,90.25126298611112,100.0
00:02:42.162000,420352,498000.0,6.006,250846,314000.0,4206167,4992000.0,1139635,1466000.0,2089369,2494000.0,0.2789400689655172,60.85740993103446,83.59450993103448,90.32643420689652,100.0
00:02:48.168000,411876,498000.0,6.006,249271,314000.0,4224847,4992000.0,1163604,1466000.0,2124300,2494000.0,0.4844437500000001,56.18596270833334,82.67050187499999,89.73090937500007,100.0
00:02:54.174000,406159,498000.0,6.006,254223,314000.0,4278211,4992000.0,1187134,1466000.0,2124142,2494000.0,0.30659772413793107,54.0668573103448,81.6344162758621,88.71129344827587,100.0
00:03:00.180000,381258,498000.0,6.006,238359,314000.0,3852672,4992000.0,1151884,1466000.0,1922159,2494000.0,0.046231805555555554,59.24138430555557,83.30056694444444,89.47643215277773,100.0
00:03:06.186000,429256,498000.0,6.006,254075,314000.0,4053657,4992000.0,1180127,1466000.0,2040995,2494000.0,0.42048993103448284,65.5463431724138,86.75862972413789,92.15194455172411,100.0
00:03:12.192000,393900,498000.0,6.006,248120,314000.0,4141180,4992000.0,1157322,1466000.0,2067762,2494000.0,0.5540259027777776,67.50495909722227,86.7974227083333,91.40581500000002,100.0
00:03:18.198000,423644,498000.0,6.006,246675,314000.0,3841600,4992000.0,1167465,1466000.0,1979990,2494000.0,0.18948006896551725,69.20891241379307,88.61610737931034,92.38423551724132,100.0
00:03:24.204000,402718,498000.0,6.006,248912,314000.0,3914358,4992000.0,1215558,1466000.0,2020311,2494000.0,0.2934936805555555,69.66614493055556,89.18356083333333,92.43248618055557,100.0
00:03:30.210000,410449,498000.0,6.006,254512,314000.0,3612135,4992000.0,1218162,1466000.0,1853293,2494000.0,0.04516324137931035,73.15584827586206,90.57171468965515,92.91770193103447,100.0
00:03:36.216000,417600,498000.0,6.006,244116,314000.0,3302727,4992000.0,1118230,1466000.0,1668415,2494000.0,0.0,71.38259812500002,91.21749604166659,94.19129777777772,100.0
00:03:42.222000,378372,498000.0,6.006,244715,314000.0,3976805,4992000.0,1227075,1466000.0,2109013,2494000.0,9.972413793103448e-05,65.60501882758618,89.35149234482758,93.1568686896552,100.0
00:03:48.228000,436967,498000.0,6.006,248555,314000.0,3822671,4992000.0,1256266,1466000.0,2047707,2494000.0,0.2731627586206897,68.5385248965517,91.18860482758623,94.89283951724134,100.0
00:03:54.234000,416178,498000.0,6.006,248831,314000.0,4762447,4992000.0,1230561,1466000.0,2484803,2494000.0,0.580236458333333,56.18820402777776,85.61433277777776,93.48152986111114,100.0
00:04:00.240000,427877,498000.0,6.006,251386,314000.0,4315519,4992000.0,1210763,1466000.0,2166513,2494000.0,0.778500689655172,58.03824931034483,86.57519131034486,92.97645903448276,100.0
00:04:06.246000,380688,498000.0,6.006,248364,314000.0,3916139,4992000.0,1256589,1466000.0,2024407,2494000.0,0.6286068055555556,63.5398351388889,90.59995013888884,94.02126638888888,100.0
00:04:12.252000,435233,498000.0,6.006,250741,314000.0,3397452,4992000.0,1219056,1466000.0,1837943,2494000.0,0.4090971034482759,71.26381055172408,90.20746544827588,92.07231310344824,100.0
00:04:18.258000,368898,498000.0,6.005999999999972,244388,314000.0,3191997,4992000.0,1163051,1466000.0,1694840,2494000.0,0.13069041666666667,71.65480604166666,89.38297687499997,90.9616036805555,100.0
00:04:24.264000,328282,498000.0,6.006000000000029,236710,314000.0,3093538,4992000.0,1101992,1466000.0,1591122,2494000.0,0.0,71.26965048275864,89.26847344827583,91.35598875862074,100.0
00:04:30.270000,320718,498000.0,6.005999999999972,240936,314000.0,3115053,4992000.0,1063397,1466000.0,1554752,2494000.0,0.3076274305555555,73.47865083333333,89.74661750000008,91.68451277777777,100.0
00:04:36.276000,318870,498000.0,6.006000000000029,238704,314000.0,2982249,4992000.0,963460,1466000.0,1436698,2494000.0,0.16882517241379308,74.65220986206899,89.76283951724139,91.1487404137931,100.0
00:04:42.282000,336707,498000.0,6.005999999999972,240165,314000.0,3136661,4992000.0,946689,1466000.0,1430672,2494000.0,0.10624805555555557,76.42165756944446,89.91976673611107,91.56585680555555,100.0
00:04:48.288000,293898,498000.0,6.006000000000029,208522,314000.0,2965207,4992000.0,850888,1466000.0,1210500,2494000.0,4.064327103448275,78.41649289655172,89.4410184137931,91.5526282068965,100.0
00:04:54.294000,250532,498000.0,6.005999999999972,155374,314000.0,3065711,4992000.0,727713,1466000.0,1114133,2494000.0,20.0132223611111,81.01658194444444,87.01654493055554,88.86423652777769,100.0
00:05:00.300000,346184,498000.0,6.006000000000029,229825,314000.0,3467705,4992000.0,971068,1466000.0,1432058,2494000.0,0.44819137931034486,77.20541124137935,89.56118248275855,91.24779475862066,100.0
00:05:06.306000,446426,498000.0,6.005999999999972,255600,314000.0,3820979,4992000.0,1185961,1466000.0,1740104,2494000.0,0.04483388888888889,74.01630583333336,92.48146729166669,93.81958986111114,100.0
00:05:12.312000,396897,498000.0,6.006000000000029,245055,314000.0,3995332,4992000.0,1249457,1466000.0,1942879,2494000.0,0.43469662068965514,69.96263400000001,92.0806804827586,94.8744723448276,100.0
00:05:18.318000,421095,498000.0,6.005999999999972,249526,314000.0,3824915,4992000.0,1198143,1466000.0,1894938,2494000.0,0.0,69.57111729166665,91.00384611111109,94.28326979166661,100.0
00:05:24.324000,407613,498000.0,6.006000000000029,249320,314000.0,4055051,4992000.0,1211405,1466000.0,2103790,2494000.0,0.0,66.00468972413793,89.79502655172412,93.17469075862073,100.0
00:05:30.330000,417330,498000.0,6.005999999999972,255438,314000.0,3868603,4992000.0,1244723,1466000.0,1998144,2494000.0,0.0,68.52179903448275,91.77208862068964,94.14112917241378,100.0
00:05:36.336000,428388,498000.0,6.006000000000029,247965,314000.0,3948122,4992000.0,1275057,1466000.0,1982323,2494000.0,0.0,69.52196694444444,91.56484090277779,94.81028895833335,100.0
00:05:42.342000,411644,498000.0,6.005999999999972,248686,314000.0,4433676,4992000.0,1235357,1466000.0,2304509,2494000.0,0.0,64.17012620689655,87.8164453103448,93.42602931034487,100.0
00:05:48.348000,424047,498000.0,6.006000000000029,252553,314000.0,4363585,4992000.0,1253378,1466000.0,2330655,2494000.0,0.0,63.766580763888896,88.95902020833336,93.8047184027778,100.0
00:05:54.354000,392480,498000.0,6.005999999999972,245942,314000.0,3642320,4992000.0,1202979,1466000.0,1784283,2494000.0,0.0,70.19375889655171,92.07598441379315,94.17284131034482,100.0
00:06:00.360000,401818,498000.0,6.006000000000029,253762,314000.0,3365899,4992000.0,1145931,1466000.0,1594996,2494000.0,0.0,77.90560249999997,92.63058659722219,94.50604479166674,100.0
00:06:06.366000,436414,498000.0,6.005999999999972,249984,314000.0,3568523,4992000.0,1154789,1466000.0,1667182,2494000.0,0.0,76.56910951724139,89.78380027586209,93.15339344827584,100.0
00:06:12.372000,418133,498000.0,6.006000000000029,248672,314000.0,3955863,4992000.0,1230823,1466000.0,1933299,2494000.0,0.0,71.9186120833333,90.13552715277783,93.92790590277775,100.0
00:06:18.378000,390071,498000.0,6.005999999999972,241531,314000.0,3689669,4992000.0,1175639,1466000.0,1859369,2494000.0,0.0,72.16702,90.73010227586207,93.26803455172413,100.0
00:06:24.384000,413469,498000.0,6.006000000000029,247456,314000.0,3610200,4992000.0,1201883,1466000.0,1812547,2494000.0,0.0,73.91170111111113,90.7610404166667,93.68399062499999,100.0
00:06:30.390000,411744,498000.0,6.005999999999972,257714,314000.0,3982194,4992000.0,1273762,1466000.0,1998528,2494000.0,0.0,71.22723786206896,88.34893255172409,91.84690655172415,100.0
00:06:36.396000,407031,498000.0,6.006000000000029,246997,314000.0,4024865,4992000.0,1226500,1466000.0,2034602,2494000.0,0.0,69.85525097222221,88.52533590277781,92.41646659722221,100.0
00:06:42.402000,400139,498000.0,6.005999999999972,246766,314000.0,4074557,4992000.0,1232685,1466000.0,2092584,2494000.0,0.0,68.99259413793102,88.56008399999995,93.02638503448281,100.0
00:06:48.408000,347754,498000.0,6.006000000000029,247868,314000.0,3489759,4992000.0,1132658,1466000.0,1659595,2494000.0,0.0,74.96415631944444,90.41545756944448,93.23693416666669,100.0
00:06:54.414000,329033,498000.0,6.005999999999972,237351,314000.0,3240933,4992000.0,1019936,1466000.0,1512523,2494000.0,0.0,71.9159267586207,87.37735393103455,92.360675862069,100.0
00:07:00.420000,297906,498000.0,6.006000000000029,210107,314000.0,3234338,4992000.0,927793,1466000.0,1405912,2494000.0,0.0,69.26044243055553,84.71992381944445,90.44814541666659,100.0
00:07:06.426000,381422,498000.0,6.005999999999972,249275,314000.0,3720810,4992000.0,1111370,1466000.0,1702439,2494000.0,0.0,58.52082551724137,77.60909358620691,87.00937503448274,100.0
00:07:12.432000,374337,498000.0,6.006000000000029,242209,314000.0,4026983,4992000.0,1201808,1466000.0,1953091,2494000.0,0.0,52.85141000000001,75.79133201388893,85.17290194444445,100.0
00:07:18.438000,375032,498000.0,6.005999999999972,246719,314000.0,4573219,4992000.0,1245391,1466000.0,2361556,2494000.0,0.0,52.33967544827587,75.72155703448276,86.78686268965517,100.0
00:07:24.444000,436425,498000.0,6.006000000000029,253995,314000.0,4620882,4992000.0,1262599,1466000.0,2348795,2494000.0,0.6896551724137931,59.07960296551726,84.53132324137934,89.28228586206896,100.0
00:07:32.160020,295771,498000.0,7.716020833333289,171475,314000.0,2014797,4992000.0,749507,1466000.0,1105864,2494000.0,47.17967,68.85367,82.51627,91.40824,100.0
