delta_t_s,640x360_size_byte,640x360_bitrate,seg_len_s,426x240_size_byte,426x240_bitrate,1280x720_size_byte,1280x720_bitrate,1920x1080_size_byte,1920x1080_bitrate,960x540_size_byte,960x540_bitrate,426x240_vmaf_score,640x360_vmaf_score,960x540_vmaf_score,1280x720_vmaf_score,1920x1080_vmaf_score
00:00:06.080000,239680,411000.0,6.08,147623,222000.0,906377,1449000.0,1964949,3806000.0,593822,883000.0,60.16684039473676,74.97328006578945,87.8181360526315,93.62451309210515,100.0
00:00:12.160000,346806,411000.0,6.08,213120,222000.0,1190048,1449000.0,2551106,3806000.0,773880,883000.0,30.30431000000001,55.69182664473685,77.81569335526318,88.9890394736842,100.0
00:00:18.240000,369495,411000.0,6.079999999999998,221331,222000.0,1266143,1449000.0,2762522,3806000.0,812589,883000.0,20.683853881578965,58.339643618421036,78.54661585526314,88.92835605263159,100.0
00:00:24.320000,392549,411000.0,6.080000000000002,201892,222000.0,1206391,1449000.0,2990447,3806000.0,741937,883000.0,37.599062251655646,65.80299900662253,82.64578423841066,90.06865986754963,100.0
00:00:30.400000,275569,411000.0,6.079999999999998,145246,222000.0,1063685,1449000.0,2924253,3806000.0,621194,883000.0,41.839167039473665,68.9474390789474,84.72327460526317,91.39155723684209,100.0
00:00:36.480000,318439,411000.0,6.079999999999998,179030,222000.0,1013207,1449000.0,2255754,3806000.0,643157,883000.0,24.262484999999995,58.28343631578946,77.59151697368421,88.05089822368417,100.0
00:00:42.560000,275948,411000.0,6.080000000000005,142304,222000.0,814012,1449000.0,2060933,3806000.0,510295,883000.0,30.8510305960265,65.08772205298014,81.90322887417217,89.53112649006623,100.0
00:00:48.640000,298921,411000.0,6.079999999999998,163032,222000.0,894484,1449000.0,2119568,3806000.0,596891,883000.0,34.50322085526314,63.09822756578947,81.41132473684216,89.62336256578946,100.0
00:00:54.720000,354242,411000.0,6.079999999999998,215839,222000.0,1307559,1449000.0,3436651,3806000.0,785199,883000.0,25.172805364238396,59.69917754966887,80.05903900662256,89.35237311258281,100.0
00:01:00.800000,386001,411000.0,6.079999999999998,227369,222000.0,1327447,1449000.0,3487872,3806000.0,819766,883000.0,11.08895467105263,57.95765914473682,81.46598407894741,90.40133967105261,100.0
00:01:06.880000,397756,411000.0,6.079999999999998,237831,222000.0,1797233,1449000.0,4178914,3806000.0,1070778,883000.0,8.185895827814566,53.86376218543046,79.96996867549669,89.93392807947018,100.0
00:01:12.960000,407949,411000.0,6.079999999999998,253832,222000.0,1935244,1449000.0,4294325,3806000.0,1168860,883000.0,7.6331321710526385,55.757792565789465,82.41454243421053,92.02214947368418,100.0
00:01:19.040000,440912,411000.0,6.0800000000000125,268271,222000.0,2158191,1449000.0,4648820,3806000.0,1292313,883000.0,1.6560046710526315,52.69592302631578,81.92658802631577,92.6763020394737,100.0
00:01:25.120000,413003,411000.0,6.079999999999998,245852,222000.0,2294517,1449000.0,4017016,3806000.0,1215088,883000.0,5.789039271523177,61.30488947019865,82.711740397351,90.69115695364238,100.0
00:01:31.200000,410384,411000.0,6.079999999999998,246116,222000.0,1786142,1449000.0,3869676,3806000.0,1091681,883000.0,11.06845263157895,60.75712296052636,80.26941486842107,89.4547528947368,100.0
00:01:37.280000,365533,411000.0,6.079999999999998,182349,222000.0,1284610,1449000.0,3346015,3806000.0,776360,883000.0,13.938853377483438,63.40525397350992,83.89544357615891,91.94683185430468,100.0
00:01:43.360000,415838,411000.0,6.079999999999998,253081,222000.0,1783243,1449000.0,4187217,3806000.0,1112979,883000.0,19.441020789473672,71.41824888157896,87.58512361842106,93.51578440789477,100.0
00:01:49.440000,399466,411000.0,6.079999999999998,233672,222000.0,1292876,1449000.0,3099868,3806000.0,833837,883000.0,7.804925562913909,57.673163576158935,79.58279410596029,89.69832781456957,100.0
00:01:55.520000,371870,411000.0,6.079999999999998,218621,222000.0,1341080,1449000.0,2974827,3806000.0,818301,883000.0,15.599512894736842,60.26062460526314,80.12561802631576,89.54000677631583,100.0
00:02:01.600000,360528,411000.0,6.079999999999998,210426,222000.0,1106286,1449000.0,2749963,3806000.0,713430,883000.0,7.004441315789474,56.253516513157905,78.14383447368424,88.93556486842108,100.0
00:02:07.680000,363565,411000.0,6.0800000000000125,191614,222000.0,1245689,1449000.0,3510366,3806000.0,764105,883000.0,4.3000579470198685,55.44224980132452,76.92165655629144,88.38146258278148,100.0
00:02:13.760000,389414,411000.0,6.079999999999984,186782,222000.0,1267599,1449000.0,3894531,3806000.0,766230,883000.0,13.381972302631581,59.43104914473681,78.59132828947371,88.96571993421051,100.0
00:02:19.840000,377902,411000.0,6.0800000000000125,193271,222000.0,1244521,1449000.0,3271605,3806000.0,748773,883000.0,3.7575112582781447,67.0629384768212,83.1808807284768,90.21921092715235,100.0
00:02:25.920000,374135,411000.0,6.079999999999984,182553,222000.0,1170149,1449000.0,3507802,3806000.0,726708,883000.0,10.462084802631576,77.08779269736836,88.5812007894737,92.59373730263151,100.0
00:02:32,378100,411000.0,6.0800000000000125,190642,222000.0,1129811,1449000.0,3138482,3806000.0,716832,883000.0,13.22745675496689,73.46702543046352,87.7430101986755,92.89286735099334,100.0
00:02:38.080000,410852,411000.0,6.0800000000000125,228722,222000.0,1325834,1449000.0,3369341,3806000.0,835994,883000.0,23.45655111842106,67.38257934210526,83.69141677631576,91.32303151315791,100.0
00:02:44.160000,285573,411000.0,6.079999999999984,141673,222000.0,905828,1449000.0,2575509,3806000.0,549983,883000.0,28.6493355263158,65.42862046052629,82.30911677631578,90.65154802631578,100.0
00:02:50.240000,223133,411000.0,6.0800000000000125,108758,222000.0,787254,1449000.0,2402691,3806000.0,459914,883000.0,37.15784231788081,75.82062834437085,88.2373577483444,93.05649211920526,100.0
00:02:56.320000,271563,411000.0,6.079999999999984,136105,222000.0,904461,1449000.0,2616811,3806000.0,544266,883000.0,23.553099671052625,61.95344901315789,80.82725888157896,90.31730131578945,100.0
00:03:02.400000,215950,411000.0,6.0800000000000125,105534,222000.0,766255,1449000.0,2392481,3806000.0,451028,883000.0,29.698930331125812,69.77831456953642,85.18352562913906,91.87445490066227,100.0
00:03:08.480000,252284,411000.0,6.079999999999984,124044,222000.0,846050,1449000.0,2489243,3806000.0,507819,883000.0,32.10744368421052,72.2302375,86.33649690789474,92.34428289473688,100.0
00:03:14.560000,259313,411000.0,6.0800000000000125,130887,222000.0,839821,1449000.0,2440799,3806000.0,511278,883000.0,20.428142980132453,62.34415125827815,81.08283562913903,90.15467198675492,100.0
00:03:20.640000,265327,411000.0,6.079999999999984,132536,222000.0,852106,1449000.0,2445601,3806000.0,516347,883000.0,24.76440013157894,69.96675842105263,85.36845263157889,91.99638342105263,100.0
00:03:26.720000,295016,411000.0,6.0800000000000125,153118,222000.0,955609,1449000.0,2653077,3806000.0,582711,883000.0,42.45940881578946,75.6680705263158,88.15742769736842,93.2432938157895,100.0
00:03:32.800000,197796,411000.0,6.0800000000000125,97181,222000.0,717745,1449000.0,2276935,3806000.0,418541,883000.0,23.49920006622516,67.12948298013247,83.39321529801323,91.46255874172182,100.0
00:03:38.880000,245313,411000.0,6.079999999999984,121021,222000.0,824720,1449000.0,2462689,3806000.0,479895,883000.0,34.382842565789474,67.75756052631577,83.68444526315788,91.46991710526312,100.0
00:03:44.960000,189763,411000.0,6.0800000000000125,92657,222000.0,702734,1449000.0,2284678,3806000.0,410477,883000.0,44.05863185430462,75.48025238410595,88.01387490066224,93.02888980132442,100.0
00:03:51.040000,192977,411000.0,6.079999999999984,94708,222000.0,719988,1449000.0,2333108,3806000.0,414563,883000.0,32.25249611842104,75.47021447368425,88.12821868421048,92.99165730263162,100.0
00:03:57.120000,268769,411000.0,6.0800000000000125,134614,222000.0,874613,1449000.0,2550963,3806000.0,536137,883000.0,25.473433907284765,66.38482258278145,83.17671238410593,91.20424675496692,100.0
00:04:03.200000,236024,411000.0,6.079999999999984,116521,222000.0,811046,1449000.0,2457103,3806000.0,478048,883000.0,32.31667375000001,75.36753203947372,87.70078296052631,92.83550236842107,100.0
00:04:09.280000,305054,411000.0,6.0800000000000125,151905,222000.0,995582,1449000.0,2749125,3806000.0,603080,883000.0,27.5310647368421,74.51777125,87.60957296052628,92.76829401315793,100.0
00:04:15.360000,341956,411000.0,6.0800000000000125,175411,222000.0,1089918,1449000.0,2956996,3806000.0,666459,883000.0,27.70349609271523,75.33196536423841,88.23020384105959,92.97778682119204,100.0
00:04:21.440000,352648,411000.0,6.079999999999984,177834,222000.0,1071592,1449000.0,2852780,3806000.0,661465,883000.0,33.15554342105264,75.5869697368421,88.08873065789473,93.00355592105262,100.0
00:04:27.520000,290435,411000.0,6.079999999999984,144794,222000.0,958450,1449000.0,2694384,3806000.0,578260,883000.0,31.228434834437092,75.02170662251658,87.66084556291392,92.57786337748348,100.0
00:04:33.600000,295461,411000.0,6.080000000000041,149365,222000.0,914362,1449000.0,2575882,3806000.0,559672,883000.0,40.81102032894736,75.49587072368418,87.83813486842104,92.72305539473682,100.0
00:04:39.680000,230388,411000.0,6.079999999999984,114767,222000.0,802915,1449000.0,2450891,3806000.0,478390,883000.0,33.260769473684206,74.73298776315792,87.48085486842112,92.59512822368421,100.0
00:04:45.760000,284995,411000.0,6.079999999999984,144933,222000.0,938601,1449000.0,2665166,3806000.0,564998,883000.0,38.06336980132449,75.24934523178806,87.60992251655632,92.76262715231786,100.0
00:04:51.840000,256877,411000.0,6.079999999999984,129136,222000.0,870898,1449000.0,2548782,3806000.0,521875,883000.0,15.047014210526314,66.36538769736848,83.17761513157892,91.22708776315793,100.0
00:04:57.920000,312734,411000.0,6.080000000000041,159685,222000.0,977883,1449000.0,2640999,3806000.0,597048,883000.0,32.26788509933774,68.00062887417221,83.89221059602646,91.28355966887413,100.0
00:05:04,212191,411000.0,6.079999999999984,104536,222000.0,714145,1449000.0,2192979,3806000.0,424538,883000.0,32.54106447368421,75.78478624999998,88.09058809210534,93.09074960526318,100.0
00:05:10.080000,281951,411000.0,6.079999999999984,139827,222000.0,889991,1449000.0,2550278,3806000.0,544069,883000.0,15.697253112582786,79.33618072847682,89.79545377483443,92.6459931788079,100.0
00:05:16.160000,247274,411000.0,6.080000000000041,118845,222000.0,753768,1449000.0,2154425,3806000.0,487529,883000.0,0.31232769736842103,78.58766171052635,88.9502428947368,92.49502151315797,100.0
00:05:22.240000,328371,411000.0,6.079999999999984,161382,222000.0,982430,1449000.0,2510505,3806000.0,638802,883000.0,1.5183675,73.50822907894735,88.43401098684211,92.37631506578947,100.0
00:05:28.320000,388429,411000.0,6.079999999999984,241467,222000.0,1692285,1449000.0,4145716,3806000.0,1033921,883000.0,0.032981854304635766,73.66147331125823,89.19053231788077,91.85195642384113,100.0
00:05:34.400000,365630,411000.0,6.079999999999984,241427,222000.0,1605728,1449000.0,3858335,3806000.0,1022235,883000.0,0.021798618421052633,77.56420651315788,88.65992072368425,91.42264730263159,100.0
00:05:40.480000,415660,411000.0,6.080000000000041,252056,222000.0,1506906,1449000.0,3413876,3806000.0,992062,883000.0,0.1728634437086093,59.31394615894041,82.7093150993378,92.9179984768212,100.0
00:05:46.560000,376741,411000.0,6.079999999999984,227034,222000.0,1477869,1449000.0,3847200,3806000.0,942205,883000.0,0.021937236842105263,55.569098684210516,76.98749355263156,88.36553223684206,100.0
00:05:52.640000,363937,411000.0,6.079999999999984,190644,222000.0,1155622,1449000.0,3162369,3806000.0,713668,883000.0,1.301471655629139,71.87337430463579,83.91896364238413,90.36629390728473,100.0
00:05:58.720000,345264,411000.0,6.080000000000041,176901,222000.0,1132368,1449000.0,3607577,3806000.0,683336,883000.0,1.2246411184210524,77.64130572368418,89.13366453947368,92.77968105263156,100.0
00:06:04.800000,428400,411000.0,6.079999999999984,261843,222000.0,1512514,1449000.0,3672257,3806000.0,976134,883000.0,0.02826967105263158,59.8950392763158,80.13100828947368,90.96328828947368,100.0
00:06:10.880000,368653,411000.0,6.079999999999984,212628,222000.0,1225172,1449000.0,3120809,3806000.0,782533,883000.0,0.655468476821192,75.84618470198676,84.94197463576151,91.11899470198675,100.0
00:06:16.960000,251361,411000.0,6.079999999999984,117440,222000.0,782446,1449000.0,2266891,3806000.0,489657,883000.0,13.589729473684207,79.24689151315789,87.3957140789474,92.43183921052632,100.0
00:06:23.040000,168854,411000.0,6.080000000000041,78402,222000.0,515597,1449000.0,1488365,3806000.0,319860,883000.0,0.0,73.17674006622521,90.68456582781457,97.87287675496687,100.0
00:06:29.120000,221029,411000.0,6.079999999999984,108551,222000.0,513126,1449000.0,1789649,3806000.0,260032,883000.0,0.0,67.44116052631578,91.92502835526311,99.94236118421054,100.0
00:06:35.200000,280859,411000.0,6.079999999999984,146999,222000.0,814607,1449000.0,3225464,3806000.0,375765,883000.0,25.3726294039735,67.297074370861,85.94578231788083,95.09903781456963,100.0
00:06:40.160000,71402,411000.0,4.960000000000036,39079,222000.0,207667,1449000.0,740607,3806000.0,95702,883000.0,25.3726294039735,67.297074370861,85.94578231788083,95.09903781456963,100.0
