delta_t_s,640x360_size_byte,640x360_bitrate,seg_len_s,1280x720_size_byte,1280x720_bitrate,960x540_size_byte,960x540_bitrate,640x360_vmaf_score,960x540_vmaf_score,1280x720_vmaf_score
00:00:06.006000,346159,441000.0,6.006,990333,1128000.0,950584,948000.0,84.5324986111111,95.05532430555554,100.0
00:00:12.012000,376562,441000.0,6.006,954809,1128000.0,883696,948000.0,77.19695020833333,92.59971444444443,100.0
00:00:18.018000,392375,441000.0,6.006,1369240,1128000.0,1165065,948000.0,61.042631188811164,85.2268758741259,100.0
00:00:24.024000,355852,441000.0,6.006,826479,1128000.0,724578,948000.0,44.68404265734267,88.40631636363636,100.0
00:00:30.030000,384452,441000.0,6.006,1230255,1128000.0,938079,948000.0,67.03552243055556,91.39784368055557,100.0
00:00:36.036000,327147,441000.0,6.006,713244,1128000.0,631695,948000.0,60.3065345454545,95.73978972027982,100.0
00:00:42.042000,329008,441000.0,6.006,723074,1128000.0,603165,948000.0,36.64035923076922,88.15292244755244,100.0
00:00:48.048000,395554,441000.0,6.006,861167,1128000.0,872880,948000.0,38.42555048611112,92.67766930555551,100.0
00:00:54.054000,428664,441000.0,6.006,1279863,1128000.0,1170129,948000.0,61.979493006993,88.29913664335665,100.0
00:01:00.060000,357994,441000.0,6.006,1441604,1128000.0,937990,948000.0,60.55630444444445,83.72623510489512,100.0
00:01:06.066000,359666,441000.0,6.006,942970,1128000.0,789786,948000.0,58.794445594405595,83.69300000000005,100.0
00:01:12.072000,313539,441000.0,6.006,986209,1128000.0,744221,948000.0,69.62632531468532,82.51335006993008,100.0
00:01:18.078000,234492,441000.0,6.006,545452,1128000.0,502836,948000.0,69.58427375,84.27675104895106,100.0
00:01:24.084000,228725,441000.0,6.006,489527,1128000.0,446736,948000.0,63.17760944055946,85.85307576388888,100.0
00:01:30.090000,341385,441000.0,6.006,691443,1128000.0,599377,948000.0,61.41654601398603,87.90031573426575,100.0
00:01:36.096000,342124,441000.0,6.006,869054,1128000.0,712051,948000.0,57.55059256944445,91.04737286713286,100.0
00:01:42.102000,274147,441000.0,6.006,1338293,1128000.0,701306,948000.0,66.12772209790207,81.1662847222222,100.0
00:01:48.108000,326392,441000.0,6.006,659598,1128000.0,661665,948000.0,67.38617776223771,81.43420748251752,100.0
00:01:54.114000,319225,441000.0,6.006,574763,1128000.0,551965,948000.0,64.560003125,89.02954666666672,100.0
00:02:00.120000,336997,441000.0,6.006,633862,1128000.0,647643,948000.0,35.678862167832186,90.58751895104899,100.0
00:02:06.126000,307138,441000.0,6.006,627541,1128000.0,635786,948000.0,59.012211527777744,86.61954111888114,100.0
00:02:12.132000,330770,441000.0,6.006,715895,1128000.0,624435,948000.0,61.387956223776214,86.32227145833338,100.0
00:02:18.138000,377435,441000.0,6.006,901821,1128000.0,748095,948000.0,66.04390741258742,88.37582762237761,100.0
00:02:24.144000,343414,441000.0,6.006,1361639,1128000.0,827685,948000.0,50.93035479166668,92.10805748251745,100.0
00:02:30.150000,416703,441000.0,6.006,1489095,1128000.0,1101728,948000.0,43.763842167832166,92.12695791666665,100.0
00:02:36.156000,345432,441000.0,6.006,882865,1128000.0,840374,948000.0,57.01699055944055,91.67326356643359,100.0
00:02:42.162000,451369,441000.0,6.006,922649,1128000.0,895589,948000.0,68.67202701388891,91.08233202797201,100.0
00:02:48.168000,296887,441000.0,6.006,770613,1128000.0,648634,948000.0,69.39042993006994,88.31083631944443,100.0
00:02:54.174000,231497,441000.0,6.006,482706,1128000.0,504129,948000.0,60.96544195804198,91.20618986013984,100.0
00:03:00.180000,393914,441000.0,6.006,934230,1128000.0,877976,948000.0,63.55677902777774,86.86918132867133,100.0
00:03:06.186000,330715,441000.0,6.006,916067,1128000.0,759272,948000.0,62.82040524475527,89.0268036805556,100.0
00:03:12.192000,355999,441000.0,6.006,896627,1128000.0,756700,948000.0,61.7889790277778,88.63044027972026,100.0
00:03:18.198000,339931,441000.0,6.006,851860,1128000.0,746426,948000.0,70.57291762237763,85.2448096503496,100.0
00:03:24.204000,245466,441000.0,6.006,734018,1128000.0,548943,948000.0,67.44273454545456,85.52570812499998,100.0
00:03:30.210000,356171,441000.0,6.006,791184,1128000.0,735655,948000.0,78.7014747916667,89.82142986013987,100.0
00:03:36.216000,133971,441000.0,6.006,248621,1128000.0,229136,948000.0,56.32779965034964,86.88978499999999,100.0
00:03:42.222000,388746,441000.0,6.006,1183397,1128000.0,967609,948000.0,36.41298195804196,91.43843573426574,100.0
00:03:48.228000,376644,441000.0,6.006,800120,1128000.0,750201,948000.0,70.83663972222222,89.3770425874126,100.0
00:03:54.234000,294815,441000.0,6.006,643433,1128000.0,604019,948000.0,63.71381223776222,87.9295115972222,100.0
00:04:00.240000,309608,441000.0,6.006,769325,1128000.0,658494,948000.0,63.201133958333315,89.69976804195802,100.0
00:04:06.246000,410617,441000.0,6.006,997345,1128000.0,844114,948000.0,65.7387132167832,88.19521069930072,100.0
00:04:12.252000,346828,441000.0,6.006,733411,1128000.0,657499,948000.0,66.49647000000003,90.57191604166665,100.0
00:04:18.258000,346198,441000.0,6.005999999999972,738785,1128000.0,596899,948000.0,30.957793194444427,92.49881475524474,100.0
00:04:24.264000,396877,441000.0,6.006000000000029,1132684,1128000.0,948773,948000.0,50.139343986013984,88.54937993006992,100.0
00:04:30.270000,402350,441000.0,6.005999999999972,937233,1128000.0,852888,948000.0,57.01707405594407,88.92921048611113,100.0
00:04:36.276000,388323,441000.0,6.006000000000029,910806,1128000.0,834965,948000.0,59.38110597222221,80.22033307692307,100.0
00:04:42.282000,330711,441000.0,6.005999999999972,1034568,1128000.0,817736,948000.0,58.829554055944044,82.69480328671325,100.0
00:04:48.288000,350297,441000.0,6.006000000000029,987176,1128000.0,815455,948000.0,48.92039405594405,86.36488812499998,100.0
00:04:54.294000,404270,441000.0,6.005999999999972,1481102,1128000.0,1073815,948000.0,61.78581562499998,89.501804055944,100.0
00:05:00.300000,306090,441000.0,6.006000000000029,770589,1128000.0,635824,948000.0,60.67985664335665,87.15947748251746,100.0
00:05:06.306000,402145,441000.0,6.005999999999972,968884,1128000.0,814961,948000.0,60.36970479166668,88.04884826388889,100.0
00:05:12.312000,331665,441000.0,6.006000000000029,787643,1128000.0,738017,948000.0,67.51406643356644,88.32227307692307,100.0
00:05:18.318000,360642,441000.0,6.005999999999972,910327,1128000.0,797965,948000.0,42.93582818181819,93.11581333333335,100.0
00:05:24.324000,381165,441000.0,6.006000000000029,842666,1128000.0,741968,948000.0,56.11237555555553,89.21483195804197,100.0
00:05:30.330000,338098,441000.0,6.005999999999972,657479,1128000.0,571464,948000.0,67.35058475524474,90.23658909090912,100.0
00:05:36.336000,304936,441000.0,6.006000000000029,577311,1128000.0,587652,948000.0,51.33130783216781,90.26457958333334,100.0
00:05:42.342000,421292,441000.0,6.005999999999972,1309813,1128000.0,1079376,948000.0,67.70428194444443,88.50267482517481,100.0
00:05:48.348000,185757,441000.0,6.006000000000029,447146,1128000.0,388891,948000.0,73.3856200699301,87.36921279720282,100.0
00:05:54.354000,307829,441000.0,6.005999999999972,704135,1128000.0,606015,948000.0,63.7875793006993,88.64988756944443,100.0
00:06:00.360000,309140,441000.0,6.006000000000029,653665,1128000.0,606107,948000.0,57.07498083333334,89.62799622377625,100.0
00:06:06.366000,417890,441000.0,6.005999999999972,1132365,1128000.0,917810,948000.0,71.55909790209788,89.24638629370631,100.0
00:06:12.372000,250506,441000.0,6.006000000000029,479376,1128000.0,444673,948000.0,60.09754270833336,89.77964166666669,100.0
00:06:18.378000,387819,441000.0,6.005999999999972,812674,1128000.0,644785,948000.0,59.53507475524478,89.81087286713286,100.0
00:06:24.384000,343090,441000.0,6.006000000000029,965890,1128000.0,753680,948000.0,70.09033804195798,84.88542734265735,100.0
00:06:30.390000,257466,441000.0,6.005999999999972,634602,1128000.0,468742,948000.0,67.90114236111114,78.39372562500006,100.0
00:06:36.396000,263404,441000.0,6.006000000000029,636552,1128000.0,451670,948000.0,68.56681097902103,77.9386072727273,100.0
00:06:42.402000,246845,441000.0,6.005999999999972,593373,1128000.0,438554,948000.0,68.56569391608389,91.85830174825176,100.0
00:06:48.408000,257206,441000.0,6.006000000000029,555078,1128000.0,475781,948000.0,69.042080625,88.82844951388886,100.0
00:06:54.414000,381767,441000.0,6.005999999999972,915663,1128000.0,738597,948000.0,72.67195083916091,91.5692286013987,100.0
00:07:00.420000,149454,441000.0,6.006000000000029,368520,1128000.0,278838,948000.0,69.771848125,92.31102631944442,100.0
00:07:06.426000,278968,441000.0,6.005999999999972,688876,1128000.0,530273,948000.0,71.70373006993007,90.60948713286714,100.0
00:07:12.432000,310469,441000.0,6.006000000000029,761054,1128000.0,584895,948000.0,72.84090167832167,92.04610160839164,100.0
00:07:16.519395,231345,441000.0,4.087395833333289,546975,1128000.0,434251,948000.0,80.49023,91.56306,100.0
