delta_t_s,640x360_size_byte,640x360_bitrate,seg_len_s,426x240_size_byte,426x240_bitrate,960x540_size_byte,960x540_bitrate,1920x1080_size_byte,1920x1080_bitrate,1280x720_size_byte,1280x720_bitrate,426x240_vmaf_score,640x360_vmaf_score,960x540_vmaf_score,1280x720_vmaf_score,1920x1080_vmaf_score
00:00:06.080000,343411,484000.0,6.08,227396,290000.0,972785,1348000.0,3618675,5111000.0,2039025,2463000.0,19.165358749999992,34.01230322368419,57.3551277631579,74.33745993421054,100.0
00:00:12.160000,281807,484000.0,6.08,149651,290000.0,726179,1348000.0,2820394,5111000.0,1230848,2463000.0,38.09267602649004,65.72557026490064,77.04270668874173,87.33975205298013,100.0
00:00:18.240000,265742,484000.0,6.079999999999998,146534,290000.0,610214,1348000.0,2876308,5111000.0,1192248,2463000.0,20.466630592105258,54.132690000000004,75.95289460526317,85.4651231578947,100.0
00:00:24.320000,354221,484000.0,6.080000000000002,230574,290000.0,980579,1348000.0,3774857,5111000.0,1988568,2463000.0,26.936674768211926,58.99945105960265,76.70799814569537,87.04931662251656,100.0
00:00:30.400000,382174,484000.0,6.079999999999998,242071,290000.0,986430,1348000.0,3989582,5111000.0,1978160,2463000.0,51.48327602649005,68.4218204635762,77.38560483443709,87.79001807947022,100.0
00:00:36.480000,278302,484000.0,6.079999999999998,148310,290000.0,718539,1348000.0,3124625,5111000.0,1256472,2463000.0,13.46810986842105,49.96623098684206,70.49564427631577,83.26215973684207,100.0
00:00:42.560000,338407,484000.0,6.080000000000005,221841,290000.0,956965,1348000.0,4087054,5111000.0,2089646,2463000.0,36.40492410596026,72.51774331125829,83.29482324503311,90.92563741721852,100.0
00:00:48.640000,290393,484000.0,6.079999999999998,158826,290000.0,721892,1348000.0,2645260,5111000.0,1126622,2463000.0,40.23027940397351,67.96818556291389,75.254430397351,87.9523100662252,100.0
00:00:54.720000,326063,484000.0,6.079999999999998,160127,290000.0,694462,1348000.0,2488763,5111000.0,978533,2463000.0,56.19295900662253,74.47814192052984,80.19258582781458,89.0418882781457,100.0
00:01:00.800000,205573,484000.0,6.079999999999998,96351,290000.0,385838,1348000.0,1838253,5111000.0,664429,2463000.0,51.974370592105295,69.17902822368418,77.3165315131579,89.33174960526314,100.0
00:01:06.880000,175187,484000.0,6.079999999999998,88159,290000.0,367845,1348000.0,1653739,5111000.0,568307,2463000.0,9.007633311258278,62.76393086092718,77.46830470198674,87.02680754966889,100.0
00:01:12.960000,369387,484000.0,6.079999999999998,217167,290000.0,859537,1348000.0,3939599,5111000.0,1723845,2463000.0,8.161768476821189,56.50209158940397,77.80122105960264,88.92303649006621,100.0
00:01:19.040000,359854,484000.0,6.0800000000000125,227816,290000.0,1025498,1348000.0,4691755,5111000.0,2260336,2463000.0,4.800265460526316,45.8320735526316,71.18604144736838,80.17718506578949,100.0
00:01:25.120000,429017,484000.0,6.079999999999998,273715,290000.0,1229638,1348000.0,3824914,5111000.0,2038200,2463000.0,2.647442781456953,55.42070430463575,76.2706534437086,85.0046840397351,100.0
00:01:31.200000,361154,484000.0,6.079999999999998,208025,290000.0,1046496,1348000.0,4007862,5111000.0,1939328,2463000.0,3.0199010596026503,54.742012251655616,75.13738788079466,86.50658609271527,100.0
00:01:37.280000,398810,484000.0,6.079999999999998,243804,290000.0,1076124,1348000.0,4691702,5111000.0,2324789,2463000.0,4.420773355263158,42.48956039473681,71.55559111842108,82.9738319736842,100.0
00:01:43.360000,439012,484000.0,6.079999999999998,269515,290000.0,1281027,1348000.0,4274758,5111000.0,2182430,2463000.0,10.625978807947018,58.99558470198677,77.72766854304636,86.46984629139075,100.0
00:01:49.440000,391739,484000.0,6.079999999999998,238455,290000.0,1201290,1348000.0,4164530,5111000.0,2062190,2463000.0,8.724520198675494,63.24728139072847,78.43331543046361,87.30699874172186,100.0
00:01:55.520000,397036,484000.0,6.079999999999998,237331,290000.0,1135567,1348000.0,3974050,5111000.0,1987443,2463000.0,0.17351258278145693,48.05768629139074,71.96184523178806,83.80186125827818,100.0
00:02:01.600000,402777,484000.0,6.079999999999998,246885,290000.0,1203104,1348000.0,4327554,5111000.0,2176605,2463000.0,1.0529135526315787,43.074300723684196,66.97063427631578,78.55711506578946,100.0
00:02:07.680000,421383,484000.0,6.0800000000000125,246037,290000.0,1216574,1348000.0,4230818,5111000.0,2097163,2463000.0,1.3535552317880792,35.474994569536435,62.692351589403934,75.74914529801322,100.0
00:02:13.760000,411953,484000.0,6.079999999999984,258119,290000.0,1275323,1348000.0,4266690,5111000.0,2139228,2463000.0,0.45964715231788067,38.27876046357615,64.36323509933774,76.56276476821193,100.0
00:02:19.840000,416718,484000.0,6.0800000000000125,246711,290000.0,1166851,1348000.0,4006037,5111000.0,2002753,2463000.0,0.823377960526316,39.80965203947369,66.92218203947365,78.91448486842107,100.0
00:02:25.920000,412084,484000.0,6.079999999999984,253723,290000.0,1199999,1348000.0,4159748,5111000.0,2097165,2463000.0,0.37570350993377494,33.312853973509945,61.54274655629136,75.24025013245034,100.0
00:02:32,416104,484000.0,6.0800000000000125,251274,290000.0,1218605,1348000.0,4118427,5111000.0,2086459,2463000.0,4.223419933774835,39.41490119205297,63.82745145695366,76.25847920529803,100.0
00:02:38.080000,385650,484000.0,6.0800000000000125,227686,290000.0,999218,1348000.0,3722522,5111000.0,1773094,2463000.0,3.321799605263158,62.90247513157898,81.11200565789473,90.36006493421056,100.0
00:02:44.160000,410545,484000.0,6.079999999999984,249058,290000.0,1032304,1348000.0,4064291,5111000.0,1927977,2463000.0,12.473374834437086,51.66617397350992,72.10855384105962,85.14626245033115,100.0
00:02:50.240000,424586,484000.0,6.0800000000000125,266529,290000.0,1187851,1348000.0,4909096,5111000.0,2482840,2463000.0,11.924546887417218,66.22854894039737,81.37192231788084,89.25361139072847,100.0
00:02:56.320000,368638,484000.0,6.079999999999984,219993,290000.0,877546,1348000.0,3694334,5111000.0,1562708,2463000.0,25.146257549668874,64.6173911258278,80.9335290066225,89.75559986754969,100.0
00:03:02.400000,249683,484000.0,6.0800000000000125,162598,290000.0,584114,1348000.0,3021871,5111000.0,1249647,2463000.0,2.9598286184210516,68.88952421052632,83.14948967105265,90.542898618421,100.0
00:03:08.480000,348679,484000.0,6.079999999999984,195743,290000.0,820549,1348000.0,4219505,5111000.0,1563761,2463000.0,0.0,53.94004357615895,73.45737589403976,83.54496940397351,100.0
00:03:14.560000,379238,484000.0,6.0800000000000125,238890,290000.0,1045733,1348000.0,4078362,5111000.0,2167000,2463000.0,5.675195960264902,38.395800927152294,62.094349139072854,79.404810397351,100.0
00:03:20.640000,345301,484000.0,6.079999999999984,206468,290000.0,939661,1348000.0,3826450,5111000.0,1810485,2463000.0,14.06466861842105,67.78172013157894,86.38660440789472,93.79281361842106,100.0
00:03:26.720000,398284,484000.0,6.0800000000000125,240968,290000.0,1099796,1348000.0,4584028,5111000.0,2191638,2463000.0,0.06721079470198675,52.90713410596025,75.16688006622515,85.01815105960264,100.0
00:03:32.800000,413258,484000.0,6.0800000000000125,250832,290000.0,1211276,1348000.0,4620820,5111000.0,2219327,2463000.0,4.020401258278146,48.741561324503316,70.4350298675497,79.73579013245026,100.0
00:03:38.880000,385402,484000.0,6.079999999999984,232680,290000.0,1143961,1348000.0,3690647,5111000.0,1901863,2463000.0,2.1304884210526307,35.008493421052634,63.22494315789472,78.50324796052627,100.0
00:03:44.960000,411217,484000.0,6.0800000000000125,252461,290000.0,1199546,1348000.0,4313184,5111000.0,2187168,2463000.0,1.077612715231788,29.48356350993379,58.34942940397353,71.9509080794702,100.0
00:03:51.040000,412056,484000.0,6.079999999999984,254209,290000.0,1234190,1348000.0,4384202,5111000.0,2148689,2463000.0,7.006982251655629,48.163659668874175,70.16142834437086,80.96773509933776,100.0
00:03:57.120000,391325,484000.0,6.0800000000000125,239329,290000.0,1128763,1348000.0,4035222,5111000.0,1993867,2463000.0,0.03489960264900662,37.25317874172186,65.25209185430464,78.41741450331128,100.0
00:04:03.200000,422088,484000.0,6.079999999999984,251568,290000.0,1203472,1348000.0,4153272,5111000.0,2117842,2463000.0,0.8874407236842105,45.38197953947368,70.3229449342105,82.57657203947366,100.0
00:04:09.280000,392600,484000.0,6.0800000000000125,244473,290000.0,1154934,1348000.0,3965407,5111000.0,2059691,2463000.0,1.7133204635761585,44.85074622516556,68.44934264900665,81.06659503311255,100.0
00:04:15.360000,387524,484000.0,6.0800000000000125,240472,290000.0,1071492,1348000.0,4457383,5111000.0,2092213,2463000.0,0.48636198675496695,33.59733496688742,62.12099960264897,76.81961649006621,100.0
00:04:21.440000,406208,484000.0,6.079999999999984,252520,290000.0,1202783,1348000.0,4361762,5111000.0,2222959,2463000.0,0.24777151315789475,36.07905861842105,63.75367342105264,76.04478519736847,100.0
00:04:27.520000,410001,484000.0,6.079999999999984,258065,290000.0,1187239,1348000.0,4067910,5111000.0,2045036,2463000.0,0.10210635761589404,39.432937350993356,63.22028529801324,76.25837470198675,100.0
00:04:33.600000,402928,484000.0,6.080000000000041,248963,290000.0,1118167,1348000.0,3708761,5111000.0,1905691,2463000.0,3.4769131788079473,46.948998807947035,68.31175602649009,81.32799,100.0
00:04:39.680000,406251,484000.0,6.079999999999984,248919,290000.0,1180837,1348000.0,4318683,5111000.0,2157700,2463000.0,1.3435004605263163,41.591316184210534,68.58933967105264,80.23587125000003,100.0
00:04:45.760000,415577,484000.0,6.079999999999984,252913,290000.0,1242365,1348000.0,4413621,5111000.0,2200284,2463000.0,0.8099288741721852,43.642702450331115,67.6230370198675,78.22997596026491,100.0
00:04:51.840000,424765,484000.0,6.079999999999984,245461,290000.0,1179716,1348000.0,4245435,5111000.0,2059203,2463000.0,0.518317880794702,50.204738410596036,73.6128482781457,83.18728880794703,100.0
00:04:57.920000,408576,484000.0,6.080000000000041,253975,290000.0,1183660,1348000.0,4182609,5111000.0,2156336,2463000.0,0.1153469536423841,33.93721701986756,60.931295364238416,74.61129781456953,100.0
00:05:04,402486,484000.0,6.079999999999984,247936,290000.0,1237285,1348000.0,4266131,5111000.0,2109815,2463000.0,0.2638157894736842,32.5496765131579,57.66744598684206,72.57276328947371,100.0
00:05:10.080000,430558,484000.0,6.079999999999984,251909,290000.0,1223357,1348000.0,4243233,5111000.0,2055682,2463000.0,0.05379311258278145,29.370772715231805,56.43036629139072,72.33745165562915,100.0
00:05:16.160000,405731,484000.0,6.080000000000041,251676,290000.0,1211927,1348000.0,4035781,5111000.0,2050776,2463000.0,0.47472589403973503,44.131949205297985,67.88604947019866,79.05892185430467,100.0
00:05:22.240000,390242,484000.0,6.079999999999984,240476,290000.0,1083433,1348000.0,3894653,5111000.0,1989858,2463000.0,0.0,22.834985065789475,44.75038440789469,60.54836875000002,100.0
00:05:28.320000,386376,484000.0,6.079999999999984,252686,290000.0,1144759,1348000.0,4479860,5111000.0,2217262,2463000.0,0.8117219205298014,40.759025165562925,63.60035741721854,75.93008337748347,100.0
00:05:34.400000,407856,484000.0,6.079999999999984,242157,290000.0,1091492,1348000.0,3920105,5111000.0,2001475,2463000.0,1.967346026490067,32.29803821192051,59.80737099337743,74.83289350993375,100.0
00:05:40.480000,424033,484000.0,6.080000000000041,258317,290000.0,1200426,1348000.0,4283951,5111000.0,2096552,2463000.0,0.13725269736842105,49.94712842105263,72.90142782894736,84.83000927631576,100.0
00:05:46.560000,391543,484000.0,6.079999999999984,237794,290000.0,1103771,1348000.0,4260450,5111000.0,2192189,2463000.0,0.7973233112582778,32.54830019867549,57.446124569536444,71.82150450331125,100.0
00:05:52.640000,376416,484000.0,6.079999999999984,236335,290000.0,1043968,1348000.0,3710811,5111000.0,1945266,2463000.0,0.05177516556291391,28.16892370860926,55.48676768211921,70.13677814569535,100.0
00:05:58.720000,404708,484000.0,6.080000000000041,249680,290000.0,1180231,1348000.0,4337479,5111000.0,2138521,2463000.0,0.9861244370860929,30.277042649006617,53.76359099337749,69.74239437086096,100.0
00:06:04.800000,413841,484000.0,6.079999999999984,255266,290000.0,1177300,1348000.0,4513817,5111000.0,2170107,2463000.0,1.603276447368421,32.25851243421053,55.64869026315789,71.37677750000005,100.0
00:06:10.880000,406620,484000.0,6.079999999999984,239038,290000.0,1026140,1348000.0,3735093,5111000.0,1805894,2463000.0,0.17750907284768208,66.36796119205302,81.6053668874172,89.44326529801326,100.0
00:06:16.960000,425275,484000.0,6.079999999999984,240162,290000.0,1133782,1348000.0,4395737,5111000.0,1947873,2463000.0,17.882849735099335,66.78362854304638,83.01203662251652,91.18473238410594,100.0
00:06:23.040000,356536,484000.0,6.080000000000041,196496,290000.0,998258,1348000.0,4208298,5111000.0,1830937,2463000.0,38.96109750000001,74.49469559210526,87.14452835526315,92.56367973684209,100.0
00:06:28.080000,65784,484000.0,5.039999999999964,23818,290000.0,181672,1348000.0,1739711,5111000.0,386608,2463000.0,58.108530529801335,75.56981993377487,86.93015384105958,92.46398582781458,100.0
00:06:33.400000,52378,484000.0,5.319999999999993,22560,290000.0,158976,1348000.0,1407910,5111000.0,321656,2463000.0,58.108530529801335,75.56981993377487,86.93015384105958,92.46398582781458,100.0
