delta_t_s,640x346_size_byte,640x346_bitrate,seg_len_s,426x230_size_byte,426x230_bitrate,960x520_size_byte,960x520_bitrate,1996x1080_size_byte,1996x1080_bitrate,1332x720_size_byte,1332x720_bitrate,426x230_vmaf_score,640x346_vmaf_score,960x520_vmaf_score,1332x720_vmaf_score,1996x1080_vmaf_score
00:00:06.041666,70043,272000.0,6.041666666666667,41719,125000.0,147648,665000.0,603272,2616000.0,263798,1260000.0,79.64507493055554,87.01590624999999,90.92353784722216,93.2403788888889,100.0
00:00:12.125000,113959,272000.0,6.083333333333333,55580,125000.0,252663,665000.0,1125147,2616000.0,484451,1260000.0,88.97907472222225,91.51148347222231,93.17329854166671,94.20329090277787,100.0
00:00:18.166666,95729,272000.0,6.041666666666668,51586,125000.0,197244,665000.0,751652,2616000.0,344147,1260000.0,60.97461305555555,78.52219381944444,88.73771249999997,93.13543208333334,100.0
00:00:24.250000,206079,272000.0,6.083333333333332,91241,125000.0,459458,665000.0,1939363,2616000.0,896824,1260000.0,52.09135756944445,74.3236314583333,87.30474333333339,92.69237541666666,100.0
00:00:30.333333,155594,272000.0,6.083333333333332,68578,125000.0,344807,665000.0,1529936,2616000.0,737120,1260000.0,52.65432770833334,75.15200104166667,87.56435361111113,92.85675201388887,100.0
00:00:36.375000,169239,272000.0,6.041666666666668,76044,125000.0,376714,665000.0,1649641,2616000.0,771974,1260000.0,53.07826951388888,75.00705548611108,87.46246250000002,92.7549520833334,100.0
00:00:42.458333,158865,272000.0,6.083333333333336,70981,125000.0,368267,665000.0,1652294,2616000.0,774725,1260000.0,48.41461888888888,73.30845604166669,87.06014652777779,92.81171875000001,100.0
00:00:48.541666,225308,272000.0,6.083333333333329,105656,125000.0,508090,665000.0,2088589,2616000.0,1025830,1260000.0,52.56840590277777,72.55710895833333,86.56549715277782,92.56294083333333,100.0
00:00:54.625000,190898,272000.0,6.083333333333336,88218,125000.0,421325,665000.0,1809335,2616000.0,888627,1260000.0,52.748268402777775,73.76554055555559,87.49467770833331,92.91531506944445,100.0
00:01:00.708333,199852,272000.0,6.083333333333336,96339,125000.0,478074,665000.0,1920430,2616000.0,963681,1260000.0,54.9069385416667,75.47910680555553,88.55344840277782,93.11116701388886,100.0
00:01:06.791666,174287,272000.0,6.083333333333336,83028,125000.0,396053,665000.0,1651598,2616000.0,788373,1260000.0,52.76913597222223,75.38826701388889,88.46256604166668,93.0411684722222,100.0
00:01:12.875000,191861,272000.0,6.083333333333329,95514,125000.0,446120,665000.0,1717117,2616000.0,839681,1260000.0,53.81516729166664,75.0437257638889,88.26699972222222,93.5551483333333,100.0
00:01:18.958333,175739,272000.0,6.083333333333329,79662,125000.0,399556,665000.0,1607655,2616000.0,785043,1260000.0,52.85724229166667,74.98363604166664,88.38154986111111,93.69677333333331,100.0
00:01:25.041666,165970,272000.0,6.083333333333343,76528,125000.0,395221,665000.0,1620372,2616000.0,786201,1260000.0,53.839327986111115,75.31859006944448,88.56224881944448,93.69819687499995,100.0
00:01:31.125000,168246,272000.0,6.083333333333329,76036,125000.0,392109,665000.0,1636902,2616000.0,777403,1260000.0,52.461047986111126,74.91261798611114,88.52196583333328,93.72115027777772,100.0
00:01:37.208333,157768,272000.0,6.083333333333329,75874,125000.0,375998,665000.0,1550037,2616000.0,737739,1260000.0,44.80835381944445,72.06558729166667,86.85457798611105,92.52272145833336,100.0
00:01:43.291666,205462,272000.0,6.083333333333343,100771,125000.0,488909,665000.0,1827412,2616000.0,916896,1260000.0,43.948682291666664,71.4128751388889,86.44600368055555,92.13978388888887,100.0
00:01:49.375000,192149,272000.0,6.083333333333329,90134,125000.0,437436,665000.0,1637076,2616000.0,819803,1260000.0,55.24807486111112,75.64147173611111,87.36086743055553,92.18518722222221,100.0
00:01:55.458333,426646,272000.0,6.083333333333329,204405,125000.0,1254643,665000.0,4881616,2616000.0,2463611,1260000.0,61.07279486111112,77.68639083333329,88.18061041666665,92.02950298611111,100.0
00:02:01.541666,415121,272000.0,6.083333333333343,197718,125000.0,1251780,665000.0,4201477,2616000.0,2097487,1260000.0,66.03695173611108,78.83744784722221,86.0071602777778,88.85114312499996,100.0
00:02:07.625000,386604,272000.0,6.083333333333329,147067,125000.0,935532,665000.0,3589469,2616000.0,1713929,1260000.0,65.44926659722222,78.98390868055559,85.98955020833334,89.01291027777776,100.0
00:02:13.708333,389878,272000.0,6.083333333333343,147270,125000.0,929702,665000.0,3634440,2616000.0,1697364,1260000.0,59.29621965277777,78.60520173611113,86.23291305555556,89.32328840277778,100.0
00:02:19.791666,402741,272000.0,6.083333333333314,153061,125000.0,962250,665000.0,3670268,2616000.0,1743582,1260000.0,74.87665270833342,83.86755430555563,88.86829291666676,90.9278704861112,100.0
00:02:25.875000,191629,272000.0,6.083333333333343,79017,125000.0,469369,665000.0,1915825,2616000.0,862304,1260000.0,50.14115034722223,78.62652201388886,88.86908131944445,93.41020131944445,100.0
00:02:31.958333,170837,272000.0,6.083333333333343,76369,125000.0,377023,665000.0,1640013,2616000.0,797474,1260000.0,50.751714652777785,73.25882416666664,86.43192020833328,92.24069069444442,100.0
00:02:38.041666,171077,272000.0,6.083333333333314,79247,125000.0,377647,665000.0,1711245,2616000.0,789392,1260000.0,49.35123604166667,74.41204395833334,87.05423173611108,92.52062555555557,100.0
00:02:44.125000,190712,272000.0,6.083333333333343,91207,125000.0,442189,665000.0,1788597,2616000.0,903562,1260000.0,50.80843805555556,75.93219493055554,88.23571618055554,93.1769155555556,100.0
00:02:50.208333,201804,272000.0,6.083333333333343,96133,125000.0,459689,665000.0,1744282,2616000.0,894829,1260000.0,31.542957500000007,74.32553777777775,87.36088833333332,92.83602618055558,100.0
00:02:56.291666,261467,272000.0,6.083333333333314,152238,125000.0,606037,665000.0,1942019,2616000.0,1041394,1260000.0,23.407353124999997,74.08772715277783,87.61031381944444,93.22549145833331,100.0
00:03:02.375000,250036,272000.0,6.083333333333343,129209,125000.0,496397,665000.0,1817534,2616000.0,929031,1260000.0,29.146564861111123,73.00501694444444,86.3975514583333,92.40873666666663,100.0
00:03:08.458333,303283,272000.0,6.083333333333343,150069,125000.0,619073,665000.0,2145702,2616000.0,1136470,1260000.0,32.915360138888886,71.03713152777779,85.45149972222221,92.09280569444442,100.0
00:03:14.541666,223246,272000.0,6.083333333333314,117003,125000.0,500920,665000.0,1753881,2616000.0,927107,1260000.0,51.71954409722221,73.65543097222222,88.01969083333334,93.09744263888884,100.0
00:03:20.625000,157956,272000.0,6.083333333333343,82955,125000.0,363330,665000.0,1409592,2616000.0,714104,1260000.0,47.65905798611112,73.75962041666668,87.92261000000003,93.09309451388893,100.0
00:03:26.708333,193207,272000.0,6.083333333333343,95970,125000.0,454961,665000.0,1763705,2616000.0,917947,1260000.0,49.916141111111095,74.3606188888889,87.39756430555556,92.7984836111111,100.0
00:03:32.791666,184378,272000.0,6.083333333333314,88448,125000.0,413166,665000.0,1689572,2616000.0,863318,1260000.0,59.594090069444434,76.30152402777773,87.77894326388888,92.21808236111107,100.0
00:03:38.875000,370725,272000.0,6.083333333333343,144730,125000.0,957958,665000.0,3781213,2616000.0,1759225,1260000.0,50.08320687499998,80.90003819444443,88.48013784722224,91.61146590277775,100.0
00:03:44.958333,400229,272000.0,6.083333333333343,155791,125000.0,1068478,665000.0,4121177,2616000.0,1918627,1260000.0,48.14238430555557,78.42155305555555,87.97981993055555,91.52858263888889,100.0
00:03:51.041666,430274,272000.0,6.083333333333314,169995,125000.0,1148259,665000.0,4508080,2616000.0,2072194,1260000.0,61.8958854166666,84.18052319444465,90.863950902778,93.67035743055577,100.0
00:03:57.125000,169735,272000.0,6.083333333333343,82817,125000.0,441696,665000.0,1736890,2616000.0,846950,1260000.0,34.45299833333333,73.75454722222219,86.91105659722228,92.32861506944442,100.0
00:04:03.208333,176016,272000.0,6.083333333333343,87632,125000.0,407610,665000.0,1565017,2616000.0,786533,1260000.0,44.680215208333316,71.90563826388889,86.47692069444446,92.55455062499998,100.0
00:04:09.291666,122795,272000.0,6.083333333333314,65663,125000.0,285929,665000.0,1162356,2616000.0,554794,1260000.0,48.698251111111134,71.90027333333332,86.85868298611113,92.95595423611115,100.0
00:04:15.375000,140786,272000.0,6.083333333333343,72294,125000.0,321481,665000.0,1203618,2616000.0,615645,1260000.0,47.21344645833333,71.750455625,86.86735909722228,92.816278125,100.0
00:04:21.458333,137780,272000.0,6.083333333333314,73922,125000.0,316508,665000.0,1195795,2616000.0,591300,1260000.0,47.79809881944444,72.10057694444444,87.05658131944443,92.87326076388884,100.0
00:04:27.541666,168210,272000.0,6.083333333333371,82288,125000.0,384264,665000.0,1420013,2616000.0,744672,1260000.0,48.18846888888889,74.88837854166664,88.31039000000004,93.44205229166664,100.0
00:04:33.625000,130870,272000.0,6.083333333333314,57427,125000.0,291654,665000.0,1303786,2616000.0,599693,1260000.0,52.243883055555536,76.27008652777778,88.69010611111113,93.65886743055556,100.0
00:04:39.708333,132552,272000.0,6.083333333333314,58488,125000.0,297576,665000.0,1349961,2616000.0,607209,1260000.0,46.442094166666664,76.67131291666664,88.93824388888892,93.47474694444445,100.0
00:04:45.791666,140244,272000.0,6.083333333333371,62245,125000.0,298188,665000.0,1260260,2616000.0,566207,1260000.0,36.93934645833333,78.12800743055554,90.01159486111109,93.37612791666669,100.0
00:04:51.875000,107413,272000.0,6.083333333333314,48652,125000.0,230722,665000.0,1050503,2616000.0,431534,1260000.0,38.13727680555555,77.70968215277777,90.03840951388894,93.55720430555562,100.0
00:04:57.958333,182611,272000.0,6.083333333333314,79446,125000.0,410801,665000.0,1604268,2616000.0,736521,1260000.0,52.19916229166669,79.25653638888889,88.47603756944446,91.4484280555555,100.0
00:05:04.041666,438414,272000.0,6.083333333333371,178970,125000.0,1122512,665000.0,4134737,2616000.0,1978059,1260000.0,61.10142777777772,79.85096375000002,87.56984166666662,90.31999472222222,100.0
00:05:10.125000,420716,272000.0,6.083333333333314,193743,125000.0,1163102,665000.0,4322176,2616000.0,2065919,1260000.0,54.52594847222221,78.26489194444441,86.96352854166668,90.00104784722222,100.0
00:05:16.166666,407361,272000.0,6.041666666666686,194214,125000.0,1172523,665000.0,4345329,2616000.0,2069643,1260000.0,47.62686798611109,78.02043736111112,87.02071548611113,90.03706631944445,100.0
00:05:22.291666,433763,272000.0,6.125,235703,125000.0,1297442,665000.0,4610959,2616000.0,2307347,1260000.0,49.533542847222215,75.81821923611112,86.60549375,90.20719437500003,100.0
00:05:28.375000,415424,272000.0,6.083333333333314,208576,125000.0,1208754,665000.0,4194941,2616000.0,2127749,1260000.0,47.89186944444442,77.15816118055557,86.58879972222219,89.57917986111107,100.0
00:05:34.458333,328703,272000.0,6.083333333333314,155917,125000.0,913111,665000.0,3180145,2616000.0,1593432,1260000.0,62.209476319444406,85.04888930555558,90.48687715277784,92.60820812500005,100.0
00:05:40.541666,137776,272000.0,6.083333333333371,62761,125000.0,297853,665000.0,1302438,2616000.0,580725,1260000.0,44.20664201388888,75.21253923611111,87.76330458333331,93.10628486111108,100.0
00:05:46.625000,127698,272000.0,6.083333333333314,55526,125000.0,271048,665000.0,1225946,2616000.0,546354,1260000.0,44.842484444444445,74.0989649305556,87.26318749999997,92.91692180555552,100.0
00:05:52.708333,134922,272000.0,6.083333333333314,54246,125000.0,314430,665000.0,1365495,2616000.0,618038,1260000.0,46.58527152777779,75.67659041666671,88.80565555555552,93.6212710416667,100.0
00:05:58.791666,148523,272000.0,6.083333333333371,60655,125000.0,319055,665000.0,1394856,2616000.0,638252,1260000.0,53.79126659722222,76.92704381944445,89.72324479166667,93.99862624999997,100.0
00:06:04.875000,153134,272000.0,6.083333333333314,63020,125000.0,326588,665000.0,1397728,2616000.0,649651,1260000.0,51.14025965277778,77.0484803472222,89.6339067361111,93.93391215277778,100.0
00:06:10.958333,164889,272000.0,6.083333333333314,71110,125000.0,340686,665000.0,1425017,2616000.0,665003,1260000.0,44.37103097222223,76.75845041666662,89.46727916666667,93.63999590277778,100.0
00:06:17.041666,125471,272000.0,6.083333333333371,52273,125000.0,280121,665000.0,1271594,2616000.0,569401,1260000.0,56.64137902777776,77.82526743055558,90.18930083333333,94.16284034722227,100.0
00:06:23.125000,140764,272000.0,6.083333333333314,57914,125000.0,299044,665000.0,1346910,2616000.0,597777,1260000.0,51.76802354166665,77.89548333333329,90.09575173611111,94.17371062499997,100.0
00:06:29.208333,182536,272000.0,6.083333333333314,82150,125000.0,408245,665000.0,1679756,2616000.0,795455,1260000.0,48.593879930555545,79.494041875,92.47458145833338,94.30990451388881,100.0
00:06:35.291666,385525,272000.0,6.083333333333371,242447,125000.0,1160165,665000.0,4845716,2616000.0,2433635,1260000.0,39.95235458333332,76.26429819444442,89.6597445833333,93.00914145833337,100.0
00:06:41.375000,177851,272000.0,6.083333333333314,80653,125000.0,412174,665000.0,1605354,2616000.0,771705,1260000.0,54.03833229166662,78.44651986111111,89.88590256944438,94.14536743055564,100.0
00:06:47.458333,144813,272000.0,6.083333333333314,62926,125000.0,307136,665000.0,1334107,2616000.0,607378,1260000.0,50.394915763888896,77.97373409722222,89.59108243055557,94.0469418055556,100.0
00:06:53.541666,162792,272000.0,6.083333333333371,70890,125000.0,354134,665000.0,1473372,2616000.0,689159,1260000.0,49.878446805555576,78.73864236111112,90.44308201388887,94.0920898611111,100.0
00:06:59.625000,138204,272000.0,6.083333333333314,59068,125000.0,296670,665000.0,1318431,2616000.0,594902,1260000.0,54.57641965277778,78.96713145833333,91.10932388888887,93.89174430555558,100.0
00:07:05.708333,155130,272000.0,6.083333333333314,66493,125000.0,325542,665000.0,1388396,2616000.0,638000,1260000.0,51.172994791666696,77.51266416666665,90.40956131944449,93.47020555555551,100.0
00:07:11.791666,155229,272000.0,6.083333333333371,67789,125000.0,326723,665000.0,1371076,2616000.0,632607,1260000.0,52.12546541666666,78.19178881944444,90.8500342361111,93.68206513888892,100.0
00:07:17.875000,148111,272000.0,6.083333333333314,63459,125000.0,314790,665000.0,1381736,2616000.0,623149,1260000.0,57.09460333333335,78.74148277777778,91.1917526388889,93.98279951388889,100.0
00:07:23.958333,46220,272000.0,6.083333333333314,23387,125000.0,97339,665000.0,357339,2616000.0,177961,1260000.0,41.42061284722224,72.66287958333324,86.9089004166666,93.45301749999987,100.0
00:07:27,16496,272000.0,3.0416666666666856,10378,125000.0,28413,665000.0,56388,2616000.0,38712,1260000.0,43.67697951388888,58.58992013888891,81.49217923611124,92.58979624999995,100.0
00:07:30,9375,272000.0,3.0,6143,125000.0,15709,665000.0,32609,2616000.0,22144,1260000.0,43.67697951388888,58.58992013888891,81.49217923611124,92.58979624999995,100.0
