delta_t_s,1280x720_bitrate,1280x720_size_byte,444x250_bitrate,444x250_size_byte,640x360_bitrate,640x360_size_byte,854x480_bitrate,854x480_size_byte,seg_len_s,444x250_vmaf_score,640x360_vmaf_score,854x480_vmaf_score,1280x720_vmaf_score
00:00:10.023222,1799268.0,2254308,211872.0,265456,599756.0,751436,1025452.0,1284792,10.023222,52.853765060728776,73.8571148582996,84.73858068825909,100.0
00:00:20.023222,1599052.0,1998816,195820.0,244776,548358.0,685448,921200.0,1151500,10.0,52.40835069105686,73.73668723577234,84.61943808943089,100.0
00:00:30.023222,1551225.0,1939032,190105.0,237632,528054.0,660068,880742.0,1100928,10.0,54.70283481781378,74.9644303238867,85.1179898785425,100.0
00:00:40.023222,1445344.0,1806680,181683.0,227104,496620.0,620776,830508.0,1038136,10.0,55.0056648178138,74.91936728744939,85.11467659919035,100.0
00:00:50.023222,1470160.0,1837700,187553.0,234812,512713.0,640892,858483.0,1073104,10.0,55.688177601626016,75.3867458943089,85.38920138211377,100.0
00:01:00.023578,1424387.0,1780548,180179.0,225224,497072.0,621340,828223.0,1035316,10.000356,56.405905384615416,69.35095919028336,85.45713311740894,100.0
00:01:10.023578,1395411.0,1744264,175516.0,219396,485491.0,606864,811859.0,1014824,10.0,56.86944631578949,69.20362417004046,85.56781708502025,100.0
00:01:20.023578,1434064.0,1792580,190853.0,238948,511510.0,639388,849910.0,1062388,10.0,56.815520772357715,68.3698806097561,85.12378186991867,100.0
00:01:30.023578,1444441.0,1805552,194607.0,243272,516624.0,645780,858934.0,1073668,10.0,52.838054170040465,60.15102388663969,84.63691591093118,100.0
00:01:40.023578,1577846.0,1972308,224998.0,281248,573926.0,717408,958198.0,1197748,10.0,54.27659465587046,63.91117890688259,84.81024412955472,100.0
00:01:50.023578,1511670.0,1889588,211161.0,263952,544297.0,680372,905408.0,1131760,10.0,53.901234796748,64.24641532520324,85.19480504065041,100.0
00:02:00.023578,1482944.0,1853680,195656.0,244588,522790.0,653488,867356.0,1084196,10.0,53.72254125506069,65.74965449392714,84.8801487854252,100.0
00:02:10.023578,1598902.0,1998628,218681.0,273352,577836.0,722296,956694.0,1195868,10.0,54.947234696356304,69.21168619433196,85.23192943319835,100.0
00:02:20.023578,1344124.0,1680156,166492.0,208116,460073.0,575092,765536.0,956920,10.0,54.775968780487794,71.34246390243905,85.0580872357723,100.0
00:02:30.024478,1333777.0,1667372,168598.0,210748,458419.0,573024,757947.0,947520,10.0009,54.19173866396763,69.89050400809714,84.72780846153843,100.0
00:02:40.024478,1292988.0,1616236,162432.0,203040,447590.0,559488,738464.0,923080,10.0,54.18567716599186,69.45526777327936,84.80781688259114,100.0
00:02:50.024478,1297801.0,1622252,167846.0,209808,454960.0,568700,747337.0,934172,10.0,55.789055691056916,70.1636324390244,85.15436626016255,100.0
00:03:00.024478,1294944.0,1618680,165440.0,206800,452553.0,565692,744480.0,930600,10.0,56.11790643724694,71.97891611336033,85.00705534412954,100.0
00:03:10.024478,1330438.0,1663048,179126.0,223908,476016.0,595020,779372.0,974216,10.0,55.47824635627529,70.7872498380567,84.86125971659915,100.0
00:03:20.024478,1321414.0,1651768,177020.0,221276,472857.0,591072,773206.0,966508,10.0,55.37968719512194,69.43121650406502,84.88919353658534,100.0
00:03:30.024478,1325174.0,1656468,183638.0,229548,487296.0,609120,796668.0,995836,10.0,55.433720404858356,68.28266890688256,85.06253554655872,100.0
00:03:40.033545,1331487.0,1665868,183638.0,229548,488048.0,610060,812776.0,1016892,10.009067,55.626304736842094,68.69317080971658,85.29147898785429,100.0
00:03:50.033545,1406089.0,1757612,210560.0,263200,532115.0,665144,898038.0,1122548,10.0,54.493241991869944,69.67698747967478,85.1539017886179,100.0
00:04:00.033545,1364128.0,1705160,196121.0,245152,511360.0,639200,876531.0,1095664,10.0,55.90621336032386,71.11686445344128,85.35567449392711,100.0
00:04:10.042790,1322297.0,1654400,188451.0,235564,494665.0,618332,843415.0,1055244,10.009245,56.76736275303641,71.39810275303647,85.59000574898785,100.0
00:04:20.042790,1438275.0,1797844,207100.0,258876,536627.0,670784,901196.0,1126496,10.0,55.94558727642273,72.37323117886181,85.32318475609756,100.0
00:04:30.042790,1369843.0,1712304,187248.0,234060,494364.0,617956,822387.0,1027984,10.0,55.166093441295565,69.82424170040484,84.59284032388662,100.0
00:04:40.042790,1348486.0,1685608,178825.0,223532,476617.0,595772,772454.0,965568,10.0,55.981619268292725,71.68247117886182,84.98173987804877,100.0
00:04:50.042790,1307878.0,1634848,165740.0,207176,449696.0,562120,718460.0,898076,10.0,56.328277530364424,72.27034157894732,85.00546647773275,100.0
00:05:00.042790,1314496.0,1643120,171155.0,213944,457968.0,572460,734102.0,917628,10.0,57.273381255060755,71.45469947368419,85.53821000000002,100.0
00:05:10.042790,1358412.0,1698016,181833.0,227292,472256.0,590320,766739.0,958424,10.0,57.333085894308915,70.4480784552846,85.41399662601627,100.0
00:05:20.042790,1298854.0,1623568,169049.0,211312,446537.0,558172,730192.0,912740,10.0,57.66643344129558,69.11624716599196,85.56399919028337,100.0
00:05:30.042790,1463843.0,1829804,217628.0,272036,539635.0,674544,865100.0,1081376,10.0,55.02384655870448,66.12881615384615,84.58634728744934,100.0
00:05:40.042790,1565212.0,1956516,226352.0,282940,571520.0,714400,928118.0,1160148,10.0,54.470697073170726,68.42839776422763,84.69956544715448,100.0
00:05:50.042790,1471212.0,1839016,188270.0,235752,507750.0,634688,848256.0,1060320,10.0,53.40591927125506,65.16188089068822,84.40362412955464,100.0
00:06:00.042790,1423836.0,1779796,178825.0,223532,490604.0,613256,820131.0,1025164,10.0,53.25787526315795,63.02760182186236,84.40851522267204,100.0
00:06:10.042790,1482944.0,1853680,198828.0,248536,521136.0,651420,869913.0,1087392,10.0,53.115321991869926,60.78033772357723,84.3038331300813,100.0
00:06:20.042790,1521145.0,1901432,212515.0,265644,541740.0,677176,902851.0,1128564,10.0,52.43061125506074,60.864290566801614,84.1878555870446,100.0
00:06:30.042790,1460985.0,1826232,195520.0,244400,507449.0,634312,856227.0,1070284,10.0,52.00441372469634,60.989311214574954,83.99884481781382,100.0
00:06:40.042790,1590179.0,1987724,229209.0,286512,577385.0,721732,964665.0,1205832,10.0,50.65227134146342,57.10528028455284,83.74416865853657,100.0
00:06:50.042790,1562054.0,1952568,217328.0,271660,555427.0,694284,927366.0,1159208,10.0,50.99525145748989,59.64832777327934,83.87976194331985,100.0
00:07:00.042790,1535132.0,1918916,205747.0,257184,533769.0,667212,894128.0,1117660,10.0,50.96766591093117,65.93115510121457,83.93192991902829,100.0
00:07:10.042790,1499036.0,1873796,192512.0,240640,512713.0,640892,864198.0,1080248,10.0,51.149759593495936,65.5067129268293,84.09054166666667,100.0
00:07:20.042790,1475875.0,1844844,192013.0,240452,510006.0,637508,853369.0,1066712,10.0,47.462834898785395,64.25216242914979,83.75787753036442,100.0
00:07:30.042790,1454217.0,1817772,188300.0,235376,508652.0,635816,843443.0,1054304,10.0,47.63532882591093,66.97621639676116,83.88990542510125,100.0
00:07:40.042790,1416016.0,1770020,192963.0,241204,499628.0,624536,833516.0,1041896,10.0,44.26543731707314,62.913518089430895,83.70614247967481,100.0
00:07:50.042790,1451209.0,1814012,202739.0,253424,517376.0,646720,859987.0,1074984,10.0,46.23746935222671,65.52818821862351,84.16327910931174,100.0
00:08:00.042790,1388643.0,1735804,189298.0,236692,491507.0,614384,814265.0,1017832,10.0,48.79170522267205,68.05694214574899,84.51130352226723,100.0
00:08:10.042790,1314195.0,1642744,175065.0,218832,449967.0,563060,766438.0,958048,10.0,49.821923739837395,67.41103414634144,84.64193678861794,100.0
00:08:20.042790,1416016.0,1770020,207100.0,258876,513616.0,642020,860588.0,1075736,10.0,46.293139716599164,63.5535801214575,84.30476935222669,100.0
00:08:30.042790,1578748.0,1973436,239737.0,299672,579942.0,724928,968726.0,1210908,10.0,38.406513400809736,56.136264251012165,84.31680048582996,100.0
00:08:40.042790,1555436.0,1944296,209958.0,262448,538147.0,673416,916387.0,1145484,10.0,35.48707939024391,59.90320418699185,82.69471711382111,100.0
00:08:42.962790,1582290.0,577536,201391.0,73508,522279.0,190632,908065.0,331444,2.92,35.48707939024391,59.90320418699185,82.69471711382111,100.0
