delta_t_s,1280x720_bitrate,1280x720_size_byte,1920x1080_bitrate,1920x1080_size_byte,444x250_bitrate,444x250_size_byte,640x360_bitrate,640x360_size_byte,854x480_bitrate,854x480_size_byte,seg_len_s,444x250_vmaf_score,640x360_vmaf_score,854x480_vmaf_score,1280x720_vmaf_score,1920x1080_vmaf_score
00:00:10.033222,1293504.0,1622252,2778733.0,3484956,195322.0,244964,454802.0,570392,753857.0,945452,10.033222,17.358427333333335,47.897744616666635,66.10443464999993,79.94191720000002,100.0
00:00:20.043222,1431128.0,1790700,3007699.0,3763384,218312.0,273164,523470.0,654992,855522.0,1070472,10.01,17.75690655000003,47.993701400000006,65.79848363333333,79.36965810000004,100.0
00:00:30.053222,1292448.0,1617176,2786982.0,3487212,194873.0,243836,463820.0,580356,765071.0,957296,10.01,16.48092606666667,45.84726656666665,64.04116183333332,78.75123784999997,100.0
00:00:40.063222,1346989.0,1685420,2859102.0,3577452,199681.0,249852,470431.0,588628,782650.0,979292,10.01,17.273225850000017,46.96591459999999,65.04706788333334,79.45953948333324,100.0
00:00:50.073222,1167590.0,1460948,2455231.0,3072108,165274.0,206800,413487.0,517376,693252.0,867432,10.01,17.367353316666684,47.11047594999998,65.27658198333332,79.76107866666672,100.0
00:01:00.093177,1181290.0,1479560,2462848.0,3084704,176994.0,221464,428662.0,536364,708174.0,886984,10.019955,13.724832349999996,38.251155616666665,63.38092296666666,78.39604980000004,100.0
00:01:10.103188,1407237.0,1760808,2876828.0,3599636,206292.0,258124,490865.0,614196,831330.0,1040204,10.010011,11.505249116666668,34.26831983333336,64.48113343333328,78.79011464999992,100.0
00:01:20.113199,1566652.0,1960276,3154490.0,3947060,237995.0,297792,565539.0,707632,934702.0,1169548,10.010011,9.878213316666658,29.886230083333345,64.38395433333332,78.8553530166666,100.0
00:01:30.123210,1557487.0,1948808,3177177.0,3975448,240549.0,300988,570497.0,713836,926739.0,1159584,10.010011,16.72380005,34.5087015166667,68.0780959333334,79.92271420000002,100.0
00:01:40.133221,1582278.0,1979828,3280399.0,4104604,233487.0,292152,559078.0,699548,930495.0,1164284,10.010011,25.06493496666669,46.250006494156985,67.98320083472451,79.65518507512517,100.0
00:01:50.143221,1331212.0,1665680,2778117.0,3476120,186159.0,232932,447894.0,560428,771832.0,965756,10.01,23.46283353333333,42.93926841666671,68.07665678333329,80.4315575333334,100.0
00:02:00.153221,1491078.0,1865712,3055178.0,3822792,214256.0,268088,505289.0,632244,866490.0,1084196,10.01,33.84154353333333,53.10056130000001,72.05065381666655,82.88092668333333,100.0
00:02:10.163221,967758.0,1210908,2120624.0,2653432,153104.0,191572,359247.0,449508,581616.0,727748,10.01,26.742902933333323,44.81466805000003,70.52630519999997,81.79605690000002,100.0
00:02:20.173221,1247824.0,1561340,2584445.0,3233788,208696.0,261132,465022.0,581860,747943.0,935864,10.01,10.81746011666667,30.54580015000002,64.5175201666666,77.18381158333335,100.0
00:02:30.183221,1776703.0,2223100,3474675.0,4347688,277962.0,347800,666658.0,834156,1075487.0,1345704,10.01,15.38484861666668,36.3027575,64.91526750000003,77.40955296666665,100.0
00:02:40.193221,1673030.0,2093380,3384976.0,4235452,257678.0,322420,616925.0,771928,1000663.0,1252080,10.01,19.428125416666663,39.863498249999964,65.85316955000003,77.55013541666668,100.0
00:02:50.212099,1739851.0,2178920,3490661.0,4371564,272252.0,340656,640063.0,800880,1040458.0,1303028,10.018878,9.432348600000003,28.08142824999999,64.1152196833334,77.22342703333327,100.0
00:03:00.222110,1646735.0,2060480,3329080.0,4165516,251367.0,314524,608210.0,761024,985336.0,1232904,10.010011,6.343530783333326,23.15146943333335,63.54491769999999,77.26566003333318,100.0
00:03:10.232121,1672127.0,2092252,3353871.0,4196536,258279.0,323172,619779.0,775500,1001713.0,1253396,10.010011,2.2774143999999987,14.813783499999996,63.28646238333338,77.3220057333333,100.0
00:03:20.242132,1685049.0,2108420,3355223.0,4198228,255574.0,319788,633310.0,792608,1019593.0,1275768,10.010011,2.9803425,27.491508833333366,62.731819583333355,77.18617666666661,100.0
00:03:30.252176,1676479.0,2097704,3367532.0,4213644,250466.0,313396,622484.0,778884,1008021.0,1261292,10.010045,6.070111666666667,31.476139065108512,63.0145039398998,77.32472148580969,100.0
00:03:40.262177,1665518.0,2083980,3347113.0,4188076,250766.0,313772,605656.0,757828,993751.0,1243432,10.01,0.2320843333333333,18.27406106666667,62.084346666666704,77.6612939166667,100.0
00:03:50.272177,1837103.0,2298676,3772771.0,4720680,264890.0,331444,647125.0,809716,1084051.0,1356420,10.01,2.48289005,28.10765874999999,63.91053441666673,78.94918669999994,100.0
00:04:00.282177,1723364.0,2156360,3539433.0,4428716,252569.0,316028,606107.0,758392,1010880.0,1264864,10.01,3.871379933333328,31.22856599999999,63.689447116666656,78.91132056666663,100.0
00:04:10.292177,1687605.0,2111616,3428248.0,4289596,239948.0,300236,588378.0,736208,995404.0,1245500,10.01,7.99684811666667,33.49884280000003,64.61701340000003,79.48820500000002,100.0
00:04:20.302177,1805551.0,2259196,3602087.0,4507112,250616.0,313584,626678.0,785088,1062115.0,1328972,10.01,4.774993366666667,31.60757171666667,62.55475154999993,77.67790096666661,100.0
00:04:30.312188,1669423.0,2088868,3375056.0,4223044,234689.0,293656,570948.0,714400,971363.0,1215420,10.010011,7.1459731499999934,34.27116216666663,62.951213633333346,78.34667789999999,100.0
00:04:40.322199,1707736.0,2136808,3386775.0,4237708,236793.0,296288,576657.0,721544,998408.0,1249260,10.010011,13.598908483333332,40.47221849999999,62.016408683333275,76.6123239666667,100.0
00:04:50.332210,1236253.0,1546864,2577381.0,3224952,178196.0,222968,414238.0,518316,714436.0,893940,10.010011,8.238990299999994,34.15145501666669,58.31470899999999,73.0128015,100.0
00:05:00.342221,1523681.0,1906508,3250048.0,4066628,224472.0,280872,518210.0,648412,860329.0,1076488,10.010011,2.2833437333333344,20.87849871666666,50.83773006666667,66.68807290000001,100.0
00:05:10.352221,1765885.0,2209564,3950666.0,4943272,233187.0,291776,575606.0,720228,975120.0,1220120,10.01,2.266648933333333,20.945697866666695,50.88068145000005,66.22047601666664,100.0
00:05:20.384399,1773824.0,2224416,3889162.0,4877096,236643.0,296100,585974.0,733200,994853.0,1247568,10.032178,2.8805976500000012,15.67121642737897,56.32976943238729,70.24492849749589,100.0
00:05:30.394399,1640426.0,2052584,3426746.0,4287716,236192.0,295536,573954.0,718160,953334.0,1192860,10.01,9.454583699999995,27.928511383333372,66.07123696666667,77.96690036666665,100.0
00:05:40.404399,1546520.0,1935084,3072006.0,3843848,244606.0,306064,579513.0,725116,941314.0,1177820,10.01,8.5249781,26.839815133333353,61.51935465000001,74.31279413333326,100.0
00:05:50.414399,1407689.0,1761372,2829052.0,3539852,217411.0,272036,504356.0,632056,832233.0,1041332,10.01,7.965275549999992,32.76957806666666,60.727799016666616,73.34460376666667,100.0
00:06:00.437732,1472439.0,1844844,2967836.0,3718452,219965.0,275232,526775.0,659128,872840.0,1093596,10.023333,7.7770601833333375,31.30207305,62.17193321666675,74.95276148333343,100.0
00:06:10.447743,1333765.0,1668876,2643491.0,3307672,215608.0,269780,488311.0,611000,799478.0,1000348,10.010011,6.343772666666669,26.674494133333376,60.70612620000009,73.42120281666662,100.0
00:06:20.457754,1407988.0,1761748,2812672.0,3519360,220115.0,275420,510698.0,639012,842599.0,1054304,10.010011,3.485138483333331,21.676647666666685,60.81780363333335,73.74569531666675,100.0
00:06:30.467765,1533146.0,1918352,3079064.0,3852684,239798.0,300048,566440.0,708760,918325.0,1149056,10.010011,1.2311186499999998,14.310731133333336,58.01067205000004,71.11434208333334,100.0
00:06:40.477776,1670024.0,2089620,3432151.0,4294484,242953.0,303996,599495.0,750120,982932.0,1229896,10.010011,0.9210313166666668,11.3531816,52.59163758333332,66.75874403333344,100.0
00:06:50.487776,1749958.0,2189636,3631085.0,4543396,242202.0,303056,612718.0,766664,1015538.0,1270692,10.01,0.8169683500000006,10.400623833333325,57.018509816666686,70.18937655,100.0
00:07:00.497776,1660259.0,2077400,3316162.0,4149348,248813.0,311328,602801.0,754256,989845.0,1238544,10.01,4.344011499999999,20.073910649999984,60.50047175000001,72.83320451666665,100.0
00:07:10.507776,1321596.0,1653648,2621106.0,3279660,228079.0,285384,492682.0,617768,802784.0,1004484,10.01,5.6190811666666685,31.490570601001654,58.395215776293774,70.72672794657763,100.0
00:07:20.517776,1356003.0,1696700,2704345.0,3383812,231384.0,289520,507188.0,635816,819161.0,1024976,10.01,1.7912967333333327,43.91030136666667,61.88510790000003,75.68814904999999,100.0
00:07:30.527776,1477856.0,1849168,2763092.0,3457320,260232.0,325616,582067.0,728312,930045.0,1163720,10.01,0.651055216666667,43.96438726666666,62.87690559999999,76.31284179999997,100.0
00:07:40.537776,1569358.0,1963660,2933476.0,3670512,269397.0,337084,621432.0,777568,995254.0,1245312,10.01,8.282673716666666,45.35886298333335,63.58818844999999,77.58187214999998,100.0
00:07:50.547787,1235051.0,1545360,2378601.0,2976228,223571.0,279744,475239.0,594644,766122.0,958612,10.010011,3.944398133333331,41.17431260000006,60.386995433333325,75.22599085000006,100.0
00:08:00.557798,1259842.0,1576380,2381455.0,2979800,209898.0,262636,469079.0,586936,775287.0,970080,10.010011,3.1382750833333364,38.01553798333334,57.843219666666606,73.35333783333341,100.0
00:08:10.567809,1174350.0,1469408,2275379.0,2847072,199230.0,249288,427760.0,535236,716089.0,896008,10.010011,4.237672433333336,41.171367833333264,61.57021943333327,76.8225457999999,100.0
00:08:20.577820,886622.0,1109388,1610375.0,2014984,187962.0,235188,367660.0,460036,588377.0,736208,10.010011,7.886150066666672,47.39495403333333,67.28970306666662,81.0157507,100.0
00:08:30.554453,488135.0,608744,697379.0,869688,172460.0,215072,277082.0,345544,417885.0,521136,9.976633,34.130745000000005,55.01627,70.95558,84.96718999999999,100.0
