delta_t_s,1280x720_bitrate,1280x720_size_byte,444x250_bitrate,444x250_size_byte,640x360_bitrate,640x360_size_byte,854x480_bitrate,854x480_size_byte,seg_len_s,444x250_vmaf_score,640x360_vmaf_score,854x480_vmaf_score,1280x720_vmaf_score
00:00:10.033233,460798.0,577912,101633.0,127464,189176.0,237256,299204.0,375248,10.033233,25.47851822742475,59.183015618729094,78.3260502013423,100.0
00:00:20.043244,1417905.0,1774156,169181.0,211688,461416.0,577348,799177.0,999972,10.010011,22.73149795302013,56.524593724832215,76.5785453511705,100.0
00:00:30.053255,1665366.0,2083792,196225.0,245528,548711.0,686576,951981.0,1191168,10.010011,26.701402441471558,58.803584080267576,77.52507761744965,100.0
00:00:40.063266,1458172.0,1824540,206297.0,258500,526324.0,658564,877006.0,1097356,10.010011,28.983923120805375,60.886294161073884,78.38590648829434,100.0
00:00:50.073277,1324900.0,1657784,180149.0,225412,456908.0,571708,773635.0,968012,10.010011,21.803437892976575,55.96151662207356,75.6518138926174,100.0
00:01:00.083277,1622997.0,2030776,201935.0,252672,549012.0,686952,938910.0,1174812,10.01,25.401882080536907,58.544488389261716,77.128142909699,100.0
00:01:10.093288,1353298.0,1693316,195775.0,244964,491015.0,614384,821414.0,1027796,10.010011,27.3533208361204,61.62180628762547,79.28058147651006,100.0
00:01:20.103299,1239859.0,1551376,180449.0,225788,444889.0,556668,736072.0,921012,10.010011,27.608407147651015,59.93164020134232,76.8516200334448,100.0
00:01:30.113310,1405284.0,1758364,164373.0,205672,428812.0,536552,759812.0,950716,10.010011,31.99031491638793,62.17636668896322,77.65703734899333,100.0
00:01:40.124432,1154539.0,1444780,149047.0,186496,376375.0,470940,647954.0,810844,10.011122,35.133011006711435,47.863220234899316,79.92074414715718,100.0
00:01:50.134443,907958.0,1136084,137027.0,171456,331600.0,414916,550514.0,688832,10.010011,32.21100100334449,51.79397989966551,76.73034429530205,100.0
00:02:00.144454,1208457.0,1512084,138980.0,173900,396508.0,496132,703468.0,880216,10.010011,29.817019832214772,46.75783973154363,76.9485933444816,100.0
00:02:10.154465,1329258.0,1663236,189915.0,237632,482451.0,603668,806840.0,1009560,10.010011,30.080908829431433,26.11338755852842,79.05008818791944,100.0
00:02:20.179965,1587634.0,1989604,242502.0,303432,620080.0,775876,998066.0,1250764,10.0255,8.529766510067114,14.178858053691277,82.52970782608695,100.0
00:02:30.189976,1563947.0,1956892,245808.0,307568,611966.0,765724,986388.0,1234220,10.010011,18.421571070234116,36.901267692307684,78.2786666442953,100.0
00:02:40.199976,1251129.0,1565476,181050.0,226540,456759.0,571520,757408.0,947708,10.01,22.129670536912744,43.14055563758387,78.0958559197324,100.0
00:02:50.209987,1136337.0,1421844,173087.0,216576,420398.0,526024,694904.0,869500,10.010011,24.87741474916388,47.2285987625418,78.74773406040272,100.0
00:03:00.219998,1128073.0,1411504,174890.0,218832,427159.0,534484,715338.0,895068,10.010011,15.518853389261741,31.334665872483246,79.16730585284282,100.0
00:03:10.230009,1301461.0,1628456,190366.0,238196,487109.0,609496,821264.0,1027608,10.010011,16.145230200668887,33.32758719063546,77.91190808724835,100.0
00:03:20.240020,1338122.0,1674328,192619.0,241016,497476.0,622468,841547.0,1052988,10.010011,15.65460848993288,32.22826959731544,77.91075431438125,100.0
00:03:30.250031,1326102.0,1659288,186760.0,233684,481399.0,602352,819160.0,1024976,10.010011,18.35185765886287,36.370882040133786,79.71804325503354,100.0
00:03:40.260042,1189225.0,1488020,177294.0,221840,438879.0,549148,730513.0,914056,10.010011,20.664692046979873,40.787650234899345,79.54010628762542,100.0
00:03:50.288887,1389598.0,1742008,197878.0,247596,489362.0,612316,818672.0,1026292,10.028845,20.551292976588638,32.016209197324386,78.81703187919466,100.0
00:04:00.298898,1452162.0,1817020,207795.0,260004,521065.0,651984,858976.0,1074796,10.010011,14.165555402684566,15.019437281879203,81.00042506711405,100.0
00:04:10.308909,1547570.0,1936400,214856.0,268840,533085.0,667024,896839.0,1122172,10.010011,14.937597591973246,18.574200200668887,80.67900976588626,100.0
00:04:20.318909,1668974.0,2088304,231234.0,289332,582518.0,728876,981882.0,1228580,10.01,16.16800254180602,20.571246120401327,80.1271152013423,100.0
00:04:30.328920,1706084.0,2134740,217711.0,272412,556569.0,697104,962048.0,1203764,10.010011,16.786505503355695,33.74818963087246,80.27855996655516,100.0
00:04:40.338931,1627052.0,2035852,216509.0,270908,549913.0,688080,938458.0,1174248,10.010011,11.669644882943153,24.213464013377934,81.20430590604026,100.0
00:04:50.354520,1748081.0,2188508,245357.0,307004,632701.0,791668,1052212.0,1317316,10.015589,9.937095436241616,22.500155369127505,80.26213698996659,100.0
00:05:00.364531,1586485.0,1985092,190065.0,237820,500331.0,626040,864986.0,1082316,10.010011,12.126031939799319,23.962459331103673,79.74066768456377,100.0
00:05:10.374542,1736284.0,2172528,201484.0,252108,560130.0,700864,964001.0,1206208,10.010011,9.033417281879203,18.394397953020135,78.59417394648821,100.0
00:05:20.384553,1667169.0,2086048,195925.0,245152,538795.0,674168,936655.0,1171992,10.010011,13.752527892976586,27.925596521739102,78.93162922818794,100.0
00:05:30.394564,1287638.0,1611160,177144.0,221652,446992.0,559300,750797.0,939436,10.010011,16.02604130872484,33.92891728187918,78.9256586287626,100.0
00:05:40.404575,1270510.0,1589728,206893.0,258876,487109.0,609496,787758.0,985684,10.010011,12.023570334448157,26.023318929765875,79.52100536912752,100.0
00:05:50.414586,1604665.0,2007840,222068.0,277864,574704.0,719100,952732.0,1192108,10.010011,15.849708825503356,29.96809496644295,79.49888645484951,100.0
00:06:00.437919,1840061.0,2305444,233037.0,291588,632551.0,791480,1056951.0,1324272,10.023333,6.967029832775923,14.189341036789301,80.08440332214766,100.0
00:06:10.447930,1961658.0,2454528,262636.0,328624,669512.0,837728,1119359.0,1400600,10.010011,4.398922953020135,9.014714899328856,78.18357451505013,100.0
00:06:20.466852,1871495.0,2343796,242803.0,303808,628193.0,786028,1039252.0,1301524,10.018922,5.221238227424751,10.868656321070235,79.33543057046981,100.0
00:06:30.476863,1552979.0,1943168,218613.0,273540,553819.0,692968,928542.0,1161840,10.010011,7.125846946308724,13.06127197986578,79.34900080267558,100.0
00:06:40.486874,1627052.0,2035852,223571.0,279744,577409.0,722484,975420.0,1220496,10.010011,4.952252040133778,11.45716989966555,78.46273208053691,100.0
00:06:50.496885,1531794.0,1916660,208846.0,261320,534766.0,669280,909160.0,1137588,10.010011,4.1181400335570455,9.476908758389266,80.49898230769242,100.0
00:07:00.506896,1748304.0,2187568,226125.0,282940,597839.0,748052,1032064.0,1291372,10.010011,8.982156020066885,16.959941739130436,80.13562030201344,100.0
00:07:10.516907,1753412.0,2193960,221467.0,277112,577859.0,723048,1005169.0,1257720,10.010011,3.8527409395973162,9.714045771812074,79.17903117056855,100.0
00:07:20.526918,1668972.0,2088304,230933.0,288956,577709.0,722860,981129.0,1227640,10.010011,4.495335585284282,10.77473996655519,79.7369979194631,100.0
00:07:30.536929,1463430.0,1831120,212903.0,266396,527075.0,659504,874753.0,1094536,10.010011,5.866431476510066,13.170629798657712,79.29631214046826,100.0
00:07:40.546929,1504751.0,1882820,217261.0,271848,529766.0,663828,890229.0,1113900,10.01,7.221150200668891,17.499254715719058,78.71631681208056,100.0
00:07:50.556940,1523530.0,1906320,211551.0,264704,531282.0,664768,897140.0,1122548,10.010011,7.516550335570463,18.10242278523491,78.33758043478261,100.0
00:08:00.566951,1597153.0,1998440,207945.0,260192,529479.0,662512,914418.0,1144168,10.010011,2.299431036789297,7.779910066889637,80.8384663087248,100.0
00:08:10.576962,1367120.0,1710612,199381.0,249476,479746.0,600284,800980.0,1002228,10.010011,41.924695234899424,59.81593278523494,84.68820134228184,100.0
00:08:18.051106,237850.0,222216,91960.0,85916,136029.0,127088,203641.0,190256,7.474144,41.924695234899424,59.81593278523494,84.68820134228184,100.0
