delta_t_s,1280x720_bitrate,1280x720_size_byte,444x250_bitrate,444x250_size_byte,640x360_bitrate,640x360_size_byte,854x480_bitrate,854x480_size_byte,seg_len_s,444x250_vmaf_score,640x360_vmaf_score,854x480_vmaf_score,1280x720_vmaf_score
00:00:10.023222,1488511.0,1864960,205270.0,257184,493969.0,618896,840288.0,1052800,10.023222,20.697846926994895,55.48217691001703,74.34451876061125,100.0
00:00:20.038811,1662486.0,2081348,221840.0,277300,574377.0,717972,955205.0,1195868,10.015589,13.795190068027217,37.053661003401366,72.86429959183667,100.0
00:00:30.038989,1794691.0,2243404,243798.0,304748,624611.0,780764,1050525.0,1313180,10.000178,18.716049151103554,43.157143225806465,74.61550835314088,100.0
00:00:40.046967,1505355.0,1883196,228908.0,286136,557232.0,696540,893415.0,1117660,10.007978,6.4044540407470265,16.751960305602708,76.85612505102038,100.0
00:00:50.046967,1703430.0,2129288,251920.0,314900,627168.0,783960,1014297.0,1267872,10.0,11.99365812925171,29.66467386054424,75.95130096774191,100.0
00:01:00.046967,1489862.0,1862328,228758.0,285948,531212.0,664016,870966.0,1088708,10.0,13.632166434634975,29.534915517826825,76.4550737414967,100.0
00:01:10.055123,1313725.0,1643496,212364.0,265456,467593.0,584492,767767.0,960492,10.008156,11.590582461799666,27.242717517006803,76.57168069609504,100.0
00:01:20.055123,1539945.0,1924932,234624.0,293280,554374.0,692968,909017.0,1136272,10.0,9.336845340136058,25.271427300509323,76.19308802721085,100.0
00:01:30.055123,1598601.0,1998252,240640.0,300800,562496.0,703120,932630.0,1165788,10.0,6.279996960950765,17.459907181663823,75.61129643463497,100.0
00:01:40.055123,1656505.0,2070632,240640.0,300800,571068.0,713836,965718.0,1207148,10.0,4.636292193877549,15.294867244897965,75.57816132427847,100.0
00:01:50.055123,1903612.0,2379516,265004.0,331256,666422.0,833028,1094611.0,1368264,10.0,8.498815144312394,25.031025093378616,74.62948942176878,100.0
00:02:00.055123,1634547.0,2043184,239737.0,299672,571820.0,714776,955040.0,1193800,10.0,7.624967996604414,23.04399540816324,74.9708067911715,100.0
00:02:10.055123,1504752.0,1880940,229961.0,287452,527753.0,659692,874425.0,1093032,10.0,7.51770814625851,21.20896884550085,75.09867183673465,100.0
00:02:20.055123,1529568.0,1911960,220937.0,276172,534070.0,667588,893376.0,1116720,10.0,14.964721137521213,36.13876482173176,74.79981874363337,100.0
00:02:30.055123,1464144.0,1830180,204243.0,255304,492409.0,615512,841788.0,1052236,10.0,10.4072637351443,28.75856724489796,74.43689001700677,100.0
00:02:40.055123,1681472.0,2101840,239286.0,299108,597388.0,746736,991737.0,1239672,10.0,13.425667976190478,31.526396910016956,74.8134821052632,100.0
00:02:50.055123,1619056.0,2023820,232217.0,290272,581446.0,726808,958499.0,1198124,10.0,12.378452478777564,30.290437521222405,74.529741547619,100.0
00:03:00.055123,1538291.0,1922864,217328.0,271660,531513.0,664392,898188.0,1122736,10.0,13.097267996604419,31.158932840136053,74.8272497283531,100.0
00:03:10.055123,1448652.0,1810816,207401.0,259252,503539.0,629424,846300.0,1057876,10.0,12.271387159863954,28.77636263157895,74.87388224489797,100.0
00:03:20.055123,1646128.0,2057660,244851.0,306064,594982.0,743728,983616.0,1229520,10.0,7.789076281833616,21.542309744897956,74.79283093378609,100.0
00:03:30.055123,1509113.0,1886392,231465.0,289332,545651.0,682064,905708.0,1132136,10.0,15.04773899659864,35.8019365704584,74.44332595925287,100.0
00:03:40.064190,1427205.0,1785624,205296.0,256620,487596.0,609496,828704.0,1036820,10.009067,19.390011799660442,40.51954480475379,75.46053666666673,100.0
00:03:50.064190,1477379.0,1846724,222592.0,278240,515571.0,644464,866304.0,1082880,10.0,17.62039942275043,35.40228568027211,76.65687522920189,100.0
00:04:00.064190,1539945.0,1924932,239136.0,298920,552569.0,690712,904806.0,1131008,10.0,10.255198231292514,24.09755164685909,75.92489767006805,100.0
00:04:10.064190,1392704.0,1740880,220035.0,275044,510156.0,637696,831862.0,1039828,10.0,13.753986400679107,31.978019064625837,75.24937887945666,100.0
00:04:20.064190,1320963.0,1651204,211763.0,264704,494816.0,618520,783283.0,979104,10.0,7.0596059932088275,21.628255959252954,74.49712855442175,100.0
00:04:30.064190,1459331.0,1824164,224697.0,280872,538582.0,673228,872019.0,1090024,10.0,10.672066904761913,25.32813806451613,73.82015016977937,100.0
00:04:40.064190,1416316.0,1770396,218230.0,272788,523091.0,653864,855024.0,1068780,10.0,7.362356230899838,22.21876287414967,74.61481207482977,100.0
00:04:50.081413,1539099.0,1927188,246355.0,307944,568662.0,710828,917514.0,1148868,10.017223,8.317803123938877,23.42207823429538,75.22832753820033,100.0
00:05:00.081413,1497232.0,1871540,239136.0,298920,559788.0,699736,896233.0,1120292,10.0,7.857253401360544,22.70278370748299,74.59310129251702,100.0
00:05:10.081413,1378416.0,1723020,229510.0,286888,515270.0,644088,830960.0,1038700,10.0,7.138640967741941,20.774273463497437,74.11988867572154,100.0
00:05:20.081413,1357360.0,1696700,222441.0,278052,500832.0,626040,813363.0,1016704,10.0,7.582498758503393,22.850641833616304,74.06517458404065,100.0
00:05:30.081413,1390448.0,1738060,224848.0,281060,514518.0,643148,834870.0,1043588,10.0,10.047941460101878,25.634088826530597,75.3071881802721,100.0
00:05:40.081413,1348937.0,1686172,226352.0,282940,492710.0,615888,798473.0,998092,10.0,12.314994482173168,29.699860950764023,75.04222949066212,100.0
00:05:50.081413,1434816.0,1793520,228307.0,285384,529408.0,661760,869763.0,1087204,10.0,12.000608639455784,27.85353203735143,75.03099061224495,100.0
00:06:00.083580,1440970.0,1801604,243497.0,304372,547756.0,684696,868522.0,1085888,10.002167,8.792221714770804,23.06694578231293,75.6213280305602,100.0
00:06:10.083580,1476025.0,1845032,243648.0,304560,565203.0,706504,900444.0,1125556,10.0,4.572735704584042,16.40454903225805,74.68198505102023,100.0
00:06:20.083580,1321564.0,1651956,228608.0,285760,500531.0,625664,803436.0,1004296,10.0,8.335457806122449,24.75261129251702,74.40576896434632,100.0
00:06:30.083580,1176880.0,1471100,193865.0,242332,433302.0,541628,719664.0,899580,10.0,15.448227419354831,30.81573629881156,75.4953238435374,100.0
00:06:40.083580,1437372.0,1796716,233270.0,291588,542492.0,678116,890819.0,1113524,10.0,5.599681239388797,16.346716536502537,74.62329758913405,100.0
00:06:50.083580,1477529.0,1846912,238534.0,298168,549927.0,688644,906761.0,1133452,10.0,3.844396207482993,14.551506462585037,75.00476923599315,100.0
00:07:00.086114,1500912.0,1876616,252672.0,315840,587763.0,734704,933747.0,1167480,10.002534,3.0141669100169786,13.42590653650255,73.91607646258504,100.0
00:07:10.086114,1638156.0,2047696,260192.0,325240,622806.0,778508,1007379.0,1259224,10.0,2.7887886054421753,10.911010918367346,73.76419830220722,100.0
00:07:20.086114,1349388.0,1686736,231465.0,289332,507750.0,634688,839833.0,1049792,10.0,16.55890847198642,34.23604595925293,76.17590134353756,100.0
00:07:30.086114,519782.0,649728,170252.0,212816,267561.0,334452,418262.0,522828,10.0,19.72727178268251,40.87555677419359,81.00725366723263,100.0
00:07:31.319447,448761.0,69184,184138.0,28388,265842.0,40984,370715.0,57152,1.233333,19.72727178268251,40.87555677419359,81.00725366723263,100.0
