delta_t_s,1280x720_bitrate,1280x720_size_byte,1920x1080_bitrate,1920x1080_size_byte,444x250_bitrate,444x250_size_byte,640x360_bitrate,640x360_size_byte,854x480_bitrate,854x480_size_byte,seg_len_s,444x250_vmaf_score,640x360_vmaf_score,854x480_vmaf_score,1280x720_vmaf_score,1920x1080_vmaf_score
00:00:10.023222,2398123.0,3004616,4683859.0,5868420,273694.0,342912,681384.0,853708,1126887.0,1411880,10.023222,13.953622642140475,34.04921511705685,51.26640384615386,73.79181515050169,100.0
00:00:20.023222,2063488.0,2579360,4412585.0,5515732,263200.0,329000,618595.0,773244,1030390.0,1287988,10.0,11.694292508361206,29.40746846153845,47.225897157190616,70.82925491638801,100.0
00:00:30.023222,2297660.0,2872076,4477107.0,5596384,259139.0,323924,621452.0,776816,1078067.0,1347584,10.0,9.223597692307695,26.523931505016716,43.593647759197296,68.89533595317722,100.0
00:00:40.023222,2304880.0,2881100,4504630.0,5630788,280646.0,350808,656195.0,820244,1080924.0,1351156,10.0,4.832319297658866,29.107757391304336,50.15591220735785,70.45504056856187,100.0
00:00:50.023222,1468054.0,1835068,3293008.0,4116260,196572.0,245716,512112.0,640140,867206.0,1084008,10.0,1.3591851000000004,29.859575066666647,52.98953307692308,73.03613377926423,100.0
00:01:00.023578,1004335.0,1255464,2329613.0,2912120,149046.0,186308,359142.0,448944,626393.0,783020,10.000356,5.185094046822741,27.12061886287624,46.37751863333333,70.79052023333341,100.0
00:01:10.023578,2098832.0,2623540,4219622.0,5274528,240640.0,300800,590921.0,738652,1009635.0,1262044,10.0,3.6390154515050184,27.79519297658862,47.244518896321075,70.91943244147154,100.0
00:01:20.023578,2130716.0,2663396,4362803.0,5453504,246505.0,308132,642508.0,803136,1093408.0,1366760,10.0,5.901225518394648,32.01337906354516,48.81419086956521,71.44391080267562,100.0
00:01:30.023578,2146508.0,2683136,4538320.0,5672900,252070.0,315088,671536.0,839420,1079571.0,1349464,10.0,4.62798628762542,29.70838254180603,50.15742083612041,70.59194829431438,100.0
00:01:40.023578,1706588.0,2133236,3567788.0,4459736,223043.0,278804,586259.0,732824,988428.0,1235536,10.0,0.6454993000000001,29.445945899999987,52.82237016722415,73.10963725752505,100.0
00:01:50.023578,988428.0,1235536,2263820.0,2829776,144083.0,180104,356598.0,445748,622355.0,777944,10.0,0.5958517056856188,28.777712374581945,52.0870473578595,72.30722638795984,100.0
00:02:00.023578,1151161.0,1438952,2623728.0,3279660,159123.0,198904,402019.0,502524,709436.0,886796,10.0,5.0467481270903,31.993584715719074,51.257796789297664,73.49271896321073,100.0
00:02:10.023578,2106051.0,2632564,4299334.0,5374168,249814.0,312268,641907.0,802384,1071299.0,1339124,10.0,9.669229464882946,35.67622137123745,52.68408480000002,73.06038240000001,100.0
00:02:20.023578,1689142.0,2111428,3312108.0,4140136,222742.0,278428,544748.0,680936,898188.0,1122736,10.0,3.2709427090300993,34.12954173913043,56.176149665551854,74.88514652173914,100.0
00:02:30.023578,1114614.0,1393268,2161699.0,2702124,184390.0,230488,461276.0,576596,759369.0,949212,10.0,2.4645747491638805,33.57417080267559,55.96740163879599,74.71127913043473,100.0
00:02:40.023578,1189212.0,1486516,2348496.0,2935620,181232.0,226540,476617.0,595772,809152.0,1011440,10.0,0.981783633333334,33.48621696666666,55.84569220735788,74.56856528428098,100.0
00:02:50.023578,1351795.0,1689744,2700131.0,3375164,192812.0,241016,529408.0,661760,903452.0,1129316,10.0,1.4419735117056858,33.98041705685619,56.26157270903014,75.41349652173908,100.0
00:03:00.023578,1445494.0,1806868,2894448.0,3618060,204092.0,255116,564601.0,705752,963161.0,1203952,10.0,2.3321965551839474,33.70178745819399,56.20026551839461,75.53114421404678,100.0
00:03:10.023578,1386988.0,1733736,2784656.0,3480820,198528.0,248160,530009.0,662512,904505.0,1130632,10.0,5.620293745819395,53.6391062207358,69.14719602006693,80.07553163879601,100.0
00:03:20.023578,1431056.0,1788820,2837747.0,3547184,225900.0,282376,564752.0,705940,924358.0,1155448,10.0,5.535621471571905,51.115198595317715,66.96186603333332,78.50957149999999,100.0
00:03:30.023578,1367737.0,1709672,2781798.0,3477248,204393.0,255492,516624.0,645780,865852.0,1082316,10.0,2.847847033333334,47.01677350000003,64.44551214046824,77.21182876254187,100.0
00:03:40.023578,1385334.0,1731668,2832182.0,3540228,197174.0,246468,503088.0,628860,859536.0,1074420,10.0,0.310267491638796,43.0893684949833,62.649537959866244,76.97287384615386,100.0
00:03:50.023578,1430454.0,1788068,2912044.0,3640056,199280.0,249100,515872.0,644840,879840.0,1099800,10.0,1.3613058193979937,46.06614301003344,64.51753010033445,77.67110327759195,100.0
00:04:00.023578,1498736.0,1873420,3007248.0,3759060,215072.0,268840,554895.0,693720,934585.0,1168232,10.0,0.3819504682274247,43.9027876923077,63.093208127090335,76.95514508361204,100.0
00:04:10.023578,1342169.0,1677712,2775782.0,3469728,193264.0,241580,482182.0,602728,821484.0,1026856,10.0,4.143302274247492,51.35481745819397,67.40336792642141,78.84337518394646,100.0
00:04:20.040623,1366311.0,1710800,2702293.0,3383624,209206.0,261508,521737.0,652172,860325.0,1077240,10.017045,3.106848695652174,9.293525250836128,63.56487550000001,76.49469346666665,100.0
00:04:30.040623,1465798.0,1832248,3019731.0,3774664,204544.0,255680,521737.0,652172,862544.0,1078180,10.0,0.03343296666666667,12.933983566666665,52.71841367892975,73.90259782608695,100.0
00:04:40.040623,1150860.0,1438576,2376169.0,2970212,169200.0,211500,415705.0,519632,707180.0,883976,10.0,0.0,15.066940802675585,52.86332344481602,73.7665347826087,100.0
00:04:50.040623,1122736.0,1403420,2297811.0,2872264,168147.0,210184,417059.0,521324,702819.0,878524,10.0,0.012835919732441473,14.199000100334441,52.92850622073578,73.87571973244142,100.0
00:05:00.042424,1224336.0,1530696,2472882.0,3091660,179728.0,224660,453305.0,566632,769157.0,961620,10.001801,0.005087525083612041,16.428110133779256,53.764168294314395,74.58527307692309,100.0
00:05:10.042424,1114163.0,1392704,2291644.0,2864556,163184.0,203980,410742.0,513428,706278.0,882848,10.0,0.0,13.8877214715719,53.363701839464866,74.50361284280933,100.0
00:05:20.042424,1186355.0,1482944,2459040.0,3073800,168448.0,210560,431948.0,539936,745232.0,931540,10.0,0.0,14.25487156666667,53.57947006688963,74.80255956521738,100.0
00:05:30.042424,1137926.0,1422408,2394067.0,2992584,166492.0,208116,417510.0,521888,712294.0,890368,10.0,0.0,13.129556153846156,53.07555933333331,74.85726619999997,100.0
00:05:40.042424,1123939.0,1404924,2395120.0,2993900,162582.0,203228,407132.0,508916,695299.0,869124,10.0,0.0,11.239844280936452,53.13339692307693,75.33341899665552,100.0
00:05:50.042424,1036256.0,1295320,2239305.0,2799132,155363.0,194204,378707.0,473384,641456.0,801820,10.0,0.0003470234113712375,14.579936120401337,52.10792157190632,74.50032254180604,100.0
00:06:00.042424,1246064.0,1557580,2645235.0,3306544,176720.0,220900,451252.0,564188,766288.0,957860,10.0,0.0,16.23346635451504,54.84981909698997,75.30727632107029,100.0
00:06:10.042424,1117321.0,1396652,2319920.0,2899900,160777.0,200972,412396.0,515496,691990.0,864988,10.0,0.13810796666666666,20.636734733333334,56.50997230769232,76.35520742474922,100.0
00:06:20.042424,977900.0,1222376,2036115.0,2545144,152956.0,191196,368480.0,460600,621302.0,776628,10.0,0.25572397993311036,17.8983181270903,57.99817274247489,77.13981501672238,100.0
00:06:30.044769,1266822.0,1583900,2531540.0,3165168,178524.0,223156,465337.0,581672,790317.0,988128,10.002345,3.0233621404682265,5.648977859531772,68.02662939799328,81.77975792642141,100.0
00:06:40.054914,1788396.0,2237764,3423841.0,4284144,235977.0,294972,640854.0,801068,1068710.0,1337244,10.010145,8.232057658862871,9.911573745819394,61.40245259999998,81.02586780000007,100.0
00:06:50.054914,2206217.0,2757772,4426723.0,5533404,251168.0,313960,649276.0,811596,1076563.0,1345704,10.0,2.1970877926421406,2.89488839464883,53.59360953177258,73.72064511705689,100.0
00:07:00.054914,2374064.0,2967580,4565392.0,5706740,226352.0,282940,658902.0,823628,1090400.0,1363000,10.0,1.7729751839464885,2.3490674581939794,52.36033444816053,71.40525100334442,100.0
00:07:10.065248,1904652.0,2383276,4188372.0,5240876,211161.0,263952,594531.0,743164,1021814.0,1278588,10.010334,6.886660200000002,8.412485633333326,68.19739150501674,76.94746555183944,100.0
00:07:20.065248,1526860.0,1908576,3014016.0,3767520,220787.0,275984,610172.0,762716,1059116.0,1323896,10.0,6.741609531772576,7.244948896321069,61.99846642140466,73.67186488294314,100.0
00:07:30.065248,1666131.0,2082664,3669760.0,4587200,210560.0,263200,573776.0,717220,1037760.0,1297200,10.0,3.8816468227424763,4.802639030100338,62.9102924414716,73.19179100334446,100.0
00:07:40.065248,1587020.0,1983776,3127868.0,3909836,222291.0,277864,620851.0,776064,1079270.0,1349088,10.0,2.7864140802675585,3.0076614046822745,56.06373716666664,70.23248103333331,100.0
00:07:50.065248,1739526.0,2174408,3708864.0,4636080,218681.0,273352,594230.0,742788,1069344.0,1336680,10.0,3.751551471571907,4.430783043478261,61.967194949832724,73.19961107023413,100.0
00:08:00.065248,1509113.0,1886392,2947840.0,3684800,220185.0,275232,588665.0,735832,1005123.0,1256404,10.0,0.7888479,1.2269001,61.795004749163866,73.94942846153839,100.0
00:08:10.075937,1326163.0,1659476,2597939.0,3250896,212214.0,265268,532115.0,665144,877247.0,1097732,10.010689,0.3117402006688963,1.8350238127090304,57.32112351170573,71.61750598662212,100.0
00:08:20.075937,1162892.0,1453616,2364889.0,2956112,177923.0,222404,436912.0,546140,747337.0,934172,10.0,0.8612575250836121,2.867972274247492,57.64026565217386,71.90334130434782,100.0
00:08:30.075937,1078217.0,1347772,2185011.0,2731264,167996.0,209996,406982.0,508728,691539.0,864424,10.0,0.37952107023411374,3.20807678929766,55.783675484949825,71.3431041137124,100.0
00:08:40.075937,1078668.0,1348336,2156284.0,2695356,173712.0,217140,410140.0,512676,692441.0,865552,10.0,0.336161304347826,12.795590100334447,56.29559869565215,74.877637458194,100.0
00:08:50.075937,835321.0,1044152,1685683.0,2107104,141526.0,176908,327120.0,408900,543996.0,679996,10.0,0.02009531772575251,23.312723444816058,54.10215589999997,76.13789880000004,100.0
00:09:00.075937,641155.0,801444,1276595.0,1595744,121974.0,152468,264854.0,331068,428940.0,536176,10.0,0.007451333333333334,24.754101100000018,54.505251806020055,76.81376528428092,100.0
00:09:10.075937,650780.0,813476,1295545.0,1619432,123628.0,154536,264553.0,330692,432249.0,540312,10.0,5.901310367892985,30.74739043478258,60.73186993311037,80.74452709030086,100.0
00:09:18.509270,551605.0,581484,1045250.0,1101868,115029.0,121260,229880.0,242332,364705.0,384460,8.433333,5.901310367892985,30.74739043478258,60.73186993311037,80.74452709030086,100.0
