delta_t_s,1280x720_bitrate,1280x720_size_byte,444x250_bitrate,444x250_size_byte,640x360_bitrate,640x360_size_byte,854x480_bitrate,854x480_size_byte,seg_len_s,444x250_vmaf_score,640x360_vmaf_score,854x480_vmaf_score,1280x720_vmaf_score
00:00:10.023222,1148344.0,1438764,133996.0,167884,362992.0,455148,634117.0,794488,10.023222,36.4549759437751,66.5896953815261,83.44567257028115,100.0
00:00:20.023222,1418873.0,1773592,192361.0,240452,473910.0,592388,814265.0,1017832,10.0,31.762431445783125,64.44324514056225,82.29680397590359,100.0
00:00:30.023222,1341868.0,1677336,182435.0,228044,458419.0,573024,775612.0,969516,10.0,26.89903787148594,60.50730566265061,78.85189076305218,100.0
00:00:40.031200,1264907.0,1582396,157619.0,197024,408937.0,511172,724199.0,905972,10.007978,12.321390240963854,25.80714388000002,79.22442863453811,100.0
00:00:50.031200,1242454.0,1553068,164086.0,205108,421420.0,526776,727936.0,909920,10.0,5.905020080000002,14.558345582329318,81.92083244979914,100.0
00:01:00.031200,1556640.0,1945800,216876.0,271096,558585.0,698232,939849.0,1174812,10.0,3.6186928514056222,9.463081686746989,81.50149696000003,100.0
00:01:10.031200,1725238.0,2156548,227555.0,284444,605016.0,756888,1026780.0,1283476,10.0,9.412618795180725,60.016434216867474,79.96377883534136,100.0
00:01:20.031200,1720124.0,2150156,208153.0,260192,569715.0,712144,994294.0,1242868,10.0,14.55588208835342,62.31524180722894,80.2711874698795,100.0
00:01:30.031200,1382476.0,1728096,181081.0,226352,475689.0,594644,819078.0,1023848,10.0,17.73972092369478,64.54984267999998,81.36938092369476,100.0
00:01:40.031200,1381724.0,1727156,192662.0,240828,493161.0,616452,834419.0,1043024,10.0,15.84212389558232,62.349900401606405,79.6734657831325,100.0
00:01:50.031200,1273587.0,1591984,178374.0,222968,458720.0,573400,764633.0,955792,10.0,16.20621404,62.64249108433733,80.19070461847389,100.0
00:02:00.031200,1420528.0,1775660,187548.0,234436,486243.0,607804,828553.0,1035692,10.0,8.719188273092373,65.22248839357431,82.05824920000002,100.0
00:02:10.031200,1563408.0,1954260,212816.0,266020,555728.0,694660,929472.0,1161840,10.0,16.19061168674698,62.15665927710843,78.56225746987955,100.0
00:02:20.031200,1190867.0,1488584,154160.0,192700,393596.0,491996,674544.0,843180,10.0,9.18743136546184,67.08617976,82.4362765863454,100.0
00:02:30.032099,1200986.0,1501368,170102.0,212628,423977.0,529972,719599.0,899580,10.0009,18.529540923694782,61.80941184738957,79.20214076305218,100.0
00:02:40.032099,1250275.0,1562844,162281.0,202852,415856.0,519820,732448.0,915560,10.0,14.52344172,63.879588554216895,80.56121196787149,100.0
00:02:50.032099,1297049.0,1621312,175817.0,219772,447440.0,559300,771401.0,964252,10.0,24.167466465863463,61.44613120481926,78.20654991967865,100.0
00:03:00.032099,1092505.0,1365632,134156.0,167696,340505.0,425632,615286.0,769108,10.0,23.43079056224901,61.317475542168665,78.22301742971885,100.0
00:03:10.040978,1242103.0,1554008,155513.0,194392,393145.0,491432,711662.0,890368,10.008878,13.518561164658632,32.21982180000002,77.05247952,100.0
00:03:20.040978,1694105.0,2117632,203792.0,254740,537980.0,672476,989030.0,1236288,10.0,7.16547674698795,16.82473409638554,79.46297670682729,100.0
00:03:30.040978,1830067.0,2287584,249363.0,311704,670483.0,838104,1118976.0,1398720,10.0,11.278596867469883,22.87528176706826,79.75822730923701,100.0
00:03:40.040978,1733660.0,2167076,232819.0,291024,614233.0,767792,1059568.0,1324460,10.0,16.80241028,35.69144437751004,79.03694638554222,100.0
00:03:50.040978,1655001.0,2068752,214019.0,267524,584454.0,730568,1008582.0,1260728,10.0,13.619836626506029,25.481822891566264,81.39982586345381,100.0
00:04:00.040978,1595744.0,1994680,216425.0,270532,580995.0,726244,987977.0,1234972,10.0,18.818247751004034,34.03553488,80.46264891566265,100.0
00:04:10.050223,1586155.0,1984528,201235.0,251544,552419.0,690524,940784.0,1177068,10.009245,15.984925020080329,28.334266385542165,81.0065852,100.0
00:04:20.050223,1422633.0,1778292,194768.0,243460,501734.0,627168,836224.0,1045280,10.0,16.021593172690768,30.782520080321294,80.5812861847389,100.0
00:04:30.050223,1395712.0,1744640,189924.0,237444,483836.0,604796,805392.0,1006740,10.0,17.63528516,33.08474887550201,79.72629939759034,100.0
00:04:40.059646,1516708.0,1897672,188601.0,235752,497673.0,622092,852415.0,1066524,10.009423,17.427532891566255,31.845983172690755,80.6652474297189,100.0
00:04:50.059646,1478732.0,1848416,194467.0,243084,513916.0,642396,869763.0,1087204,10.0,16.970369236947793,29.50081888000001,78.95373759036147,100.0
00:05:00.059646,1407292.0,1759116,178825.0,223532,472857.0,591072,822688.0,1028360,10.0,15.685755502008039,25.271869156626515,78.13749020080316,100.0
00:05:10.059646,1577996.0,1972496,184691.0,230864,503088.0,628860,883600.0,1104500,10.0,16.37499116465864,26.380119196787156,78.59973044,100.0
00:05:20.059646,1410752.0,1763440,183488.0,229360,482483.0,603104,826899.0,1033624,10.0,16.94374799196786,28.201048473895604,78.08557634538151,100.0
00:05:30.059646,1386387.0,1732984,183337.0,229172,475715.0,594644,821936.0,1027420,10.0,15.495737599999991,23.81939807228914,78.21480702811246,100.0
00:05:40.069435,1542045.0,1929444,185443.0,231804,494966.0,618708,870565.0,1089272,10.009789,7.385739959839359,27.002455320000024,79.22407465863452,100.0
00:05:50.069435,1485651.0,1857064,216275.0,270344,539484.0,674356,893225.0,1116532,10.0,6.617097911646588,27.630145100401595,79.55006477911644,100.0
00:06:00.069435,1588976.0,1986220,234323.0,292904,578889.0,723612,938496.0,1173120,10.0,0.8624204417670681,8.278270682730914,83.07722236947794,100.0
00:06:10.069435,1807657.0,2259572,273728.0,342160,658752.0,823440,1079872.0,1349840,10.0,0.7556829317269075,13.073107710843372,80.55087052208835,100.0
00:06:20.069435,1597398.0,1996748,219194.0,274480,561894.0,702368,932329.0,1165412,10.0,7.42431807228916,19.898558273092366,78.11611007999996,100.0
00:06:30.069435,1495276.0,1869096,195971.0,244964,499177.0,623972,851865.0,1064832,10.0,7.555530719999998,18.604614599999994,77.95128590361445,100.0
00:06:40.069435,1575590.0,1969488,212665.0,265832,541440.0,676800,921801.0,1152252,10.0,5.125991686746986,11.700199839357431,80.74653148594383,100.0
00:06:50.069435,1479033.0,1848792,202588.0,253236,511059.0,638824,872620.0,1090776,10.0,6.907191726907631,15.858931526104437,80.29690273092366,100.0
00:07:00.069435,1305772.0,1632216,193414.0,241768,471504.0,589380,786892.0,983616,10.0,4.91673309236948,13.204205502008035,80.9281207630522,100.0
00:07:10.069435,1358864.0,1698580,202438.0,253048,499779.0,624724,826297.0,1032872,10.0,4.257845220883535,10.817540763052214,82.26132526104419,100.0
00:07:20.069435,1367888.0,1709860,200182.0,250228,501433.0,626792,826899.0,1033624,10.0,5.1541694,10.025152519999994,84.99918163999999,100.0
00:07:30.069435,1389244.0,1736556,208755.0,260944,520233.0,650292,853068.0,1066336,10.0,5.1388005622489965,11.563128755020081,83.37335108433743,100.0
00:07:40.079946,1480785.0,1852928,197625.0,247032,503539.0,629424,859985.0,1076112,10.010511,17.564878875501975,29.68343827309235,82.82778915662654,100.0
00:07:48.519946,796015.0,839796,115294.0,121636,263021.0,277488,453160.0,478084,8.44,17.564878875501975,29.68343827309235,82.82778915662654,100.0
