delta_t_s,1280x720_bitrate,1280x720_size_byte,1920x1080_bitrate,1920x1080_size_byte,444x250_bitrate,444x250_size_byte,640x360_bitrate,640x360_size_byte,854x480_bitrate,854x480_size_byte,seg_len_s,444x250_vmaf_score,640x360_vmaf_score,854x480_vmaf_score,1280x720_vmaf_score,1920x1080_vmaf_score
00:00:10.023222,1822826.0,2283824,3859175.0,4835172,213673.0,267712,576348.0,722108,975935.0,1222752,10.023222,10.659611999999996,37.82120433898307,61.100281661016936,80.56275803389832,100.0
00:00:20.023222,1849619.0,2312024,3808428.0,4760536,232819.0,291024,637395.0,796744,1074608.0,1343260,10.0,9.593343254237288,35.421411661016954,57.95048081355934,79.08904132203395,100.0
00:00:30.023222,1745542.0,2181928,3792787.0,4740984,212364.0,265456,555126.0,693908,956092.0,1195116,10.0,2.917647694915254,29.32768318644069,54.13577864406778,74.60378959322028,100.0
00:00:40.023222,1564761.0,1955952,3278118.0,4097648,203328.0,254364,543395.0,679244,947670.0,1184588,10.0,3.1082945084745757,29.567889966101685,53.224867084745796,73.74062715254239,100.0
00:00:50.023222,1285769.0,1607212,2769014.0,3461268,171305.0,214132,427888.0,534860,749894.0,937368,10.0,1.5929220677966103,28.04852416949154,52.16849591836737,72.76447561224494,100.0
00:01:00.023222,1382777.0,1728472,2855945.0,3569932,189654.0,237068,482182.0,602728,833817.0,1042272,10.0,3.0201117006802733,31.605413401360554,55.51229901694913,75.55717762711865,100.0
00:01:10.023222,1654550.0,2068188,3324892.0,4156116,225449.0,281812,594230.0,742788,1002416.0,1253020,10.0,0.2507012542372882,26.653405457627144,51.740592033898324,72.95421833898303,100.0
00:01:20.023222,1626124.0,2032656,3299024.0,4123780,220787.0,275984,580520.0,726808,985721.0,1232152,10.0,0.19640657627118643,25.297479118644077,50.17916166101696,71.70878183050853,100.0
00:01:30.023222,1440982.0,1801228,3000780.0,3750976,189654.0,237068,489702.0,612128,846150.0,1057688,10.0,1.1712156949152546,29.662990881355924,54.23483606779659,74.5805643728814,100.0
00:01:40.023222,1592736.0,1990920,3147721.0,3934652,223795.0,279744,583702.0,729628,969628.0,1212036,10.0,0.022432372881355928,27.005885762711866,52.39391138983053,73.5149818644067,100.0
00:01:50.023222,1340966.0,1676208,2690054.0,3362568,188300.0,235376,479324.0,599156,812009.0,1015012,10.0,1.5128729152542377,27.857132135593226,52.47470098639459,73.93538629251705,100.0
00:02:00.023222,1526409.0,1908012,3213596.0,4016996,202423.0,253048,521136.0,651420,888262.0,1110328,10.0,3.591495680272109,31.127652380952362,54.930837016949155,76.06590586440682,100.0
00:02:10.023222,1596345.0,1995432,3376329.0,4220412,205446.0,256808,527003.0,659316,910521.0,1138152,10.0,0.822519288135593,27.06995091525422,51.38429091525429,72.8962676949152,100.0
00:02:20.023222,1343372.0,1679216,2999728.0,3749660,164419.0,205860,418412.0,523016,747036.0,933796,10.0,1.6411846779661021,27.70326572881354,51.835414949152536,73.17758176271185,100.0
00:02:30.023222,1364128.0,1705160,2989049.0,3736312,171305.0,214132,437814.0,547268,772003.0,965004,10.0,2.447790338983053,29.193401084745766,52.7684514576271,73.41816030508474,100.0
00:02:40.023222,1675907.0,2094884,3414531.0,4268164,219843.0,275044,580995.0,726244,982262.0,1227828,10.0,0.983322,26.162018101694915,51.06114908163265,72.38736265306122,100.0
00:02:50.023222,1565363.0,1956704,3223072.0,4028840,210259.0,262824,555263.0,695224,933232.0,1166540,10.0,0.0,15.965244677966103,50.314882508474604,72.17253301694917,100.0
00:03:00.023222,1590480.0,1988100,3161107.0,3951384,222592.0,278240,583702.0,729628,963462.0,1204328,10.0,1.4911395578231295,7.226037551020412,59.22512366101697,79.50580959322039,100.0
00:03:10.023222,1627177.0,2033972,3212243.0,4015304,228307.0,285384,592425.0,740532,987676.0,1234596,10.0,0.016495118644067795,7.687391932203388,56.73042013559322,78.58937183050843,100.0
00:03:20.023222,1986332.0,2482916,3865881.0,4832352,267862.0,334828,652886.0,816108,1070246.0,1337808,10.0,0.28024735593220335,6.4138695254237295,57.77826430508476,78.59395176271178,100.0
00:03:30.023222,1736819.0,2171024,3407763.0,4259704,232969.0,291212,593478.0,741848,997001.0,1246252,10.0,1.5090432881355933,4.0322269491525455,59.19908213559325,78.06813294915246,100.0
00:03:40.023222,2182454.0,2728068,4238723.0,5298404,263350.0,329188,664768.0,830960,1089046.0,1361308,10.0,0.4835201694915253,2.209203254237289,57.39326945578233,77.25634105442178,100.0
00:03:50.023222,2029497.0,2536872,4064259.0,5080324,241843.0,302304,651984.0,814980,1078969.0,1348712,10.0,0.38100040677966085,1.3140152881355929,52.87558189830509,75.66284508474575,100.0
00:04:00.023222,2163654.0,2704568,4405216.0,5506520,253424.0,316780,634387.0,792984,1054755.0,1318444,10.0,0.9036045423728815,2.743901627118644,54.921833999999954,76.22090861016939,100.0
00:04:10.023222,1827510.0,2284388,3731574.0,4664468,245904.0,307380,609420.0,761776,1022419.0,1278024,10.0,0.1853179931972789,3.107094727891155,56.48671484745762,75.05461061016948,100.0
00:04:20.023222,1823600.0,2279500,3759699.0,4699624,233872.0,292340,631078.0,788848,1052950.0,1316188,10.0,0.42364403389830513,1.4204531525423734,53.85416400000007,74.36287759322032,100.0
00:04:30.023222,1859395.0,2324244,3944691.0,4930864,217779.0,272224,601900.0,752376,1050544.0,1313180,10.0,0.05926857627118644,0.5150709830508474,58.59172288135598,74.70513274576274,100.0
00:04:40.023222,1765846.0,2207308,3718339.0,4647924,224998.0,281248,607766.0,759708,1059568.0,1324460,10.0,0.15861084745762713,0.5069745423728813,56.94542778911563,73.86061734693882,100.0
00:04:50.023222,1637705.0,2047132,3370614.0,4213268,228365.0,285948,593628.0,742036,1026329.0,1282912,10.0,0.30642800000000003,2.6068806440677967,59.60822738983049,74.57106800000001,100.0
00:05:00.023222,1163945.0,1454932,2516944.0,3146180,173110.0,216388,429615.0,537116,738163.0,922704,10.0,0.01914098305084746,21.574504203389843,49.51853742372883,71.07585250847458,100.0
00:05:10.023222,857731.0,1072164,1957907.0,2447384,136563.0,170704,315388.0,394236,545651.0,682064,10.0,0.06433928571428571,22.241270102040833,50.283774610169516,71.67001718644075,100.0
00:05:20.023222,877132.0,1096416,1957004.0,2446256,136112.0,170140,315840.0,394800,554224.0,692780,10.0,0.10328138983050845,21.874694711864404,49.734853050847455,70.96367633898309,100.0
00:05:30.023222,937142.0,1171428,2085897.0,2607372,141225.0,176532,326668.0,408336,584454.0,730568,10.0,0.027117864406779657,22.039779932203395,50.24587741496597,71.4534652040816,100.0
00:05:40.023222,932780.0,1165976,2064240.0,2580300,146339.0,182924,331030.0,413788,582048.0,727560,10.0,0.1985532203389831,22.735098847457632,50.65609155932199,71.74954250847456,100.0
00:05:50.040811,957416.0,1198876,2068422.0,2590076,148444.0,185556,341107.0,426384,594237.0,744104,10.017589,0.09971166101694914,24.638987796610166,50.866877118644055,71.7807733898305,100.0
00:06:00.040811,992940.0,1241176,2163654.0,2704568,152054.0,190068,353590.0,441988,614384.0,767980,10.0,0.21257755932203393,28.334063932203374,51.107754881355895,72.18777705084749,100.0
00:06:10.040811,885555.0,1106944,1932790.0,2415988,151452.0,189316,339753.0,424692,570617.0,713272,10.0,1.2335668027210887,31.3224931632653,54.039025491525436,74.30433400000001,100.0
00:06:20.040811,872620.0,1090776,1820892.0,2276116,149347.0,186684,338400.0,423000,565353.0,706692,10.0,1.7477954915254243,30.881990305084734,53.55637033898304,74.05483525423729,100.0
00:06:30.043156,982332.0,1228204,2036540.0,2546272,157769.0,197212,362464.0,453080,618750.0,773620,10.002345,0.9460401694915256,29.362716508474584,52.073477176870774,73.10196414965982,100.0
00:06:40.043156,1082729.0,1353412,2120339.0,2650424,169651.0,212064,409840.0,512300,689884.0,862356,10.0,16.50666030508475,42.98321708474574,61.445523661016935,76.36091701694913,100.0
00:06:50.043156,1702076.0,2127596,3080793.0,3850992,230412.0,288016,643260.0,804076,1077465.0,1346832,10.0,17.85740054237287,45.61677037288139,63.41050915254239,75.49869905084739,100.0
00:07:00.043156,1589728.0,1987160,2999126.0,3748908,224396.0,280496,592275.0,740344,988128.0,1235160,10.0,26.127193932203372,52.182672881355934,68.5298308474576,79.8122664067797,100.0
00:07:10.043156,1560249.0,1950312,2922422.0,3653028,221689.0,277112,583702.0,729628,969779.0,1212224,10.0,21.92436340136053,47.55542748299321,63.68761705084745,75.26393213559318,100.0
00:07:20.043156,1561001.0,1951252,3002284.0,3752856,215372.0,269216,564000.0,705000,952032.0,1190040,10.0,23.234617288135595,49.04484847457631,65.72366010169497,77.58462593220338,100.0
00:07:30.043156,1369692.0,1712116,2615155.0,3268944,204243.0,255304,513164.0,641456,848857.0,1061072,10.0,26.4286126101695,49.97938345762712,64.39999265306123,75.24325217687074,100.0
00:07:40.043156,1602060.0,2002576,3065452.0,3831816,221990.0,277488,583401.0,729252,976697.0,1220872,10.0,17.886062813559317,44.69506613559319,61.75707122033898,75.18044962711868,100.0
00:07:50.061467,1991559.0,2494008,4098865.0,5132964,252521.0,315652,661609.0,827012,1103119.0,1381424,10.018311,8.204244372881359,32.64451244067792,53.95062362711865,74.11752227118646,100.0
00:08:00.061467,1536336.0,1920420,3173590.0,3966988,210710.0,263388,534672.0,668340,912176.0,1140220,10.0,8.539641491525426,34.91152223728813,56.064544271186456,73.84126555932203,100.0
00:08:10.061467,1381875.0,1727344,2844966.0,3556208,197324.0,246656,490381.0,613632,831411.0,1039264,10.0,10.501915830508475,36.412015220339,56.99609844067797,73.70127877966105,100.0
00:08:20.061467,1513024.0,1891280,3149676.0,3937096,204995.0,256244,523392.0,654240,894128.0,1117660,10.0,7.2726479931972765,32.56746500000001,54.299903435374176,72.70180860544214,100.0
00:08:30.061467,1402931.0,1753664,2874144.0,3592680,198377.0,247972,494966.0,618708,837728.0,1047160,10.0,9.384048711864402,35.63524183050846,56.50132077966101,73.63166732203398,100.0
00:08:40.061467,1375558.0,1719448,2770518.0,3463148,197625.0,247032,492108.0,615136,817875.0,1022344,10.0,9.791750644067791,36.11906274576272,55.8581204745763,72.04981027118637,100.0
00:08:50.080145,1686143.0,2111616,3448097.0,4318172,221840.0,277300,570316.0,712896,973675.0,1219368,10.018678,6.9867462711864405,30.595754440677982,54.88543420338989,72.74496505084743,100.0
00:09:00.080145,915334.0,1144168,1872630.0,2340788,149648.0,187060,345468.0,431836,561292.0,701616,10.0,0.24912874576271182,16.992346135593223,54.36475623728818,74.64705467796612,100.0
00:09:10.091201,674550.0,844120,1313945.0,1644248,122576.0,153220,264403.0,330504,431772.0,540312,10.011056,0.07696654237288136,26.444543186440693,54.52778684745761,76.57902515254239,100.0
00:09:20.091201,671235.0,839044,1329987.0,1662484,123628.0,154536,265907.0,332384,430896.0,538620,10.0,0.2693386054421769,28.33525163265305,55.512316530612246,77.50903268707481,100.0
00:09:30.091201,561142.0,701428,1054604.0,1318256,114153.0,142692,229811.0,287264,362012.0,452516,10.0,4.7564721694915315,33.48791569491519,60.87417406779666,80.84701216949134,100.0
00:09:30.124534,1759697.0,7332,2436504.0,10152,451204.0,1880,857288.0,3572,1218252.0,5076,0.033333,3.18162,44.32296,68.0046,82.90506,100.0
