delta_t_s,1280x720_bitrate,1280x720_size_byte,444x250_bitrate,444x250_size_byte,640x360_bitrate,640x360_size_byte,854x480_bitrate,854x480_size_byte,seg_len_s,444x250_vmaf_score,640x360_vmaf_score,854x480_vmaf_score,1280x720_vmaf_score
00:00:10.033233,1274765.0,1598752,164292.0,206048,407882.0,511548,669911.0,840172,10.033233,28.468739400000036,64.5486149833887,82.60832746666668,100.0
00:00:20.043244,1946934.0,2436104,216359.0,270720,601899.0,753128,1038074.0,1298892,10.010011,25.01225276666665,59.27311523333335,79.13348310000003,100.0
00:00:30.053255,1710892.0,2140756,192169.0,240452,539997.0,675672,938759.0,1174624,10.010011,19.118252200000004,52.98818303333332,75.14466759999999,100.0
00:00:40.063266,1526085.0,1909516,187361.0,234436,504237.0,630928,870245.0,1088896,10.010011,22.163969666666684,56.65308689999997,77.01559623333328,100.0
00:00:50.073277,1443147.0,1805740,185407.0,231992,490264.0,613444,837190.0,1047536,10.010011,22.75606583333335,56.881305100000006,77.1573777666667,100.0
00:01:00.083277,1616236.0,2022316,198930.0,248912,541349.0,677364,926289.0,1159020,10.01,21.578561533333346,54.94707536666666,75.70241986666669,100.0
00:01:10.093288,1708788.0,2138124,211838.0,265268,582066.0,728312,981730.0,1228392,10.010011,21.58592036666667,55.566618366666624,77.01316843333332,100.0
00:01:20.103299,1708337.0,2137560,221017.0,276548,591081.0,739592,993901.0,1243620,10.010011,23.040539999999993,57.61489410000001,77.99749623333334,100.0
00:01:30.113310,1683546.0,2106540,223270.0,279368,585522.0,732636,984285.0,1231588,10.010011,25.71885076666665,60.21212206666666,79.37509860000004,100.0
00:01:40.123321,1646284.0,2059916,220566.0,275984,571399.0,714964,963400.0,1205456,10.010011,25.77223433333333,60.203123566666655,80.18148539999991,100.0
00:01:50.133332,1581977.0,1979452,210499.0,263388,549913.0,688080,928842.0,1162216,10.010011,23.646625899999975,57.721643666666665,78.50833763333334,100.0
00:02:00.143343,1598805.0,2000508,215330.0,269968,559829.0,700488,940862.0,1177256,10.010011,24.197187033333357,58.76520116666663,79.31359410000009,100.0
00:02:10.153354,1922293.0,2405272,253173.0,317344,670714.0,839232,1102381.0,1379356,10.010011,18.353280600000012,56.827637433333365,78.71371176666662,100.0
00:02:20.163365,1591593.0,1991484,206743.0,258688,551566.0,690148,954836.0,1194740,10.010011,2.7979287333333334,51.262512133333345,75.14036960000004,100.0
00:02:30.173376,1690007.0,2114624,224472.0,280872,592584.0,741472,1001112.0,1252644,10.010011,2.4648422333333344,54.49310393333331,77.40809286666668,100.0
00:02:40.183376,1545318.0,1933580,220416.0,275796,565690.0,707820,919979.0,1151124,10.01,11.831736033333335,63.25384270000002,80.79044629999999,100.0
00:02:50.202254,1288000.0,1613040,189597.0,237444,469379.0,587312,760490.0,952408,10.018878,11.381725033333325,67.33852843333331,82.09287183333333,100.0
00:03:00.212265,1391010.0,1740504,202686.0,253612,511449.0,639952,838092.0,1048664,10.010011,8.573073066666666,16.981196866666668,82.65578226666666,100.0
00:03:10.222276,1477854.0,1849168,217861.0,272600,554270.0,693532,903000.0,1129880,10.010011,7.077683766666669,14.775201166666664,82.3180749333333,100.0
00:03:20.232287,1521727.0,1904064,201184.0,251732,546006.0,683192,914418.0,1144168,10.010011,11.579953066666668,24.71722666666667,79.66421596666672,100.0
00:03:30.242298,1587987.0,1986972,205992.0,257748,573200.0,717220,948225.0,1186468,10.010011,7.372339566666665,21.14960953333336,77.33594936666671,100.0
00:03:40.252309,1579724.0,1976632,204189.0,255492,562233.0,703496,932599.0,1166916,10.010011,6.9238655999999965,19.55142416666665,77.41614236666668,100.0
00:03:50.262320,1563046.0,1955764,211250.0,264328,564627.0,707820,916672.0,1146988,10.010011,4.765150199999998,15.170143166666664,78.61812876666676,100.0
00:04:00.272331,1380793.0,1727720,195174.0,244212,500932.0,626792,796473.0,996588,10.010011,6.787263166666665,59.936945966666705,78.40992003333332,100.0
00:04:10.296753,1614211.0,2022692,225224.0,281812,590631.0,739028,951212.0,1191920,10.024422,5.7717626,59.23548986666663,77.6762887,100.0
00:04:20.306753,1385452.0,1733548,200883.0,251356,505139.0,632056,807742.0,1010688,10.01,32.047782866666665,25.448550266666665,79.58023423333333,100.0
00:04:30.326764,1396527.0,1749152,205541.0,257184,521816.0,652924,823896.0,1031932,10.020011,33.650437233333335,21.510113200000003,80.32108383333333,100.0
00:04:40.336775,1371027.0,1715500,192770.0,241204,493569.0,617580,795271.0,995084,10.010011,34.811959866666655,24.38946113333334,79.3108370666667,100.0
00:04:50.352364,1280014.0,1602512,186609.0,233496,463369.0,579792,745423.0,933232,10.015589,38.57334973333332,28.86846700000002,81.24669286666662,100.0
00:05:00.362375,1423765.0,1781488,202085.0,252860,504838.0,631680,824269.0,1031368,10.010011,33.898945166666685,19.77458856666668,79.12440299999996,100.0
00:05:10.372386,1265852.0,1583900,189915.0,237632,455804.0,570392,733818.0,918192,10.010011,37.293687399999996,24.192552866666666,79.53988099999998,100.0
00:05:20.382397,1288390.0,1612100,189314.0,236880,459763.0,575280,743585.0,930412,10.010011,35.58738356666665,23.22469916666666,80.2835077333334,100.0
00:05:30.392408,1276069.0,1596684,184205.0,230488,459463.0,574904,744336.0,931352,10.010011,36.811756200000005,27.086858566666674,79.98437590000003,100.0
00:05:40.402419,1260894.0,1577696,186910.0,233872,460214.0,575844,742082.0,928532,10.010011,37.85793640000001,29.045026866666657,80.86856896666671,100.0
00:05:50.412430,1268857.0,1587660,187962.0,235188,462468.0,578664,746139.0,933608,10.010011,38.47806823333336,21.250956499999983,81.42043826666671,100.0
00:06:00.422430,1211313.0,1515656,172486.0,215824,426859.0,534108,707976.0,885856,10.01,33.36285996666663,28.42881133333333,79.9019823666667,100.0
00:06:10.432441,1406486.0,1759868,188863.0,236316,477042.0,596900,815855.0,1020840,10.010011,23.06227593333332,18.511730700000005,77.42829983333336,100.0
00:06:20.442452,1393715.0,1743888,193371.0,241956,478394.0,598592,803985.0,1005988,10.010011,33.027743599999994,30.10910039999999,79.97096233333336,100.0
00:06:30.452463,1238206.0,1549308,190666.0,238572,437384.0,547644,719395.0,900144,10.010011,43.38421683333331,26.01508063333334,82.9037611,100.0
00:06:40.466963,1481547.0,1854620,202836.0,253800,504538.0,631304,865500.0,1083444,10.0145,29.091695833333368,9.119840699999996,81.10171760000001,100.0
00:06:50.476974,1353899.0,1694068,197728.0,247408,475990.0,595584,789261.0,987564,10.010011,44.774591366666655,19.525751200000006,82.91190866666666,100.0
00:07:00.486985,1484315.0,1857252,208396.0,260756,519112.0,649540,873851.0,1093408,10.010011,35.16720203333334,16.501508633333334,81.77803493333336,100.0
00:07:10.496996,1188173.0,1486704,174740.0,218644,414688.0,518880,691749.0,865552,10.010011,49.19669460000001,43.190368333333325,84.0960547333333,100.0
00:07:20.525873,1436083.0,1800288,211100.0,264140,518060.0,648224,857660.0,1075172,10.028877,15.600590366666665,15.1935473,82.93081533333329,100.0
00:07:30.535884,1288390.0,1612100,192469.0,240828,463069.0,579416,762216.0,953724,10.010011,19.968098833333343,18.963117866666668,82.57818090000004,100.0
00:07:40.545884,1165487.0,1458316,184206.0,230488,423253.0,529596,692951.0,867056,10.01,36.177888599999996,41.9304188,84.6864862541806,100.0
00:07:50.555895,1092164.0,1366572,165124.0,206612,393804.0,492748,652684.0,816672,10.010011,9.439276300000001,9.110579199999998,82.41247516666665,100.0
00:08:00.565906,1442997.0,1805552,211851.0,265080,528578.0,661384,878509.0,1099236,10.010011,21.81564256666667,19.607707933333327,83.92709680000002,100.0
00:08:10.575917,1256988.0,1572808,195324.0,244400,464571.0,581296,765521.0,957860,10.010011,27.29385779999999,39.021875966666634,83.70995266666668,100.0
00:08:20.552561,609792.0,760460,124521.0,155288,266228.0,332008,424065.0,528844,9.976644,27.29385779999999,39.021875966666634,83.70995266666668,100.0
