delta_t_s,1280x720_bitrate,1280x720_size_byte,444x250_bitrate,444x250_size_byte,640x360_bitrate,640x360_size_byte,854x480_bitrate,854x480_size_byte,seg_len_s,444x250_vmaf_score,640x360_vmaf_score,854x480_vmaf_score,1280x720_vmaf_score
00:00:10.023222,1672474.0,2095448,224777.0,281624,576948.0,722860,982837.0,1231400,10.023222,34.93138651877134,65.98577737201362,82.94827778156993,100.0
00:00:20.023222,1738473.0,2173092,234022.0,292528,607270.0,760272,1013545.0,1266932,10.0,50.764509999999966,78.59980568027214,88.38664901360545,100.0
00:00:30.023222,1266969.0,1583712,163334.0,204168,429843.0,537304,687929.0,859912,10.0,51.32460706484643,78.67849467576787,88.09373959044373,100.0
00:00:40.023222,1292838.0,1616048,170553.0,213192,448192.0,560240,726281.0,907852,10.0,51.249389591836696,78.98961676870748,88.65993455782314,100.0
00:00:50.023222,1592435.0,1990544,205897.0,257372,546704.0,683380,907062.0,1133828,10.0,52.146592252559735,78.90757928327645,88.53051423208191,100.0
00:01:00.023222,1551827.0,1939784,190556.0,238196,508183.0,635252,861792.0,1077240,10.0,54.87132564625849,79.6299008843537,88.81936412969286,100.0
00:01:10.023222,1329686.0,1662108,169200.0,211500,437664.0,547080,738614.0,923268,10.0,55.44183061433448,79.91850358361778,88.8832420748299,100.0
00:01:20.023222,1347132.0,1683916,177472.0,221840,453756.0,567196,765686.0,957108,10.0,54.47453367346938,79.35124534013606,88.72799474402733,100.0
00:01:30.023222,1332243.0,1665304,177020.0,221276,451952.0,564940,761324.0,951656,10.0,54.50993030716728,79.3571218430034,88.6675851020408,100.0
00:01:40.023222,1351193.0,1688992,184390.0,230488,467292.0,584116,785088.0,981360,10.0,53.1753293856655,78.74451058020472,88.41341761092151,100.0
00:01:50.023222,1279302.0,1599128,172358.0,215448,440972.0,551216,745833.0,932292,10.0,53.347855068027194,78.82161972789115,88.33220142857148,100.0
00:02:00.023945,1321920.0,1652520,179577.0,224472,460374.0,575468,773902.0,967448,10.000723,48.426599556313974,78.91941040955633,88.44977426621163,100.0
00:02:10.023945,1318406.0,1648008,184540.0,230676,468947.0,586184,786892.0,983616,10.0,39.771327108843565,78.35702666666667,88.37172481228667,100.0
00:02:20.023945,1457676.0,1822096,207702.0,259628,529107.0,661384,924057.0,1155072,10.0,40.379029317406165,77.54809989761097,87.88118078231292,100.0
00:02:30.023945,1439779.0,1799724,197475.0,246844,525196.0,656496,931427.0,1164284,10.0,39.24800693877551,77.27426911564623,87.65240464163823,100.0
00:02:40.023945,1530771.0,1913464,209958.0,262448,556630.0,695788,975344.0,1219180,10.0,31.72375037542662,77.79242631399319,87.96526612244905,100.0
00:02:50.023945,1698467.0,2123084,234774.0,293468,622505.0,778132,1061072.0,1326340,10.0,37.36060938775509,76.98757418367347,87.6423894197952,100.0
00:03:00.023945,1372700.0,1715876,182886.0,228608,470601.0,588252,816672.0,1020840,10.0,42.54974160409558,77.04451836177473,87.54071542662118,100.0
00:03:10.023945,1308630.0,1635788,171004.0,213756,440972.0,551216,733651.0,917064,10.0,38.955446040955614,76.96988798634816,87.43527846938775,100.0
00:03:20.023945,1453766.0,1817208,196873.0,246092,500230.0,625288,811257.0,1014072,10.0,41.722966496598644,76.74923098639454,87.51336959044366,100.0
00:03:30.025201,1204251.0,1505504,162281.0,202852,408035.0,510044,675060.0,843932,10.001256,44.95438795221846,76.94492259385665,87.57296374149655,100.0
00:03:40.025201,1394659.0,1743324,195971.0,244964,496320.0,620400,803888.0,1004860,10.0,33.185902176870755,77.69788676870753,87.76018389078504,100.0
00:03:50.025201,1427446.0,1784308,197324.0,246656,501884.0,627356,823740.0,1029676,10.0,41.560794641638225,77.547140784983,87.69879051020406,100.0
00:04:00.025201,1478883.0,1848604,209808.0,262260,531513.0,664392,864348.0,1080436,10.0,34.483555442176865,77.83734282312922,87.59601098976103,100.0
00:04:10.025201,1661017.0,2076272,219584.0,274480,575881.0,719852,950076.0,1187596,10.0,33.80208918088738,77.68646027303748,87.52390252559724,100.0
00:04:20.025201,1682976.0,2103720,224697.0,280872,586560.0,733200,971433.0,1214292,10.0,32.60392826530611,77.78646568027216,87.65034435374143,100.0
00:04:30.025201,1660867.0,2076084,222291.0,277864,579340.0,724176,960454.0,1200568,10.0,32.91713890784984,77.80595040955632,87.53086576791807,100.0
00:04:40.025201,1732307.0,2165384,237180.0,296476,614083.0,767604,1019411.0,1274264,10.0,34.594458054607514,77.91881464163822,87.34535928571424,100.0
00:04:50.025201,1365180.0,1706476,198076.0,247596,488950.0,611188,803737.0,1004672,10.0,36.34523602040817,78.92590690476194,87.50488979522187,100.0
00:05:00.025201,1318105.0,1647632,194467.0,243084,474060.0,592576,782531.0,978164,10.0,33.99463952218431,79.31645716723553,87.89542210884363,100.0
00:05:10.025201,1324723.0,1655904,192361.0,240452,474060.0,592576,787344.0,984180,10.0,42.321356734693886,79.14450187074821,87.5852296587031,100.0
00:05:20.025201,1179136.0,1473920,169350.0,211688,415104.0,518880,697555.0,871944,10.0,46.461581365187726,79.3324792832764,87.69144696245736,100.0
00:05:30.025201,1214630.0,1518288,178224.0,222780,432400.0,540500,724476.0,905596,10.0,45.037883027210896,78.84996180272111,87.75907908163259,100.0
00:05:40.034990,1443780.0,1806492,210560.0,263200,527001.0,658752,872067.0,1091152,10.009789,33.37894982935154,78.7610223549488,87.7745137201366,100.0
00:05:50.034990,1416316.0,1770396,198227.0,247784,501132.0,626416,842240.0,1052800,10.0,38.72171193877549,78.95349714285715,88.0227434013605,100.0
00:06:00.034990,1511971.0,1889964,218982.0,273728,549260.0,686576,917440.0,1146800,10.0,34.727928976109204,78.68110723549488,87.74798515358361,100.0
00:06:10.034990,1433612.0,1792016,201686.0,252108,511059.0,638824,859084.0,1073856,10.0,35.752868805460764,78.84209378839586,87.87649187713303,100.0
00:06:20.052757,1327628.0,1662484,210710.0,263388,497072.0,621340,861014.0,1078180,10.017767,31.761931700680286,63.977417380952346,82.63494408163263,100.0
00:06:30.052757,1643270.0,2054088,238384.0,297980,593929.0,742412,1027532.0,1284416,10.0,25.134481706484642,48.45998559726964,82.3093936518771,100.0
00:06:31.286090,1692610.0,260944,191455.0,29516,520709.0,80276,888986.0,137052,1.233333,25.134481706484642,48.45998559726964,82.3093936518771,100.0
