delta_t_s,1280x720_bitrate,1280x720_size_byte,1920x1080_bitrate,1920x1080_size_byte,444x250_bitrate,444x250_size_byte,640x360_bitrate,640x360_size_byte,854x480_bitrate,854x480_size_byte,seg_len_s,444x250_vmaf_score,640x360_vmaf_score,854x480_vmaf_score,1280x720_vmaf_score,1920x1080_vmaf_score
00:00:10.033233,1786829.0,2240960,3809305.0,4777456,214509.0,269028,591473.0,743352,1038369.0,1302276,10.033233,9.40966397306397,33.204006902356895,54.17794350168353,73.27163239057238,100.0
00:00:20.043244,1839355.0,2301496,3902131.0,4882548,226726.0,283692,613168.0,767228,1055353.0,1320512,10.010011,7.012677609427608,26.62838922558922,47.16970363636364,67.81271245791251,100.0
00:00:30.069833,2018415.0,2529728,4474384.0,5607852,221918.0,277676,634053.0,793360,1084508.0,1359240,10.026589,4.811596498316499,30.625943489932876,50.40654013468012,71.35696343434344,100.0
00:00:40.079844,1808404.0,2262768,3742416.0,4682704,231234.0,289332,608360.0,761212,990896.0,1239860,10.010011,4.51426536912752,31.335673939393924,51.96589865319868,68.52380383838386,100.0
00:00:50.089855,1485667.0,1858944,3043004.0,3807564,210349.0,263200,534588.0,668904,912014.0,1141160,10.010011,3.36995026936027,42.519387979798,58.284221275167795,70.2394418456376,100.0
00:01:00.099855,1191931.0,1491404,2371241.0,2967016,191868.0,240076,460064.0,575656,752150.0,941128,10.01,13.019280235690228,45.12047562289562,60.59596969696969,72.72869195286194,100.0
00:01:10.109866,1263448.0,1580892,2571070.0,3217056,186910.0,233872,454204.0,568324,765972.0,958424,10.010011,2.847653973063974,32.21674989932886,52.074834747474725,68.98710030303026,100.0
00:01:20.119877,1773395.0,2218964,3593819.0,4496772,232886.0,291400,621732.0,777944,1053550.0,1318256,10.010011,0.025910872483221475,15.541803030303033,41.114539528619524,65.18195841750835,100.0
00:01:30.129888,1498589.0,1875112,3107762.0,3888592,196826.0,246280,513553.0,642584,912465.0,1141724,10.010011,0.3498545454545455,34.51393097643095,55.01610851851851,71.53860676767678,100.0
00:01:40.139899,1382596.0,1729976,2764291.0,3458824,210349.0,263200,517609.0,647660,863784.0,1080812,10.010011,0.1581977777777778,33.02567878787879,54.17499063973066,70.68865734006732,100.0
00:01:50.149910,1429324.0,1788444,2886895.0,3612232,205240.0,256808,523619.0,655180,873551.0,1093032,10.010011,2.0108646801346794,26.782370469798664,48.05587869127518,66.63077268456371,100.0
00:02:00.159921,1298907.0,1625260,2816879.0,3524624,170683.0,213568,422652.0,528844,774536.0,969140,10.010011,0.0,19.485226835016835,43.836853030303,67.506032996633,100.0
00:02:10.187633,1050340.0,1316564,2321307.0,2909676,147695.0,184804,345123.0,431836,647332.0,811408,10.027712,2.1943179124579135,8.350142794612793,55.03115973063977,70.50893175084174,100.0
00:02:20.197644,1900807.0,2378388,3586908.0,4488124,242803.0,303808,668159.0,836036,1127022.0,1410188,10.010011,2.699456262626265,7.72002508417508,53.64325734006734,68.94576902356897,100.0
00:02:30.207655,1494532.0,1870036,2967880.0,3713564,201634.0,252296,534588.0,668904,911413.0,1140408,10.010011,0.249806026936027,4.765842315436242,49.903729494949495,69.00678154882156,100.0
00:02:40.217655,1445102.0,1808184,2998834.0,3752292,189464.0,237068,490114.0,613256,858677.0,1074420,10.01,0.5229679461279462,8.094300673400678,54.33656718120802,69.63861258389261,100.0
00:02:50.227666,1101479.0,1378228,2344795.0,2933928,177595.0,222216,413637.0,517564,675672.0,845436,10.010011,0.10520033557046979,4.301865084175085,46.663631952861955,63.556199932659936,100.0
00:03:00.237677,1469440.0,1838640,3474521.0,4347500,180299.0,225600,464571.0,581296,811347.0,1015200,10.010011,0.019409764309764307,2.240593602693602,43.605811515151515,60.79128986531984,100.0
00:03:10.247688,1471544.0,1841272,3322469.0,4157244,182402.0,228232,476140.0,595772,823818.0,1030804,10.010011,0.29380808080808085,3.4195799664429543,55.25497329966331,69.56411932659935,100.0
00:03:20.259944,1310483.0,1640112,2532790.0,3169868,202686.0,253612,490114.0,613256,811916.0,1016140,10.012256,0.1814080134680135,5.620582558922558,50.00705141414139,69.3555525925926,100.0
00:03:30.269955,1359908.0,1701588,2516981.0,3149376,209447.0,262072,523469.0,654992,868743.0,1087016,10.010011,0.02464540268456376,1.9562499326599325,42.78214808080811,64.64676111111113,100.0
00:03:40.279966,1631409.0,2041304,3171768.0,3968680,205240.0,256808,523469.0,654992,909009.0,1137400,10.010011,0.022197104377104374,1.8624186868686867,45.73844090604029,65.13055214765097,100.0
00:03:50.308811,1543764.0,1935272,3220250.0,4036924,189464.0,237068,488761.0,611564,861862.0,1080436,10.028845,0.946779494949495,2.5150614765100663,49.927002356902385,68.68788999999998,100.0
00:04:00.335444,1723505.0,2160120,3238210.0,4058544,228679.0,286136,551265.0,689772,914553.0,1146236,10.026633,0.5727228956228955,2.587116936026937,59.636984511784505,71.96816680134674,100.0
00:04:10.345455,1017490.0,1273136,1935965.0,2422380,172636.0,216012,398612.0,498764,654336.0,818740,10.010011,0.3525334899328859,1.350319663299663,57.24605646464644,71.69439653198651,100.0
00:04:20.355455,1092315.0,1366760,2133396.0,2669412,177144.0,221652,420999.0,526776,694454.0,868936,10.01,0.15804070707070708,3.149236464646465,58.948308047138084,72.10222841750846,100.0
00:04:30.365466,974518.0,1219368,1887435.0,2361656,166326.0,208116,382084.0,478084,629095.0,787156,10.010011,1.1332836700336701,6.672500738255033,57.895170303030284,72.01493518518521,100.0
00:04:40.383266,835939.0,1046784,1621884.0,2030964,143187.0,179164,318228.0,398184,531019.0,664956,10.0178,1.9112007070707075,11.523380639730645,62.589707919463116,75.0385302684564,100.0
00:04:50.393277,783701.0,980608,1460726.0,1827736,140483.0,175780,304405.0,380888,503486.0,629988,10.010011,0.9007445973154365,9.15971723905724,59.38594700336696,73.5916039057239,100.0
00:05:00.403288,903901.0,1131008,1729673.0,2164256,152353.0,190632,347827.0,435220,579061.0,724552,10.010011,0.02304861952861953,2.067940740740741,56.52829861952868,72.14117579124579,100.0
00:05:10.413299,1254734.0,1569988,2429085.0,3039396,197427.0,247032,477643.0,597652,788660.0,986812,10.010011,3.819355757575757,4.617379228187921,56.6563525925926,74.46219639730639,100.0
00:05:20.445477,1377442.0,1727344,2793864.0,3503568,195925.0,245152,499129.0,624536,842087.0,1055996,10.032178,0.02368707070707071,11.167009225589219,50.823512626262584,71.86108249158255,100.0
00:05:30.455488,884369.0,1106568,1951441.0,2441744,141384.0,176908,323787.0,405140,546157.0,683380,10.010011,3.773692087542088,9.835607373737371,53.27087647651009,73.76475496644295,100.0
00:05:40.465499,1675282.0,2096200,3315407.0,4148408,209297.0,261884,547809.0,685448,903450.0,1130444,10.010011,2.2676258389261754,3.279735892255893,46.71976542087542,68.44683612794614,100.0
00:05:50.475510,1981191.0,2478968,3878092.0,4852468,228529.0,285948,626240.0,783584,1044835.0,1307352,10.010011,2.252400404040405,2.7308191946308726,58.80119851851854,72.83002909090908,100.0
00:06:00.485510,1316187.0,1646880,2582041.0,3230780,198479.0,248348,492067.0,615700,831632.0,1040580,10.01,4.399255858585857,7.605858383838387,64.73417175084175,74.08607218855217,100.0
00:06:10.495521,943116.0,1180076,1885331.0,2359024,157161.0,196648,370815.0,463984,609111.0,762152,10.010011,0.3166940740740741,1.4129195286195289,55.71274905723904,70.84829430976433,100.0
00:06:20.505532,1416703.0,1772652,2861353.0,3580272,200282.0,250604,512200.0,640892,877908.0,1098484,10.010011,9.042676845637585,11.005857003367003,57.68140030303027,71.34432306397308,100.0
00:06:30.515543,1792477.0,2242840,3577142.0,4475904,221768.0,277488,617525.0,772680,1039426.0,1300584,10.010011,5.862160774410776,7.706766040268455,46.431374597315454,67.30398255033559,100.0
00:06:40.525553,2359669.0,2952540,4598088.0,5753364,265340.0,332008,670263.0,838668,1108691.0,1387252,10.010011,4.529753063973063,5.522662996632998,44.97305296296296,69.97024545454545,100.0
00:06:50.535564,1987651.0,2487052,4289024.0,5366648,218863.0,273916,582066.0,728312,1015837.0,1271068,10.010011,0.8320781481481484,1.7352728282828287,41.452644141414105,60.59820545454544,100.0
00:07:00.545576,1751759.0,2191892,4212247.0,5270580,188713.0,236128,532033.0,665708,1011630.0,1265804,10.010011,0.3062747651006712,0.7716870707070705,45.13198659932661,62.83863656565658,100.0
00:07:10.576665,1804903.0,2263144,3768887.0,4725756,233487.0,292152,608510.0,761400,1069778.0,1341380,10.031089,2.542017239057238,3.55360697986577,42.39202393939394,64.09039478114478,100.0
00:07:20.586676,1691509.0,2116504,3582701.0,4482860,201705.0,252860,518210.0,648412,916522.0,1146800,10.010011,3.6675835353535358,4.988821717171717,42.93438686868688,63.49190882154886,100.0
00:07:30.596687,1139492.0,1425792,2461238.0,3079628,152250.0,190820,385690.0,482596,695054.0,869688,10.010011,4.765057205387205,6.072438383838386,43.91066788590604,63.34822664429531,100.0
00:07:40.621142,1593351.0,1996560,3392548.0,4251056,200883.0,251356,538645.0,673980,962762.0,1206396,10.024455,0.7269782154882155,1.0941379124579127,45.059700707070725,62.84533023569026,100.0
00:07:50.631153,1145502.0,1433312,2386864.0,2986568,170232.0,213004,416942.0,521700,711732.0,890556,10.010011,4.244422852348994,4.492981744966444,49.31253636363636,64.62471053872052,100.0
00:08:00.641164,1205302.0,1508136,2459435.0,3077372,174590.0,218456,435122.0,544448,755154.0,944888,10.010011,0.005867104377104377,0.18105228956228958,48.728890202020196,66.48217296296296,100.0
00:08:10.658997,1044620.0,1308104,2262343.0,2832972,156738.0,196272,367073.0,459660,635209.0,795428,10.017833,3.973657575757576,4.467966498316497,50.96053037037034,68.74493037037033,100.0
00:08:20.669008,1650792.0,2065556,3121885.0,3906264,237544.0,297228,577409.0,722484,951230.0,1190228,10.010011,2.1869736026936026,3.1069793265993257,37.76459057046976,59.43323882550332,100.0
00:08:30.679019,1766935.0,2210880,3679011.0,4603368,220191.0,275608,577258.0,722296,998558.0,1249448,10.010011,3.2554005369127514,5.3870493288590575,41.41360865319865,59.77291663299664,100.0
00:08:40.689030,1784814.0,2233252,3265824.0,4086368,289080.0,361712,689495.0,862732,1126270.0,1409248,10.010011,8.020927441077438,8.536324814814812,55.040018821548834,68.47759299663296,100.0
00:08:45.727397,1061200.0,668340,1786280.0,1124992,225673.0,142128,543585.0,342348,777915.0,489928,5.038367,8.020927441077438,8.536324814814812,55.040018821548834,68.47759299663296,100.0
