delta_t_s,1280x720_bitrate,1280x720_size_byte,384x216_bitrate,384x216_size_byte,640x360_bitrate,640x360_size_byte,720x406_bitrate,720x406_size_byte,seg_len_s,384x216_vmaf_score,640x360_vmaf_score,720x406_vmaf_score,1280x720_vmaf_score
00:00:10.200333,4857908.0,6194036,798949.0,999220,1758000.0,2241524,3020139.0,3850804,10.200333,15.031396720647775,73.95267532786882,83.81551110655737,100.0
00:00:20.395333,2133443.0,2708140,354427.0,443492,848406.0,1081188,1429058.0,1821156,10.195,1.9310336585365848,44.577387540983615,40.878381557377054,100.0
00:00:30.465000,1972657.0,2485548,368354.0,461164,839549.0,1056748,1384412.0,1742572,10.069667,0.9144586234817814,43.09869263374486,31.677356147540983,100.0
00:00:40.649333,1673337.0,2130228,450448.0,563060,839252.0,1068404,1318910.0,1679028,10.184333,0.2563781376518219,53.358340122950764,50.43509510288068,100.0
00:00:50.769666,2147885.0,2717164,397595.0,497260,949480.0,1201132,1470215.0,1859884,10.120333,2.7322427642276415,60.124472540983575,63.967542909836084,100.0
00:01:00.844666,2623602.0,3304100,755881.0,945828,1219173.0,1535396,1928553.0,2428772,10.075,4.154699109311742,54.71605312757203,56.86256536885245,100.0
00:01:10.954333,2057319.0,2599852,281859.0,352876,898115.0,1134956,1390836.0,1757612,10.109667,2.2797441056910577,44.92063278688523,41.36565303278688,100.0
00:01:21.138666,2465481.0,3138660,330729.0,413412,1092668.0,1391012,1676290.0,2133988,10.184333,3.8818224696356256,53.80995418032787,53.67008102880658,100.0
00:01:31.258998,2333352.0,2951788,404811.0,506284,978013.0,1237228,1605749.0,2031340,10.120333,5.921949271255062,59.104046625514435,54.914834139344286,100.0
00:01:41.453999,2184082.0,2783340,243546.0,304748,770219.0,981548,1735316.0,2211444,10.195,0.4843274390243903,43.28912491803277,36.9904656967213,100.0
00:01:51.603666,2665649.0,3381932,279456.0,349868,1115071.0,1414700,1866651.0,2368236,10.149667,0.11316222672064778,35.61565979508197,31.079867090163937,100.0
00:02:01.723666,2065324.0,2612636,239587.0,299484,888281.0,1123676,1385255.0,1752348,10.12,0.4203649593495935,45.68999286885243,37.56674666666667,100.0
00:02:11.803999,2311876.0,2913060,330553.0,413412,927286.0,1168420,1600483.0,2016676,10.080333,0.0,32.61799736625515,24.403256393442618,100.0
00:02:21.958999,1964900.0,2494196,315664.0,394988,751629.0,954100,1706606.0,2166324,10.155,0.0,33.385192049180354,23.36658618852459,100.0
00:02:32.118999,2816595.0,3577076,365350.0,457404,1080185.0,1371836,1928110.0,2448700,10.16,0.7505008943089432,47.660731639344306,46.39343393442618,100.0
00:02:42.183332,2683952.0,3403364,359606.0,449508,997642.0,1265052,1575830.0,1982460,10.064333,2.186031740890688,47.444233127572005,14.817033703703713,100.0
00:02:52.263664,2213403.0,2788980,382864.0,478836,1012630.0,1275956,1673890.0,2109172,10.080333,0.0010202024291497975,39.45614168032786,3.1756551639344277,100.0
00:03:02.458665,2592426.0,3303724,349319.0,437100,923643.0,1177068,1660079.0,2115564,10.195,0.11593036585365853,41.32286778688523,6.477043770491803,100.0
00:03:12.528332,2369587.0,2982620,340423.0,426196,909748.0,1145108,1565735.0,1970804,10.069667,0.44339489878542504,31.35233794238683,14.271658688524592,100.0
00:03:22.672665,2692848.0,3414644,549110.0,686388,1045975.0,1326340,1757623.0,2228740,10.144333,0.31102243902439025,59.1235343032787,46.9686922222222,100.0
00:03:32.752998,2598044.0,3273644,695830.0,870252,1158549.0,1459820,1824584.0,2299052,10.080333,0.9957501619433197,56.40790643442622,49.182759344262294,100.0
00:03:42.947998,3420622.0,4359156,584602.0,731508,1164106.0,1483508,1865137.0,2376884,10.195,3.4909319028340082,68.03673286885247,54.72477368852457,100.0
00:03:53.137665,2841752.0,3619564,476472.0,596524,1063461.0,1354540,1925448.0,2452460,10.189667,0.5195974390243902,57.81651222222222,47.11226364754097,100.0
00:04:03.201998,2016674.0,2537060,268163.0,335204,809210.0,1018020,1619466.0,2037356,10.064333,0.6468973279352226,39.37487819672134,21.445723333333326,100.0
00:04:13.322331,2245077.0,2840116,209696.0,262260,839804.0,1062388,1348651.0,1706100,10.120333,0.14727630081300813,58.061399262295076,45.70343549180328,100.0
00:04:23.437331,2800874.0,3541356,428648.0,536364,1218812.0,1541036,1972968.0,2494572,10.115,0.9200370850202428,54.64841572016462,29.82035172131148,100.0
00:04:33.586998,2073217.0,2630308,344628.0,431460,965999.0,1225572,1565841.0,1986596,10.149667,0.18456388663967607,53.40988557377049,4.278714180327868,100.0
00:04:43.786998,2404778.0,3066092,277488.0,346860,934986.0,1192108,1567256.0,1998252,10.2,0.5221815447154472,41.635117295081976,8.817100123456791,100.0
00:04:53.907331,2418655.0,3059700,305900.0,382580,975338.0,1233844,1657763.0,2097140,10.120333,0.37827404858299596,41.125777530864205,12.897239918032785,100.0
00:05:03.982331,2372513.0,2987884,488746.0,611564,1013464.0,1276332,1784945.0,2247916,10.075,0.2750441700404858,44.78776139344262,1.3156396311475411,100.0
00:05:14.051998,2619914.0,3297708,442835.0,554412,1054328.0,1327092,1814269.0,2283636,10.069667,0.306700081300813,27.93317930327869,5.191991844262296,100.0
00:05:24.156331,2287034.0,2888620,356899.0,446124,896207.0,1131948,1677357.0,2118572,10.104333,0.00413995951417004,58.63355197530866,13.514159794238681,100.0
00:05:34.236664,2476892.0,3120988,393387.0,491996,1025461.0,1292124,1672398.0,2107292,10.080333,0.2843414634146341,47.506613360655734,8.694992377049184,100.0
00:05:44.391664,3275032.0,4157244,478529.0,598780,1045172.0,1326716,2149438.0,2728444,10.155,0.022280931174089066,33.99572581967212,10.150103278688523,100.0
00:05:54.551664,2611719.0,3316884,484581.0,606676,927713.0,1178196,1841955.0,2339284,10.16,1.2012707692307694,56.59032700819668,20.320097950819665,100.0
00:06:04.735997,3031677.0,3859452,380361.0,475452,952374.0,1212412,1805361.0,2298300,10.184333,8.107462601626015,67.24949818930043,50.30920205761317,100.0
00:06:05.495997,199873.0,18988,152611.0,12972,199873.0,18988,199873.0,18988,0.76,8.107462601626015,67.24949818930043,50.30920205761317,100.0
