delta_t_s,1280x720_bitrate,1280x720_size_byte,384x216_bitrate,384x216_size_byte,640x360_bitrate,640x360_size_byte,720x406_bitrate,720x406_size_byte,seg_len_s,384x216_vmaf_score,640x360_vmaf_score,720x406_vmaf_score,1280x720_vmaf_score
00:00:10.080333,2340224.0,2948780,409621.0,512300,1032026.0,1300396,1640768.0,2067436,10.080333,37.71203429149792,80.70638318367348,79.46626861224486,100.0
00:00:20.235333,3050505.0,3872236,541632.0,677740,1323016.0,1679404,2221121.0,2819436,10.155,39.394207661290345,84.10317187755103,83.9054244081632,100.0
00:00:30.355333,2853884.0,3610164,569875.0,713460,1239313.0,1567732,1971696.0,2494196,10.12,6.175264777327935,71.74508811475411,74.2136944672131,100.0
00:00:40.419666,2487405.0,3129260,263049.0,328812,1004974.0,1264300,1631421.0,2052396,10.064333,11.918107338709673,81.90925893877552,83.47343012244896,100.0
00:00:50.499999,2290092.0,2885612,327847.0,410028,958022.0,1207148,1468887.0,1850860,10.080333,9.762739595141701,88.81026118367352,89.97503224489792,100.0
00:01:00.574999,1980503.0,2494196,298536.0,373556,814921.0,1026292,1304561.0,1642932,10.075,13.460981370967739,87.11945918367347,87.5183917959183,100.0
00:01:10.764666,1977108.0,2518260,428119.0,535988,886045.0,1128564,1582720.0,2015924,10.189667,44.58777753036438,88.34511721311475,87.84939692622953,100.0
00:01:20.908999,2628800.0,3333428,522640.0,653300,1027590.0,1303028,1848358.0,2343796,10.144333,0.0,68.68860926530613,70.7587786938775,100.0
00:01:31.069332,2922786.0,3712060,308305.0,385588,1203308.0,1528252,1958836.0,2487804,10.160333,6.874209757085022,79.09955395918367,79.6645617142857,100.0
00:01:41.229332,2229502.0,2831468,375762.0,470188,978932.0,1243244,1502371.0,1908012,10.16,14.250895685483867,86.18631225409834,86.16204139344265,100.0
00:01:51.429332,2524508.0,3218748,432624.0,541628,915523.0,1167292,1609132.0,2051644,10.2,21.927914331983807,85.51661200000004,84.71075134693879,100.0
00:02:01.533664,2218267.0,2801764,429392.0,536740,956044.0,1207524,1560958.0,1971556,10.104333,11.854512096774195,86.16243220408163,86.0670277959184,100.0
00:02:11.693998,2032553.0,2581428,349192.0,436724,860182.0,1092468,1551763.0,1970804,10.160333,37.367905384615405,86.83103897959184,86.78923967346944,100.0
00:02:21.893998,5365003.0,6840380,1682891.0,2105788,1401521.0,1786940,3064768.0,3907580,10.2,41.624546411290346,84.03133922131144,84.45612786885243,100.0
00:02:32.043665,2404848.0,3051052,524525.0,656684,847157.0,1074796,1465966.0,1859884,10.149667,14.701423441295544,74.32031551020401,74.05659310204076,100.0
00:02:42.123665,2292257.0,2888244,455260.0,569076,881361.0,1110516,1387469.0,1748212,10.08,20.45699740890688,82.00101424489792,81.02006440816322,100.0
00:02:52.203998,2137011.0,2692724,354003.0,442740,833588.0,1050356,1284773.0,1618868,10.080333,4.139185846774193,80.27895971311482,81.1424997950819,100.0
00:03:02.398998,1332577.0,1698204,220108.0,275420,678754.0,864988,1077657.0,1373340,10.195,2.25922024291498,83.30885873469387,84.44316812244898,100.0
00:03:12.468665,1501809.0,1890340,214885.0,269028,739478.0,930788,1597399.0,2010660,10.069667,0.10258955645161288,89.32175857142855,88.74470285714284,100.0
00:03:22.572998,1822334.0,2301684,219433.0,274292,1024514.0,1294004,1929504.0,2437044,10.104333,1.2634915789473682,86.58236808163268,85.843601755102,100.0
00:03:32.653331,2528516.0,3186036,245772.0,307380,1179735.0,1486516,1864868.0,2349812,10.080333,3.758515201612903,80.50864877049179,82.11494532786892,100.0
00:03:42.768331,3376602.0,4269292,277201.0,346860,1482886.0,1874924,2336961.0,2954796,10.115,13.391541457489872,76.18078085714293,79.9370295510204,100.0
00:03:52.917998,2594225.0,3291316,293572.0,367540,903763.0,1146612,1603183.0,2033972,10.149667,24.266866008064515,89.44274183673468,88.45545432653066,100.0
00:04:02.997998,3442936.0,4338100,758467.0,948084,1134415.0,1429364,2160955.0,2722804,10.08,44.83717429149797,91.06241856557371,89.42005147540982,100.0
00:04:13.078331,3715264.0,4681388,813681.0,1017644,857758.0,1080812,2270994.0,2861548,10.080333,18.99473100806451,88.30803151020412,87.60845840816322,100.0
00:04:23.193331,2888304.0,3651900,317467.0,397244,939869.0,1188348,1801082.0,2277244,10.115,22.543741781376518,89.27797069387763,87.79346342857134,100.0
00:04:33.342998,2717513.0,3447732,291169.0,364532,906134.0,1149620,1719358.0,2181364,10.149667,28.25639612903227,79.68792902040816,79.14560906122452,100.0
00:04:43.502997,2385527.0,3029620,676649.0,845812,936003.0,1188724,1286541.0,1633908,10.16,10.243517125506074,80.0107768442623,79.087043852459,100.0
00:04:53.703331,1960886.0,2500212,390079.0,487860,788394.0,1005236,1090364.0,1390260,10.200333,30.131277822580646,84.41337587755098,82.72994228571419,100.0
00:05:03.858331,3531252.0,4482484,844225.0,1056372,1282435.0,1627892,1794284.0,2277620,10.155,22.30522858299596,83.68462261224494,82.23765714285717,100.0
00:05:13.938331,1772085.0,2250548,413703.0,517940,800193.0,1008244,1215584.0,1531636,10.08,6.933536639676115,64.1398799590164,65.37580971311475,100.0
00:05:17.122664,1387910.0,555164,636789.0,248348,835520.0,332572,1100015.0,437852,3.184333,6.933536639676115,64.1398799590164,65.37580971311475,100.0
