delta_t_s,1280x720_bitrate,1280x720_size_byte,384x216_bitrate,384x216_size_byte,640x360_bitrate,640x360_size_byte,720x406_bitrate,720x406_size_byte,seg_len_s,384x216_vmaf_score,640x360_vmaf_score,720x406_vmaf_score,1280x720_vmaf_score
00:00:10.080333,2430247.0,3074364,433372.0,542004,1069624.0,1347772,1699851.0,2141884,10.080333,1.225691141732284,53.83222916,46.239369599999996,100.0
00:00:20.195333,2480001.0,3135652,531415.0,664956,1049603.0,1327092,1782050.0,2253180,10.115,15.86213328063241,46.68970976,41.86451080000002,100.0
00:00:30.265000,2971207.0,3739884,538941.0,674732,1312720.0,1652332,2072661.0,2608876,10.069667,1.3733874703557314,28.84879736000002,17.34659723999999,100.0
00:00:40.449333,2150870.0,2705884,357200.0,446500,921289.0,1159020,1574393.0,2004268,10.184333,0.6614061660079052,22.856421480000012,15.671943879999992,100.0
00:00:50.609666,2771206.0,3519548,512740.0,641268,1210709.0,1537652,1975711.0,2509236,10.160333,6.072595019762842,21.130233760000014,16.787599279999995,100.0
00:01:00.804666,2323344.0,2960812,402205.0,503276,921282.0,1174060,1584547.0,2019308,10.195,1.0894317391304347,26.935584080000016,8.850464039999997,100.0
00:01:10.874333,2584665.0,3253340,495693.0,620588,1002052.0,1261292,1767071.0,2224228,10.069667,4.055300118577077,38.08129232000002,23.449374200000015,100.0
00:01:21.058666,2953408.0,3759812,470601.0,588252,1159418.0,1475988,2043122.0,2600980,10.184333,6.050487865612644,20.911543559999995,12.660820520000001,100.0
00:01:31.218999,2468344.0,3134900,445397.0,557044,940709.0,1194740,1565973.0,1988852,10.160333,4.274165573122531,24.538098279999993,14.219311159999997,100.0
00:01:41.418999,1968618.0,2509988,378466.0,473572,779573.0,993956,1357581.0,1730916,10.2,9.66509513833992,44.34042256,31.23904784,100.0
00:01:51.528665,2292671.0,2897268,406495.0,508916,943043.0,1191732,1592864.0,2012916,10.109667,9.66509513833992,44.34042256,31.23904784,100.0
00:02:01.632999,3365208.0,4233572,455862.0,569828,1287080.0,1625636,2082518.0,2630308,10.104333,3.707726403162056,16.39230435999999,10.19378372,100.0
00:02:11.713332,2571784.0,3240556,440888.0,551404,860146.0,1083820,1803099.0,2271980,10.080333,4.138901422924899,50.06060444,4.932180799999998,100.0
00:02:21.828332,2298897.0,2906668,404609.0,506284,928364.0,1183084,1578047.0,1995244,10.115,0.6991690909090913,68.54520163999999,2.6601398,100.0
00:02:31.937999,2269165.0,2867564,442835.0,554412,950481.0,1201132,1628866.0,2058412,10.109667,0.014666442687747035,4.674451320000001,0.5146025999999999,100.0
00:02:42.122332,2579192.0,3283420,444131.0,555164,1029166.0,1310172,1745108.0,2221596,10.184333,1.6036586561264825,11.93220892,7.188912839999998,100.0
00:02:52.242665,2609175.0,3300716,517851.0,647660,994658.0,1258284,1817372.0,2299052,10.120333,1.9478852569169962,10.797923720000002,4.6038374,100.0
00:03:02.437665,3007555.0,3817716,529312.0,662324,991799.0,1263924,2028002.0,2584436,10.195,1.7874871936758892,11.860176759999991,2.66224036,100.0
00:03:12.507332,3090396.0,3889908,500198.0,626228,997790.0,1260916,2210968.0,2782964,10.069667,0.4377798418972331,10.736891279999995,1.9078502400000001,100.0
00:03:22.571665,2788375.0,3507892,450448.0,563060,932945.0,1173684,1977820.0,2488180,10.064333,1.59582324110672,7.776797560000003,2.5567937200000004,100.0
00:03:32.771998,2148143.0,2738972,434274.0,543132,916672.0,1168796,1551281.0,1977948,10.200333,2.418987193675889,6.408546920000003,5.413319759999998,100.0
00:03:42.966998,2394745.0,3051804,390786.0,488988,987963.0,1259036,1637066.0,2086236,10.195,1.8664761264822136,3.189662200000001,2.8070165200000003,100.0
00:03:53.036665,2371816.0,2997284,483980.0,605924,954556.0,1201508,1721666.0,2167076,10.069667,5.869946047430829,18.524909720000004,17.18908,100.0
00:04:03.220998,1961604.0,2497204,385475.0,481844,846341.0,1077428,1377981.0,1754228,10.184333,0.7220486956521738,4.503199399999998,4.289345800000001,100.0
00:04:13.341331,2706070.0,3423292,548517.0,686012,1177153.0,1489148,2007001.0,2538940,10.120333,0.23384494071146242,3.3671972799999987,1.00387424,100.0
00:04:23.496331,2593159.0,3291692,493554.0,617580,948608.0,1204140,1789841.0,2271980,10.155,0.6377907509881423,3.9358822399999993,0.9896845199999997,100.0
00:04:33.576331,1855977.0,2338532,371657.0,465300,800790.0,1008996,1306898.0,1646692,10.08,0.22967422924901185,4.75124836,1.3937992000000001,100.0
00:04:43.720664,1523965.0,1932452,383971.0,479964,786519.0,997340,1146792.0,1454180,10.144333,15.475058498023714,26.221748959999996,22.312923520000005,100.0
00:04:53.920997,1385256.0,1766260,565653.0,707444,722338.0,921012,1014871.0,1294004,10.200333,4.976570869565218,21.199071520000018,8.120532239999996,100.0
00:05:03.995997,2735264.0,3444724,659123.0,824756,1127813.0,1420340,1825251.0,2298676,10.075,0.13550644268774703,21.72107348000001,17.14952304000001,100.0
00:05:14.185664,2812822.0,3582716,495093.0,619836,1237630.0,1576380,1998068.0,2544956,10.189667,0.0,2.0744258400000004,0.19338472,100.0
00:05:24.289997,2120326.0,2678060,388182.0,485228,884300.0,1116908,1441583.0,1820780,10.104333,2.559084743083003,27.04964744000001,23.666854639999997,100.0
00:05:34.490330,2149912.0,2741228,424052.0,530348,953829.0,1216172,1581360.0,2016300,10.200333,0.0,2.2405114399999992,1.29382896,100.0
00:05:44.565330,2207409.0,2779956,450283.0,563436,963007.0,1212788,1476830.0,1859884,10.075,3.124024901185771,29.15501195999998,24.335561759999983,100.0
00:05:54.754997,2064783.0,2629932,370756.0,464172,888702.0,1131948,1486189.0,1892972,10.189667,0.0182701185770751,10.584107239999993,6.44628932,100.0
00:06:04.939330,2167957.0,2738220,405328.0,506660,953365.0,1204140,1562578.0,1989228,10.184333,0.0,5.364559239999999,2.2493962,100.0
00:06:15.139663,2282632.0,2876212,462233.0,578100,991145.0,1248884,1661275.0,2118196,10.200333,0.08543324110671936,22.380711759999993,5.932212599999998,100.0
00:06:25.334663,2228929.0,2840492,421436.0,527340,944886.0,1204140,1610511.0,2052396,10.195,0.0,8.579220159999993,0.12803888,100.0
00:06:35.404330,2530896.0,3185660,545548.0,683004,1097045.0,1380860,1849816.0,2328380,10.069667,0.0,4.2794226,0.19254608,100.0
00:06:45.468663,2589621.0,3257852,471804.0,589756,1123927.0,1413948,1853188.0,2331388,10.064333,0.0,4.2794226,0.19254608,100.0
00:06:55.628996,2177027.0,2764916,431267.0,539372,879243.0,1107884,1603868.0,2036980,10.160333,0.0,14.638122640000002,1.7212031199999993,100.0
00:07:05.828996,1842989.0,2349812,401904.0,502900,802674.0,1022908,1352272.0,1724148,10.2,3.312580830039526,74.73810951999998,6.221614239999997,100.0
00:07:15.898663,2363912.0,2975476,480977.0,602164,1075836.0,1354164,1759305.0,2214452,10.069667,3.312580830039526,74.73810951999998,6.221614239999997,100.0
00:07:26.082996,2170125.0,2762660,465488.0,581860,988702.0,1258660,1579414.0,2010660,10.184333,0.13560181818181818,56.81650411999999,1.6935644,100.0
00:07:36.243329,2007093.0,2549092,388576.0,485980,863143.0,1096228,1467092.0,1863268,10.160333,6.614865217391309,60.64420543999997,10.500992599999996,100.0
00:07:46.363329,3330052.0,4212516,481834.0,602916,1280332.0,1619620,2316784.0,2930732,10.12,0.4873115415019762,48.81108444000002,1.3759200399999998,100.0
00:07:56.472996,2205195.0,2786724,459954.0,575844,957920.0,1210532,1545853.0,1953508,10.109667,0.4873115415019762,48.81108444000002,1.3759200399999998,100.0
