delta_t_s,1280x720_bitrate,1280x720_size_byte,384x216_bitrate,384x216_size_byte,640x360_bitrate,640x360_size_byte,720x406_bitrate,720x406_size_byte,seg_len_s,384x216_vmaf_score,640x360_vmaf_score,720x406_vmaf_score,1280x720_vmaf_score
00:00:10.200333,2659486.0,3390956,424052.0,530348,1159074.0,1477868,1840865.0,2347180,10.200333,2.935028884462151,77.80114540322576,79.22632439516126,100.0
00:00:20.395333,2116221.0,2696860,373959.0,467932,853422.0,1087580,1460038.0,1860636,10.195,9.658606852589632,61.626299758064555,59.92732262096774,100.0
00:00:30.505000,3556906.0,4494892,486083.0,608556,1257540.0,1589164,2181094.0,2756268,10.109667,4.65771541832669,47.15281459677423,51.42197415322579,100.0
00:00:40.689333,5163554.0,6573420,566256.0,707820,1446799.0,1841836,2881046.0,3667692,10.184333,3.0515260956175307,42.98274153225807,35.050327661290325,100.0
00:00:50.809666,2552388.0,3216116,564150.0,705564,976821.0,1230836,1793594.0,2268972,10.120333,2.45259012,49.860442874493955,6.435909797570854,100.0
00:01:00.884666,2481488.0,3149940,510080.0,638260,956820.0,1209780,1741654.0,2193396,10.075,2.9815977290836653,21.420819919354834,15.492959758064517,100.0
00:01:10.994333,2072161.0,2621284,387875.0,485604,777017.0,981924,1369711.0,1730916,10.109667,0.8193320318725101,18.282211532258064,12.508490967741926,100.0
00:01:21.058666,2152364.0,2707764,484137.0,605172,1023803.0,1287988,1588084.0,1997876,10.064333,2.293990916334661,9.404691491935488,7.924491733870969,100.0
00:01:31.178999,2440352.0,3087148,448103.0,560428,1004169.0,1270316,1684216.0,2130604,10.120333,1.603025099601594,12.406613145161291,9.60396173387097,100.0
00:01:41.253998,3729472.0,4696804,575587.0,720228,1319190.0,1661356,2506567.0,3156708,10.075,7.568570876494023,12.89917721774193,9.190008629032254,100.0
00:01:51.363666,3885386.0,4909996,520020.0,651044,940960.0,1189100,2497674.0,3156332,10.109667,6.98250812,13.829616032388667,8.113572955465587,100.0
00:02:01.467999,3253945.0,4109868,587913.0,734892,893826.0,1128940,2156049.0,2723180,10.104333,2.740236693227092,14.867642620967738,11.330219959677429,100.0
00:02:11.628332,2066007.0,2623916,486585.0,608556,804435.0,1017644,1490480.0,1892972,10.160333,4.814820039840638,20.957087661290313,13.358757822580648,100.0
00:02:21.748332,1519901.0,1922676,365845.0,457780,715635.0,911988,1041950.0,1318068,10.12,1.039472629482072,24.39814995967743,8.89457818548387,100.0
00:02:31.937999,1504787.0,1916660,370456.0,463796,723094.0,921012,994679.0,1266932,10.189667,1.787413864541833,34.39186028225809,19.680831814516136,100.0
00:02:42.002332,1042633.0,1311676,421270.0,526588,753320.0,947708,746147.0,938684,10.064333,3.1919060557768923,15.01434520161291,2.327056088709677,100.0
00:02:52.162665,874393.0,1110516,414131.0,517940,803340.0,1020276,602024.0,764596,10.160333,4.397790999999998,35.50952226720646,18.5088416194332,100.0
00:03:02.362665,858901.0,1095100,423239.0,529596,953270.0,1215420,891930.0,1137212,10.2,8.789464143426295,47.99109318548384,33.60552487903227,100.0
00:03:12.432332,990103.0,1246252,317898.0,397996,1049847.0,1321452,796533.0,1002604,10.069667,1.7770960159362543,20.448199798387126,13.394783467741929,100.0
00:03:22.536664,4124954.0,5189364,597539.0,746924,1805367.0,2271228,3660892.0,4623860,10.104333,0.9382731872509961,46.706329838709685,42.9539897983871,100.0
00:03:32.696998,1940777.0,2464868,395792.0,495004,816070.0,1036444,1452881.0,1845220,10.160333,2.567743466135458,15.101870040322577,9.113757338709679,100.0
00:03:42.896998,3049628.0,3842532,462904.0,579228,1206930.0,1520732,2067705.0,2636324,10.2,2.685655219123506,16.972556249999997,5.86670427419355,100.0
00:03:52.966665,2414096.0,3038644,449743.0,563060,908553.0,1143604,1656545.0,2085108,10.069667,1.0556403200000004,24.561132307692297,13.14804874493927,100.0
00:04:03.110998,2858899.0,3625204,537078.0,671348,1053684.0,1336116,2080830.0,2638580,10.144333,2.5488859760956175,11.973142782258074,4.383542137096771,100.0
00:04:13.311331,2916337.0,3718452,479069.0,599156,998357.0,1272948,1986837.0,2533300,10.200333,1.6725013545816731,13.702443951612906,2.3717896774193545,100.0
00:04:23.506331,2568823.0,3273644,505573.0,632620,918922.0,1171052,1804062.0,2299052,10.195,0.36517908366533863,8.811623225806452,1.4062487903225802,100.0
00:04:33.575998,2543442.0,3201452,476472.0,596524,987714.0,1243244,1750044.0,2202796,10.069667,0.24840609561752988,23.25281665322582,7.090616370967743,100.0
00:04:43.760331,2932733.0,3733492,517827.0,647284,988112.0,1257908,2164809.0,2755892,10.184333,1.4760542231075695,27.11887395161291,12.796236008064513,100.0
00:04:53.920664,2866239.0,3640244,541602.0,677364,1025972.0,1303028,1999395.0,2539316,10.160333,0.64134936,18.558460242914983,4.176036032388663,100.0
00:05:04.120664,3431331.0,4374948,508277.0,636004,1008417.0,1285732,2154996.0,2747620,10.2,3.538119282868525,18.062179959677415,7.559422338709675,100.0
00:05:14.190331,3240950.0,4079412,517017.0,647284,926193.0,1179700,2347183.0,2954420,10.069667,3.7987660956175278,15.774506814516133,6.800357096774196,100.0
00:05:24.334664,3174693.0,4025644,621603.0,777004,966211.0,1225196,2251922.0,2855532,10.144333,0.0,6.7344772580645245,3.596833306451616,100.0
00:05:34.494997,2873049.0,3648892,625480.0,782268,923834.0,1173308,2093836.0,2659260,10.160333,0.0,25.26240754032257,18.903173629032253,100.0
00:05:44.574997,3314022.0,4175668,817782.0,1023284,1034149.0,1303028,1793311.0,2259572,10.08,0.23083211155378489,10.707810645161283,5.617143346774193,100.0
00:05:54.684664,2740464.0,3463148,512512.0,641644,879073.0,1110892,1962107.0,2479532,10.109667,0.7403614799999999,14.075649473684198,6.934189230769232,100.0
00:06:04.828997,2628800.0,3333428,469699.0,587124,942193.0,1194740,1938501.0,2458100,10.144333,3.711816772908367,16.942516008064512,10.874952137096779,100.0
00:06:15.029330,2859718.0,3646260,556033.0,695412,1029026.0,1312052,2163772.0,2758900,10.200333,0.6445475298804783,8.154566008064512,1.6861569354838706,100.0
00:06:25.104330,2701527.0,3402236,490549.0,613820,965097.0,1215420,1913326.0,2409596,10.075,3.0552668525896394,8.57313935483871,5.4527669354838695,100.0
00:06:35.213997,2442927.0,3087148,469264.0,587500,902876.0,1140972,1657429.0,2094508,10.109667,2.494872908366534,13.891495967741944,5.849499395161295,100.0
00:06:45.278330,2097669.0,2638956,398409.0,498012,938325.0,1180452,1502605.0,1890340,10.064333,34.34204322709164,34.12586221774193,34.33130250000002,100.0
00:06:55.478663,1032565.0,1316564,278242.0,347988,574597.0,732636,786625.0,1002980,10.200333,0.0,0.23844105263157894,0.2513639271255061,100.0
00:07:05.593663,1018675.0,1287988,329787.0,412660,730811.0,924020,752223.0,951092,10.115,5.066706573705179,6.778763870967743,6.870265927419356,100.0
00:07:11.943330,882313.0,700300,286670.0,225036,772409.0,613068,628397.0,498764,6.349667,5.066706573705179,6.778763870967743,6.870265927419356,100.0
