delta_t_s,1280x720_bitrate,1280x720_size_byte,384x216_bitrate,384x216_size_byte,640x360_bitrate,640x360_size_byte,720x406_bitrate,720x406_size_byte,seg_len_s,384x216_vmaf_score,640x360_vmaf_score,720x406_vmaf_score,1280x720_vmaf_score
00:00:10.120333,2426086.0,3069100,474559.0,593516,1049347.0,1327468,1698483.0,2148652,10.120333,35.15047847389559,83.2957004471545,89.35868231707315,100.0
00:00:20.235333,2674488.0,3381556,534120.0,668340,1187587.0,1501556,1894162.0,2394932,10.115,2.7963341767068286,85.27183060975615,92.01813654471547,100.0
00:00:30.425000,2154524.0,2744236,373159.0,467180,909957.0,1159020,1554676.0,1980204,10.189667,0.6418077510040159,89.88636682926825,95.87179321138218,100.0
00:00:40.609333,2648732.0,3345460,476918.0,596148,1186393.0,1492532,1935613.0,2464116,10.184333,0.25845421686746983,22.53956125506073,12.39997396761133,100.0
00:00:50.769666,2442874.0,3078124,436077.0,545388,1035080.0,1309420,1706007.0,2166700,10.160333,4.351969116465863,77.20918008130083,7.997877113821141,100.0
00:01:00.969666,2405662.0,3065716,474022.0,593140,1020123.0,1300020,1658970.0,2115188,10.2,1.4089922177419365,83.36271508130089,12.735396260162604,100.0
00:01:11.119333,2084775.0,2644972,433225.0,542380,821077.0,1041708,1470708.0,1865900,10.149667,5.061126947791165,85.56166987804879,9.13857947154471,100.0
00:01:21.279333,2657609.0,3375164,483836.0,604796,1108607.0,1407932,1847581.0,2346428,10.16,1.2834412449799193,83.76313999999996,9.122734756097564,100.0
00:01:31.399666,2052773.0,2596844,387975.0,485228,866257.0,1095852,1432171.0,1811756,10.120333,2.0080140963855424,83.11846987854243,11.289008542510125,100.0
00:01:41.474666,2262642.0,2849516,423840.0,530348,886874.0,1116908,1584312.0,1995244,10.075,6.315571405622488,85.20969532520328,14.843872520325204,100.0
00:01:51.584333,3175761.0,4013236,598706.0,749556,1185833.0,1498548,2183177.0,2758900,10.109667,3.5929009236947764,75.3631467479674,12.564614593495936,100.0
00:02:01.688666,2927672.0,3697772,508502.0,635628,1217717.0,1538028,2094128.0,2644972,10.104333,1.5173766935483877,75.33490544715445,19.910151219512198,100.0
00:02:11.848999,2435713.0,3069100,496205.0,620588,991443.0,1249260,1803112.0,2290028,10.160333,3.513172289156624,81.28475475609754,16.273091707317068,100.0
00:02:21.928999,1973636.0,2485548,414224.0,518316,872543.0,1098860,1411641.0,1778668,10.08,1.4623581526104417,84.54898615384614,3.269346558704454,100.0
00:02:32.118666,2168694.0,2762284,421212.0,527340,952466.0,1213164,1531060.0,1950124,10.189667,1.489438393574297,80.70261227642276,8.144118780487803,100.0
00:02:42.262998,1950658.0,2473516,421872.0,527340,859463.0,1089836,1367106.0,1733548,10.144333,3.2020957028112442,83.1234706097561,20.71183113821137,100.0
00:02:52.343332,2225637.0,2804396,426457.0,533356,912665.0,1149996,1492760.0,1880940,10.080333,5.41381096385542,85.57729447154476,25.1598562601626,100.0
00:03:02.458332,2474946.0,3129260,423840.0,530348,959048.0,1222188,1737443.0,2196780,10.115,0.5123240562248995,44.59048692307693,13.466874534412952,100.0
00:03:12.567999,2259347.0,2855156,442535.0,554036,809746.0,1023284,1500032.0,1895604,10.109667,0.1807974596774194,23.34677028455284,4.6801213821138195,100.0
00:03:22.752332,2505744.0,3177388,380963.0,476204,898619.0,1143980,1805951.0,2299052,10.184333,2.3302483132530116,22.139290569105686,12.592881219512192,100.0
00:03:32.952665,2411798.0,3063084,436077.0,545388,1003371.0,1279340,1685162.0,2148652,10.200333,3.323584859437751,33.22150508130081,18.749159146341466,100.0
00:03:43.027665,2538149.0,3198068,596621.0,746548,1022720.0,1287988,1765539.0,2223476,10.075,2.3762959437751006,38.84151117886179,16.097381869918703,100.0
00:03:53.097332,2402148.0,3023604,569875.0,713460,987415.0,1242868,1787982.0,2250548,10.069667,0.7186779919678713,53.156431174089086,32.960990364372485,100.0
00:04:03.161665,2998784.0,3772596,768092.0,960116,1250950.0,1573748,2173883.0,2734836,10.064333,0.01630654618473896,28.296577235772364,8.82514573170731,100.0
00:04:13.281998,2630575.0,3327788,438482.0,548396,1132569.0,1432748,1931506.0,2443436,10.120333,4.007984032258066,38.24176146341463,32.58056402439025,100.0
00:04:23.476998,2288528.0,2916444,414825.0,519068,947837.0,1207900,1625264.0,2071196,10.195,2.200329236947792,18.913610772357725,11.729902195121948,100.0
00:04:33.546665,4256595.0,5357812,568073.0,711204,1441766.0,1814764,2877708.0,3622196,10.069667,11.581874939759034,39.99943975609754,31.039168252032507,100.0
00:04:43.610998,3462941.0,4356524,513315.0,641644,722535.0,908980,2298515.0,2891628,10.064333,0.051775983935742974,12.668477570850197,1.6697195141700407,100.0
00:04:53.691331,2631167.0,3315380,469448.0,587124,847911.0,1068404,2022425.0,2548340,10.080333,15.901623453815263,41.39639089430893,30.693068211382112,100.0
00:04:59.246331,1913369.0,1328596,450925.0,308884,774065.0,537492,1358879.0,943572,5.555,15.901623453815263,41.39639089430893,30.693068211382112,100.0
