delta_t_s,1280x720_bitrate,1280x720_size_byte,384x216_bitrate,384x216_size_byte,640x360_bitrate,640x360_size_byte,720x406_bitrate,720x406_size_byte,seg_len_s,384x216_vmaf_score,640x360_vmaf_score,720x406_vmaf_score,1280x720_vmaf_score
00:00:10.080333,4562430.0,5748852,873508.0,1092468,1905451.0,2400948,3256619.0,4103476,10.080333,16.878473201581023,68.09830631999998,62.700153439999994,100.0
00:00:20.195333,4364202.0,5517988,808166.0,1011252,1104321.0,1396276,2905552.0,3673708,10.115,17.971644584980233,75.16521039999996,80.71142155999995,100.0
00:00:30.345000,2608747.0,3309740,565970.0,708572,781068.0,990948,2018093.0,2560372,10.149667,15.14674436507937,65.43773332000006,72.13400364,100.0
00:00:40.505000,2516091.0,3195436,443529.0,554412,865244.0,1098860,1888437.0,2398316,10.16,1.127488181818182,56.26115428000004,55.57702647999998,100.0
00:00:50.585333,4294166.0,5410828,687713.0,860100,1233448.0,1554196,2950159.0,3717324,10.080333,9.016924126984128,52.2521056,63.69865107999998,100.0
00:01:00.660333,3733950.0,4702444,680758.0,851828,970471.0,1222188,2570757.0,3237548,10.075,7.646135138339923,48.50600783999998,62.95383759999999,100.0
00:01:10.770000,3406441.0,4287716,589696.0,738276,938878.0,1186468,2288208.0,2891628,10.109667,8.39009501976285,41.553191440000006,46.62151224000001,100.0
00:01:20.874333,1803877.0,2278372,340355.0,425444,577377.0,729252,1194199.0,1508324,10.104333,1.0646298809523809,18.994293039999988,14.934763839999993,100.0
00:01:31.034666,1507059.0,1914028,375949.0,470188,692320.0,879276,1251269.0,1589164,10.160333,1.0117977865612648,17.25397564,7.687900439999999,100.0
00:01:41.114666,2047788.0,2590452,567774.0,710452,965859.0,1221812,1666784.0,2100148,10.08,7.366184206349207,26.182162840000007,17.47918364,100.0
00:01:51.224333,2033516.0,2569772,474070.0,593516,883833.0,1116908,1547936.0,1956140,10.109667,1.7834966007905138,13.40574568,47.47013520000001,100.0
00:02:01.328666,1817571.0,2295668,450448.0,563060,888765.0,1122548,1396036.0,1763252,10.104333,0.1488018253968254,33.59734368000001,36.790194480000004,100.0
00:02:11.448999,1838772.0,2326124,623676.0,780012,982769.0,1243244,1379859.0,1745580,10.120333,3.036893399209486,22.811756079999984,10.165031280000004,100.0
00:02:21.603999,2591656.0,3263868,420835.0,526588,1113893.0,1413948,1860339.0,2361468,10.155,0.08803260869565216,16.78833444,16.547908480000004,100.0
00:02:31.683999,3314984.0,4205748,526928.0,659692,1337336.0,1685044,2402073.0,3026612,10.08,1.4942921031746033,4.215457068273093,3.3745016465863458,100.0
00:02:41.868332,3729412.0,4699060,645065.0,806332,1202832.0,1519228,2277930.0,2899900,10.184333,0.8668976284584979,31.483399000000034,5.732983400000001,100.0
00:02:51.948665,2812595.0,3543988,565954.0,707820,969958.0,1222188,2022723.0,2548716,10.080333,0.478009523809524,11.38365704,2.06951748,100.0
00:03:02.143665,2257253.0,2876588,391087.0,489364,879091.0,1120292,1580122.0,2013668,10.195,4.580068458498025,18.44047435999999,12.572501039999999,100.0
00:03:12.213332,2132106.0,2683700,459353.0,575092,889435.0,1119540,1537058.0,1934708,10.069667,0.44348853174603176,35.07755907999999,22.038303399999997,100.0
00:03:22.357665,3089344.0,3886524,613782.0,767228,1198049.0,1507196,2094767.0,2656252,10.144333,7.400477075098813,23.244551240000003,16.70992643999999,100.0
00:03:32.557998,2657127.0,3387948,460129.0,575468,873618.0,1113900,1836147.0,2341164,10.200333,9.530845039682541,21.106799719999987,12.798064199999997,100.0
00:03:42.632998,3390579.0,4286964,462002.0,578100,1092425.0,1381236,2279063.0,2870196,10.075,9.530845039682541,21.106799719999987,12.798064199999997,100.0
00:03:52.822665,2359617.0,2981868,428420.0,536364,846193.0,1077804,1590100.0,2025324,10.189667,4.985621507936506,36.55098572000001,29.97949628,100.0
00:04:02.966998,2648073.0,3357868,455561.0,569452,993019.0,1249260,1834422.0,2326124,10.144333,5.550038023715415,20.33222527999999,9.556141599999998,100.0
00:04:13.047331,2063903.0,2600604,330853.0,413788,822547.0,1036444,1340574.0,1689180,10.080333,0.6369827777777778,5.960496559999998,0.45740307999999996,100.0
00:04:23.122331,1828535.0,2302812,347516.0,434844,803576.0,1012004,1223949.0,1541412,10.075,0.6369827777777778,5.960496559999998,0.45740307999999996,100.0
00:04:33.191998,2203321.0,2795372,373159.0,467180,979928.0,1243244,1532577.0,1929068,10.069667,1.0605150988142293,16.958621440000005,3.5542881200000007,100.0
00:04:43.336331,1662606.0,2094884,345168.0,431460,747114.0,948836,1165769.0,1478244,10.144333,0.05318901185770751,17.822908960000003,1.2790465999999998,100.0
00:04:53.496664,1451607.0,1850860,393086.0,491620,829689.0,1053740,1061795.0,1348524,10.160333,4.288006996047431,24.941020759999997,18.601287880000005,100.0
00:05:03.576664,1954528.0,2461484,406712.0,508916,1062796.0,1339124,1346885.0,1697076,10.08,4.288006996047431,24.941020759999997,18.601287880000005,100.0
00:05:13.686331,2216799.0,2801388,428420.0,536364,1029031.0,1300396,1514612.0,1914028,10.109667,4.4801607936507954,28.883438159999997,21.95471239999998,100.0
00:05:23.750664,2037894.0,2563756,412246.0,515308,976282.0,1228204,1404274.0,1766636,10.064333,0.778540909090909,10.620860680000002,0.5356592000000003,100.0
00:05:33.870997,1948150.0,2464492,412026.0,515308,975635.0,1234220,1360837.0,1721516,10.120333,0.0,6.84593196,0.19713652,100.0
00:05:44.025997,2026216.0,2572028,459298.0,574716,1002518.0,1272572,1597305.0,2027580,10.155,0.0,9.890306840000001,1.00154136,100.0
00:05:54.185997,1637376.0,2079468,404393.0,506284,855770.0,1086828,1222888.0,1553068,10.16,0.022508260869565217,29.566921279999992,12.86765951999999,100.0
00:06:04.265996,2149019.0,2707764,407132.0,508916,1043698.0,1315060,1494898.0,1883572,10.08,0.0,12.3085828,3.306700360000001,100.0
00:06:14.426330,2454133.0,3116852,430966.0,538996,1094657.0,1390260,1764921.0,2241524,10.160333,0.05841687747035574,4.480677240000001,2.166675,100.0
00:06:24.626330,2697800.0,3399228,466509.0,583740,1101901.0,1404924,1868646.0,2382524,10.2,0.7542525691699604,0.8382510399999998,0.8136146000000001,100.0
00:06:34.695997,2822744.0,3553012,500198.0,626228,1252677.0,1576756,1924197.0,2422004,10.069667,1.9713622222222222,1.3835481199999995,1.0646192400000003,100.0
00:06:44.840330,2908418.0,3687996,527152.0,658940,1117436.0,1416956,1954809.0,2478780,10.144333,4.609730079051383,43.6082752,42.29703571999997,100.0
00:06:55.040663,2718464.0,3466156,436077.0,545388,871259.0,1110892,1744140.0,2223852,10.200333,13.466116166007899,53.92391320000002,50.740634319999984,100.0
00:07:05.035663,1548540.0,1934708,403138.0,499892,713102.0,890932,970715.0,1212788,9.995,13.466116166007899,53.92391320000002,50.740634319999984,100.0
