delta_t_s,1280x720_bitrate,1280x720_size_byte,384x216_bitrate,384x216_size_byte,640x360_bitrate,640x360_size_byte,720x406_bitrate,720x406_size_byte,seg_len_s,384x216_vmaf_score,640x360_vmaf_score,720x406_vmaf_score,1280x720_vmaf_score
00:00:10.080333,2877050.0,3625204,515146.0,644276,1225092.0,1543668,1929323.0,2431028,10.080333,26.854688031496043,79.17198342629486,87.26569792828684,100.0
00:00:20.195333,2267672.0,2867188,274497.0,343476,937788.0,1185716,1532548.0,1937716,10.115,27.38385853754939,75.39747200000008,84.24810780000003,100.0
00:00:30.305000,2447688.0,3093164,370756.0,464172,990946.0,1252268,1681232.0,2124588,10.109667,16.8037881027668,72.17322848,83.07364927999998,100.0
00:00:40.369333,2733680.0,3439084,431497.0,539372,1088660.0,1369580,1789228.0,2250924,10.064333,12.767149565217395,78.88364352000006,89.38718547999999,100.0
00:00:50.489666,2542597.0,3216492,431267.0,539372,1101658.0,1393644,1762683.0,2229868,10.120333,4.9875999604743075,84.64912628000006,95.36820123999998,100.0
00:01:00.564666,2458498.0,3096172,387781.0,485228,958529.0,1207148,1584312.0,1995244,10.075,1.224613241106719,77.66358928000004,89.48781156000001,100.0
00:01:10.674333,2411686.0,3047668,413703.0,517940,964466.0,1218804,1645230.0,2079092,10.109667,1.9448175494071154,80.05868459999998,90.74228856,100.0
00:01:20.818666,2780618.0,3525940,464886.0,581108,1117733.0,1417332,1926640.0,2443060,10.144333,1.2856498418972333,80.10294552000005,90.3768824,100.0
00:01:31.018999,2982098.0,3802300,440286.0,550652,1160843.0,1480124,1993619.0,2541948,10.200333,1.0509634782608699,81.72719920000003,91.55739920318723,100.0
00:01:41.173999,2600268.0,3300716,361338.0,452140,898845.0,1140972,1673727.0,2124588,10.155,3.091122885375494,72.15939263999998,86.85406543999993,100.0
00:01:51.373999,2293600.0,2924340,394482.0,493876,941769.0,1200756,1529214.0,1949748,10.2,8.38473932806324,79.97629207171319,90.80903320000004,100.0
00:02:01.518332,2657562.0,3369900,424278.0,530348,1068214.0,1354540,1832050.0,2323116,10.144333,4.023975415019763,82.14955991999999,93.52297860000002,100.0
00:02:11.598665,2328912.0,2969460,404210.0,505532,983684.0,1239484,1718949.0,2165948,10.080333,2.8765079446640334,84.5272366,94.57508019999997,100.0
00:02:21.713665,2708092.0,3424044,419032.0,524332,1004698.0,1270316,1927766.0,2437420,10.115,0.4532909090909092,19.88726808000001,22.698089960000008,100.0
00:02:31.783332,1943614.0,2446444,454849.0,569452,825211.0,1038700,1396361.0,1757612,10.069667,4.002786403162055,34.37650996,36.65869876000001,100.0
00:02:41.887665,2167659.0,2737844,368630.0,460788,895910.0,1131572,1517495.0,1916660,10.104333,0.9809201976284586,20.689523800000003,22.58604604,100.0
00:02:52.007998,2411522.0,3050676,382864.0,478836,1032405.0,1306036,1738608.0,2199412,10.120333,3.2592442292490142,15.844218839999998,17.506694359999987,100.0
00:03:02.202998,2613375.0,3330420,416328.0,520948,1119259.0,1426356,1858055.0,2367860,10.195,3.720694308300394,18.11635475999999,19.70713000000001,100.0
00:03:12.272665,2029645.0,2554732,469264.0,587500,887344.0,1116908,1480002.0,1862892,10.069667,1.3396204743083002,36.036011280000025,38.7762298,100.0
00:03:22.416998,2991444.0,3793276,582499.0,728124,1124552.0,1425980,2137466.0,2710396,10.144333,1.046406600790514,33.56060628000001,35.95572756000002,100.0
00:03:32.497331,3025058.0,3811700,527171.0,659316,952949.0,1200756,2027199.0,2554356,10.080333,1.5758631225296447,31.334197529880477,33.88502504000001,100.0
00:03:42.572331,2875376.0,3664308,418732.0,523956,933030.0,1179700,1830028.0,2304692,10.075,1.8174943083003954,7.642843999999999,8.5673854,100.0
00:03:52.681998,3286654.0,4136940,421212.0,527340,1043313.0,1318444,2138249.0,2702124,10.109667,3.962563201581028,5.013387439999999,5.103150039999999,100.0
00:04:02.826331,2519680.0,3195060,469699.0,587124,882888.0,1119540,1784310.0,2262580,10.144333,5.346767391304344,16.76603436,15.884126479999999,100.0
00:04:12.906664,2478384.0,3122868,481474.0,602164,964885.0,1215796,1743120.0,2196404,10.080333,0.030416521739130436,10.155717519999994,7.878705199999996,100.0
00:04:22.981664,2876185.0,3622196,449983.0,563060,1080043.0,1360180,1959006.0,2467124,10.075,5.127141264822134,6.842660559999999,6.6250684063745044,100.0
00:04:33.171331,2132974.0,2716788,372859.0,466804,801027.0,1020276,1457554.0,1856500,10.189667,3.743114229249014,18.885471919999997,18.22747159999999,100.0
00:04:43.275664,2729705.0,3447732,503388.0,629236,1060237.0,1339124,1848531.0,2334772,10.104333,3.0585609090909074,24.20251187999998,21.49071884000001,100.0
00:04:53.355997,2590882.0,3264620,402406.0,503276,977120.0,1231212,1731482.0,2181740,10.080333,1.355226284584981,20.765728760000002,19.47797652,100.0
00:05:03.430997,2491639.0,3137908,476426.0,596148,1029885.0,1297012,1736877.0,2187380,10.075,2.04807162055336,6.560805239999997,5.928015600000001,100.0
00:05:13.540664,2497376.0,3155956,492990.0,617204,983508.0,1242868,1804710.0,2280628,10.109667,2.7828951383399207,8.423111639999997,7.168258880000002,100.0
00:05:23.684997,2541030.0,3222132,436009.0,545012,982519.0,1245876,1779566.0,2256564,10.144333,2.3634667984189717,19.88677019920318,18.049451919999996,100.0
00:05:33.805330,2411819.0,3051052,414431.0,518316,890035.0,1125932,1603371.0,2028332,10.120333,1.7604968774703569,47.3579978,50.04337008,100.0
00:05:43.960330,2197424.0,2789356,407013.0,509292,858561.0,1089836,1420172.0,1802732,10.155,1.2569447035573122,23.555156799999995,21.242060280000015,100.0
00:05:54.080330,2331051.0,2948780,358743.0,449132,966156.0,1222188,1579645.0,1998252,10.12,2.240591660079052,30.410734999999995,31.79786880478088,100.0
00:06:04.184663,2780016.0,3511276,421872.0,527340,1143889.0,1444780,1882170.0,2377260,10.104333,0.29752252964426873,2.8113656799999993,2.712426479999999,100.0
00:06:14.344996,2375975.0,3017588,382864.0,478836,983340.0,1248884,1613342.0,2049012,10.160333,0.7122893675889328,3.0272943599999995,2.4109982,100.0
00:06:24.499996,2576275.0,3270260,399500.0,499892,943573.0,1197748,1644995.0,2088116,10.155,0.4614120948616602,2.63228844,2.4000797200000004,100.0
00:06:34.659996,2477618.0,3158964,420911.0,526964,931266.0,1182708,1625237.0,2064052,10.16,0.01138407114624506,11.859444759999995,10.35013472,100.0
00:06:44.804329,2123826.0,2693100,347273.0,434092,849975.0,1077804,1424038.0,1805740,10.144333,1.9901970750988138,33.83868576,36.04177828,100.0
00:06:54.884662,2275470.0,2867188,363623.0,454772,948175.0,1194740,1504397.0,1895604,10.080333,0.032915019762845846,5.379912320000001,4.277432879999998,100.0
00:07:05.039662,2862709.0,3633852,411219.0,514556,1149438.0,1459068,1801097.0,2286268,10.155,0.00962893280632411,2.0375653386454187,1.3965222399999997,100.0
00:07:15.239662,2159714.0,2753636,332614.0,416420,833835.0,1063140,1409483.0,1797092,10.2,0.5270476679841897,30.67786335999999,30.990898207171313,100.0
00:07:25.383995,2341472.0,2969084,365923.0,457404,937152.0,1188348,1565775.0,1985468,10.144333,0.634986837944664,29.741943800000033,30.08777651999998,100.0
00:07:35.584328,1935525.0,2467876,356708.0,446124,840590.0,1071788,1307700.0,1667372,10.200333,0.7799568379446642,24.661016959999998,25.262923520000005,100.0
00:07:45.779328,2146316.0,2735212,351722.0,440108,914201.0,1165036,1428763.0,1820780,10.195,1.9064459683794477,6.694221960000001,5.770796760000005,100.0
00:07:55.848995,2122547.0,2671668,372859.0,466804,939620.0,1182708,1489263.0,1874548,10.069667,1.9064459683794477,6.694221960000001,5.770796760000005,100.0
