delta_t_s,1280x720_bitrate,1280x720_size_byte,384x216_bitrate,384x216_size_byte,640x360_bitrate,640x360_size_byte,720x406_bitrate,720x406_size_byte,seg_len_s,384x216_vmaf_score,640x360_vmaf_score,720x406_vmaf_score,1280x720_vmaf_score
00:00:10.120333,3123372.0,3951196,539798.0,675108,1267299.0,1615860,2263802.0,2863804,10.120333,29.806902120000018,48.96981578947368,74.83851668016196,100.0
00:00:20.275333,3500447.0,4443380,719221.0,899956,1114189.0,1414324,2019403.0,2563380,10.155,9.504681439999992,22.18178097165991,42.15233384615385,100.0
00:00:30.355333,3149298.0,3968116,908646.0,1137588,1337336.0,1685044,2445044.0,3080756,10.08,33.395186479999985,51.38682627530363,74.07586821862347,100.0
00:00:40.499666,2989368.0,3790644,650179.0,812724,863911.0,1095476,1725006.0,2187380,10.144333,7.5372339599999965,35.690759435483855,24.99752318548386,100.0
00:00:50.579999,1542295.0,1943356,267118.0,334076,668571.0,842428,966974.0,1218428,10.080333,41.295792679999984,76.4052618218623,86.37403943319838,100.0
00:01:00.734999,2396477.0,3042028,447879.0,560428,981783.0,1246252,1517329.0,1926060,10.155,9.938722280000002,47.117749109311774,64.75665817813764,100.0
00:01:10.814999,4116155.0,5186356,425717.0,532980,1621425.0,2042996,3581400.0,4512564,10.08,0.39376975999999986,26.728014534412946,50.13409510121455,100.0
00:01:20.919332,2943747.0,3718076,339452.0,424316,895612.0,1131196,2838959.0,3585724,10.104333,0.0028087200000000002,30.604836032388658,56.251127085020244,100.0
00:01:31.119665,3293799.0,4199732,445397.0,557044,1007794.0,1284980,2871514.0,3661300,10.200333,12.31659432,57.20562951612906,79.36876112903228,100.0
00:01:41.234665,2788979.0,3526316,394993.0,494252,819133.0,1035692,2011033.0,2542700,10.115,21.480606520000006,55.97700012145751,56.93637716599187,100.0
00:01:51.344332,2480714.0,3134900,300779.0,376564,1054917.0,1333108,1607146.0,2030964,10.109667,10.844749920000002,34.9650911740891,18.56543514170041,100.0
00:02:01.528665,1290556.0,1642932,387881.0,484852,680942.0,866868,891235.0,1134580,10.184333,6.948617720000001,26.4570568825911,10.213840404858296,100.0
00:02:11.608998,1611524.0,2030588,437881.0,547644,596954.0,752188,1002782.0,1263548,10.080333,14.020127879999997,29.95594362903229,21.995273145161278,100.0
00:02:21.763998,1767922.0,2244156,331890.0,415292,874556.0,1110140,1097305.0,1392892,10.155,1.116951752988048,8.396298663967611,17.875124291497983,100.0
00:02:31.843998,2569184.0,3237172,387274.0,484852,1146352.0,1444404,1750339.0,2205428,10.08,1.53271024,21.657013157894742,22.583284251012135,100.0
00:02:41.948331,2900879.0,3663932,466992.0,583740,952769.0,1203388,1822036.0,2301308,10.104333,0.25629576000000004,5.335330485829958,32.5376020242915,100.0
00:02:52.148664,2972957.0,3790644,411726.0,514932,1238990.0,1579764,1901908.0,2425012,10.200333,0.1340554,5.194790809716599,60.266292226720644,100.0
00:03:02.223664,3759626.0,4734780,507376.0,634876,1392636.0,1753852,2512836.0,3164604,10.075,15.157647039999997,74.72691709677426,90.01565354838715,100.0
00:03:12.333331,2464647.0,3114596,390278.0,488612,698468.0,882660,1367331.0,1727908,10.109667,0.23633344000000003,75.70592170040483,87.48804089068824,100.0
00:03:22.477664,2031904.0,2576540,181833.0,227292,753309.0,955228,1147088.0,1454556,10.144333,4.144353880000001,32.754738906882615,24.530217854251024,100.0
00:03:32.557997,5954181.0,7502516,1376178.0,1721140,1695375.0,2136244,2724268.0,3432692,10.080333,0.9837456,25.75296651821863,16.520378663967612,100.0
00:03:42.672997,5538556.0,7002812,1670871.0,2090748,1013620.0,1281596,3102418.0,3922620,10.115,2.2006542799999997,24.22009903225804,11.796229637096774,100.0
00:03:52.822664,1776260.0,2253556,505004.0,632244,600286.0,761588,1252287.0,1588788,10.149667,21.4414412,78.29615975708502,87.51492761133599,100.0
00:04:02.902664,3815355.0,4807348,568361.0,710452,979241.0,1233844,1996231.0,2515252,10.08,4.915795440000003,25.13708368421055,77.84609238866396,100.0
00:04:13.062997,2807029.0,3565044,226531.0,283316,940709.0,1194740,2295449.0,2915316,10.160333,16.74200156,48.866541659919,42.99026117408909,100.0
00:04:23.142997,2063076.0,2599476,524504.0,656308,812130.0,1023284,1265717.0,1594804,10.08,20.445135560000008,37.78201251012146,34.391315506072885,100.0
00:04:33.292664,2437745.0,3092788,428119.0,535988,1114774.0,1414324,2139010.0,2713780,10.149667,0.26782572000000004,5.872479758064512,12.34497532258065,100.0
00:04:43.492664,3685242.0,4698684,363516.0,454396,1045280.0,1332732,2630672.0,3354108,10.2,2.7682855999999982,11.388453643724699,33.67529352226721,100.0
00:04:53.652997,2735976.0,3474804,344382.0,430708,864919.0,1098484,2139133.0,2716788,10.160333,5.1142795219123505,34.22835020242919,21.946312348178136,100.0
00:05:03.732997,3294923.0,4151604,990864.0,1239860,919558.0,1158644,2172892.0,2737844,10.08,9.486034879999998,31.339489271255047,24.607946072874505,100.0
00:05:13.922664,2746993.0,3498868,569875.0,713460,1136376.0,1447412,1679546.0,2139252,10.189667,23.30190295999999,65.15654403225803,74.15428991935481,100.0
00:05:23.986997,3171236.0,3989548,802083.0,1002604,983455.0,1237228,1832266.0,2305068,10.064333,3.983065600000001,40.43820708502024,71.11789668016196,100.0
00:05:30.427330,1980086.0,1594052,211636.0,168260,765739.0,616452,1262220.0,1016140,6.440333,3.983065600000001,40.43820708502024,71.11789668016196,100.0
