delta_t_s,1280x720_bitrate,1280x720_size_byte,384x216_bitrate,384x216_size_byte,640x360_bitrate,640x360_size_byte,720x406_bitrate,720x406_size_byte,seg_len_s,384x216_vmaf_score,640x360_vmaf_score,720x406_vmaf_score,1280x720_vmaf_score
00:00:10.160333,2397883.0,3045412,407517.0,509668,1114196.0,1415076,1694460.0,2152036,10.160333,4.675118623481785,51.8745955510204,42.810936,100.0
00:00:20.320333,2033508.0,2582556,349920.0,437852,870573.0,1105628,1453225.0,1845596,10.16,2.4947240725806457,52.389236897959194,45.53207208163263,100.0
00:00:30.400333,4066619.0,5123940,558462.0,699172,1442974.0,1818148,2600815.0,3277028,10.08,12.148227246963563,54.47180163265306,46.56876155102042,100.0
00:00:40.464666,2920478.0,3674084,710940.0,888676,1212993.0,1525996,1982901.0,2494572,10.064333,5.625517903225808,48.3779450409836,43.14332377049184,100.0
00:00:50.584999,1933884.0,2446444,361519.0,452140,887657.0,1122924,1384615.0,1751596,10.120333,0.14199076923076923,42.915118122448995,34.899269673469384,100.0
00:01:00.779999,2210636.0,2817180,304245.0,380700,969080.0,1234972,1542651.0,1965916,10.195,8.01835113360324,58.6930739591837,52.0452547755102,100.0
00:01:10.849666,2130313.0,2681444,342225.0,428452,892422.0,1123300,1422947.0,1791076,10.069667,2.344361088709678,50.62950077551019,45.265057265306055,100.0
00:01:20.913999,2994600.0,3767332,419766.0,524708,1249157.0,1571492,2069276.0,2603236,10.064333,1.1845936437246969,46.600229016393456,37.351450040983586,100.0
00:01:31.074332,2312324.0,2936748,342278.0,428076,900742.0,1143980,1604164.0,2037356,10.160333,0.29063153225806454,45.95293400000003,35.78677657142856,100.0
00:01:41.234332,3302434.0,4194092,392589.0,491244,1059461.0,1345516,2326611.0,2954796,10.16,0.03576769230769231,42.51691918367351,36.48135971428571,100.0
00:01:51.354332,3514931.0,4446388,536238.0,671348,1091886.0,1381236,2478181.0,3134900,10.12,0.005105546558704453,35.46197804081635,33.27413228571428,100.0
00:02:01.458665,2289416.0,2891628,347273.0,434092,762841.0,963500,1553516.0,1962156,10.104333,0.6764934274193548,32.14925330612246,28.936208367346925,100.0
00:02:11.578998,2423708.0,3066092,335062.0,419052,906680.0,1146988,1686594.0,2133612,10.120333,0.1296553036437247,43.027444713114726,30.642403360655745,100.0
00:02:21.653998,2492534.0,3139036,371855.0,465300,1066906.0,1343636,1716575.0,2161812,10.075,2.075289798387096,61.50914734693876,58.23194204081637,100.0
00:02:31.723665,2496244.0,3142044,424215.0,531100,1024157.0,1289116,1968408.0,2477652,10.069667,1.0310044939271255,50.90882391836738,44.5654689387755,100.0
00:02:41.787998,2259960.0,2843124,366224.0,457780,928163.0,1167668,1516353.0,1907636,10.064333,0.12097267206477734,38.346724285714295,30.718764285714293,100.0
00:02:51.868331,1790864.0,2256564,337167.0,421684,809716.0,1020276,1294322.0,1630900,10.080333,0.015814677419354838,47.71579258196719,41.842661270491824,100.0
00:03:02.063331,1976664.0,2519012,407313.0,509668,886172.0,1129316,1452661.0,1851236,10.195,1.0172089068825911,42.45941428571427,37.42829151020408,100.0
00:03:12.252998,2655185.0,3381932,406796.0,509292,935934.0,1192108,1684564.0,2145644,10.189667,0.8790587903225806,35.958894938775536,29.269020122448968,100.0
00:03:22.357331,3145234.0,3956836,451049.0,563812,1253738.0,1583524,2032506.0,2567140,10.104333,2.59488975708502,34.770426040816325,28.140313224489788,100.0
00:03:32.437664,2278156.0,2870572,366329.0,458156,926988.0,1168044,1590636.0,2004268,10.080333,1.8569011290322586,36.71462295081968,29.932174590163942,100.0
00:03:42.552664,2593600.0,3279284,534120.0,668340,1049603.0,1327092,1882267.0,2379892,10.115,2.1002722267206475,36.458376040816326,34.42528391836738,100.0
00:03:52.662331,2397701.0,3029996,409198.0,512300,929059.0,1174060,1738359.0,2196780,10.109667,1.5565505263157897,17.87238134693878,10.080915591836732,100.0
00:04:02.846664,2675478.0,3405996,342460.0,428076,981319.0,1249260,1843757.0,2347180,10.184333,0.30578338709677416,18.67903020408164,11.254632653061227,100.0
00:04:12.926997,2282632.0,2876212,445397.0,557044,1000693.0,1260916,1676277.0,2112180,10.080333,0.8033440485829961,20.60760481632654,14.51919342857143,100.0
00:04:23.081997,1925208.0,2443812,313560.0,392356,801985.0,1018020,1467566.0,1862892,10.155,5.79590375,37.61538639344263,30.235016803278665,100.0
00:04:33.281997,1666638.0,2124964,443136.0,554788,819680.0,1045092,1218387.0,1553444,10.2,0.36504971659919017,31.19331212244898,24.115148000000005,100.0
00:04:43.466330,1626375.0,2070444,320803.0,401004,737946.0,939436,1160895.0,1477868,10.184333,0.07589817813765183,21.895921714285716,13.975965755102038,100.0
00:04:53.586663,1777138.0,2239268,426758.0,533732,883199.0,1117284,1282667.0,1622628,10.120333,0.0,28.18303877551021,18.910361673469392,100.0
00:05:03.781663,1844188.0,2350188,428648.0,536364,989733.0,1261292,1315465.0,1676396,10.195,0.19659449392712547,12.459665081967218,9.452237090163935,100.0
00:05:13.851330,3004664.0,3781996,401991.0,503276,1129296.0,1432748,1828906.0,2302060,10.069667,0.44492137096774204,10.779950163265307,8.31049318367347,100.0
00:05:24.035663,2873789.0,3629716,403222.0,504028,1124608.0,1433876,1804475.0,2297172,10.184333,2.1161884615384614,14.007909918367345,14.356003714285713,100.0
00:05:34.155996,1762683.0,2229868,390380.0,488236,802057.0,1014636,1227681.0,1553068,10.120333,0.03814421052631579,10.976127632653057,8.327460571428574,100.0
00:05:44.230996,2025884.0,2551348,433155.0,542004,927180.0,1167668,1806143.0,2274612,10.075,2.672074314516129,12.915871516393441,13.127850614754106,100.0
00:05:54.380663,2051286.0,2602484,425717.0,532980,936956.0,1188724,1619779.0,2055028,10.149667,0.3855114979757085,12.467124571428581,9.316282816326533,100.0
00:06:04.500662,2801868.0,3544364,395401.0,494252,1208698.0,1529004,2121501.0,2683700,10.12,0.2506811290322581,4.6641757959183705,2.406191265306122,100.0
00:06:14.580996,2256373.0,2843124,402105.0,502900,943400.0,1188724,1576014.0,1985844,10.080333,3.2804159514170035,33.836866816326534,36.1182692244898,100.0
00:06:24.695996,1936688.0,2448700,581897.0,728124,809022.0,1022908,1344306.0,1699708,10.115,0.4032258064516129,28.177546122448977,37.27464114285713,100.0
00:06:26.645663,2325812.0,566820,492000.0,115620,992809.0,241956,1795079.0,437476,1.949667,0.4032258064516129,28.177546122448977,37.27464114285713,100.0
