delta_t_s,1280x720_bitrate,1280x720_size_byte,384x216_bitrate,384x216_size_byte,640x360_bitrate,640x360_size_byte,720x406_bitrate,720x406_size_byte,seg_len_s,384x216_vmaf_score,640x360_vmaf_score,720x406_vmaf_score,1280x720_vmaf_score
00:00:10.080333,2437802.0,3071732,474259.0,593140,1077085.0,1357172,1707311.0,2151284,10.080333,17.367507233201593,75.97907551999998,77.02926948,100.0
00:00:20.235333,2477045.0,3144300,411820.0,515308,1062352.0,1348524,1751926.0,2223852,10.155,26.17690181818184,84.72195404000001,85.32608479999996,100.0
00:00:30.435333,2397334.0,3032628,416106.0,520948,1003109.0,1278964,1684922.0,2148276,10.2,15.44849222222222,45.278162720000005,45.06933448000001,100.0
00:00:40.539666,2593957.0,3276276,592425.0,740532,1093579.0,1381236,1810426.0,2286644,10.104333,0.25312335968379446,24.912695080000006,24.573588560000015,100.0
00:00:50.739999,2482256.0,3164980,363623.0,454772,1052618.0,1342132,1699022.0,2166324,10.200333,1.3233068774703556,31.281709640000013,31.132149959999992,100.0
00:01:00.894999,2107377.0,2675052,337299.0,422060,977044.0,1240236,1526808.0,1938092,10.155,3.74510814229249,54.411537920000015,53.78197520000001,100.0
00:01:10.974999,2758079.0,3475180,599007.0,749932,1160974.0,1462828,1955946.0,2464492,10.08,0.8014267063492064,25.308079919999965,25.171769120000004,100.0
00:01:21.039332,2071069.0,2605492,342160.0,427700,885124.0,1113524,1430276.0,1799348,10.064333,3.2997784189723314,36.31226168,36.20737232,100.0
00:01:31.119665,2528814.0,3186412,419242.0,524332,1072609.0,1351532,1738644.0,2190764,10.080333,1.2714903952569168,35.71815339999999,35.52670376000001,100.0
00:01:41.314665,2485915.0,3167988,421136.0,526964,1057889.0,1348148,1695190.0,2160308,10.195,0.1724336904761905,45.861225640000015,45.50315268000001,100.0
00:01:51.384332,2263542.0,2849140,502601.0,629236,965907.0,1215796,1668494.0,2100148,10.069667,2.1430812648221345,48.097192520000014,47.80144860000005,100.0
00:02:01.448665,2350818.0,2957428,565955.0,707444,990329.0,1245876,1710026.0,2151284,10.064333,2.1430812648221345,48.097192520000014,47.80144860000005,100.0
00:02:11.648998,2142835.0,2732204,356708.0,446124,878336.0,1119916,1496431.0,1908012,10.200333,29.093048221343885,61.57631384000003,61.513207319999964,100.0
00:02:21.843998,2747916.0,3501876,548543.0,686388,1057889.0,1348148,1900542.0,2422004,10.195,0.0,20.54763284,20.521476879999998,100.0
00:02:31.993665,2177241.0,2762284,339522.0,425068,923026.0,1171052,1482562.0,1880940,10.149667,0.0,16.75034107999999,16.3988972,100.0
00:02:42.073665,2600219.0,3276276,387881.0,484852,1069958.0,1348148,1857768.0,2340788,10.08,3.110653557312254,38.007287440000034,37.67261371999997,100.0
00:02:52.193998,2361588.0,2987508,418941.0,523956,953938.0,1206772,1641119.0,2076084,10.120333,0.9707692460317461,21.35168764,21.20923931999998,100.0
00:03:02.308998,2389003.0,3020596,389885.0,487860,979997.0,1248884,1677669.0,2121204,10.115,0.6456771146245058,24.636824200000014,33.52749636000001,100.0
00:03:12.458665,2622676.0,3327412,432924.0,542004,1008083.0,1278964,1799969.0,2283636,10.149667,0.0,36.32077911999999,47.11002800000005,100.0
00:03:22.618665,2387896.0,3032628,614083.0,767604,938371.0,1191732,1760242.0,2235508,10.16,0.3199549407114625,2.4519666400000006,8.08618276,100.0
00:03:32.698998,2634134.0,3345460,404510.0,505908,1046051.0,1318068,1790864.0,2256564,10.080333,0.021155238095238095,44.796788360000015,45.034588360000015,100.0
00:03:42.813998,2104856.0,2662644,351422.0,439732,816457.0,1032308,1442144.0,1823412,10.115,0.26626288537549403,45.566067840000024,45.945117560000014,100.0
00:03:52.923665,2404537.0,3026612,406495.0,508916,1039989.0,1309044,1576202.0,1991860,10.109667,27.20098403162054,52.29577607999998,89.7963428,100.0
00:04:03.107998,2724803.0,3468788,638147.0,797684,1160599.0,1477492,2063206.0,2626548,10.184333,0.0,73.93918259999997,83.42694083999999,100.0
00:04:13.188331,2561937.0,3228148,919205.0,1149620,924302.0,1164660,2015263.0,2539316,10.080333,0.0,49.019080839999994,70.94642267999998,100.0
00:04:23.383331,2684186.0,3420660,459598.0,575092,878501.0,1119540,1928867.0,2458100,10.195,0.0,57.359744440000014,75.36967703999998,100.0
00:04:33.452998,2227696.0,2804020,480977.0,602164,999364.0,1257908,1656545.0,2085108,10.069667,0.0,30.478257839999987,86.58676444,100.0
00:04:43.517331,2166710.0,2725812,363817.0,454772,906644.0,1140596,1530699.0,1925684,10.064333,0.02404095238095238,52.510162000000044,82.90351872000004,100.0
00:04:53.597664,2175207.0,2740852,375649.0,469812,914753.0,1152628,1430394.0,1802356,10.080333,0.0,72.13405892,82.29967968000005,100.0
00:05:03.672664,2169193.0,2731828,856244.0,1071412,1051381.0,1324084,1672388.0,2106164,10.075,0.0,58.486171360000036,77.60737939999997,100.0
00:05:13.742331,2199019.0,2767924,468964.0,587124,985025.0,1239860,1675663.0,2109172,10.069667,0.0,42.74971840000002,85.33356599999995,100.0
00:05:23.846664,2157835.0,2725436,303356.0,379196,850363.0,1074044,1300476.0,1642556,10.104333,0.00017257936507936508,47.329490359999944,76.34202048,100.0
00:05:33.966997,2827932.0,3577452,602030.0,752940,1230059.0,1556076,1948150.0,2464492,10.120333,0.7586232806324109,60.42000588000004,83.38013607999997,100.0
00:05:44.041997,2025884.0,2551348,505273.0,632244,877022.0,1104500,1483697.0,1868532,10.075,0.7586232806324109,60.42000588000004,83.38013607999997,100.0
00:05:54.191664,2523098.0,3201076,360845.0,451764,998599.0,1266932,1615037.0,2049012,10.149667,0.14594829365079365,41.44763747999999,81.9146924,100.0
00:06:04.311664,2180948.0,2758900,361411.0,451764,877878.0,1110516,1510390.0,1910644,10.12,0.06587810276679841,23.61807644,83.94244599999999,100.0
00:06:14.391997,2524338.0,3180772,330553.0,413412,879542.0,1108260,1784299.0,2248292,10.080333,0.06587810276679841,23.61807644,83.94244599999999,100.0
00:06:24.466997,2541797.0,3201076,462002.0,578100,1127813.0,1420340,1820474.0,2292660,10.075,0.01021205533596838,40.694184960000015,82.34718776000001,100.0
00:06:34.616664,2163015.0,2744236,344327.0,431084,934881.0,1186092,1492046.0,1892972,10.149667,0.0,33.42674524000001,84.32379427999996,100.0
00:06:44.696664,2312028.0,2924716,662211.0,827764,1020847.0,1291372,1790923.0,2256564,10.08,6.971255992063495,59.9280842,85.01364440000002,100.0
00:06:54.856997,2548870.0,3237172,320331.0,400628,907551.0,1152628,1622816.0,2061044,10.160333,0.07956260869565218,41.45684024,41.54590076000004,100.0
00:07:04.976997,2224047.0,2813420,358934.0,449132,980423.0,1240236,1548733.0,1959148,10.12,0.006111462450592885,34.242812851405624,33.98338827999999,100.0
00:07:15.126664,2288081.0,2902908,307687.0,385212,832339.0,1055996,1640821.0,2081724,10.149667,18.761904189723314,69.00649484000006,69.42024895999997,100.0
00:07:25.206664,2519349.0,3174380,419465.0,524332,953279.0,1201132,1879552.0,2368236,10.08,18.761904189723314,69.00649484000006,69.42024895999997,100.0
00:07:35.406997,2414136.0,3078124,508231.0,635628,864181.0,1101868,1604951.0,2046380,10.200333,0.0,61.03014867999996,60.6826612,100.0
00:07:45.521997,2248937.0,2843500,435860.0,545388,831028.0,1050732,1573289.0,1989228,10.115,1.8278025396825395,44.33747,44.50939244,100.0
00:07:55.591664,2375860.0,2990516,310390.0,388596,867927.0,1092468,1725848.0,2172340,10.069667,55.16616,73.88044,75.75548,100.0
