delta_t_s,640x270_size_byte,640x270_bitrate,seg_len_s,480x204_size_byte,480x204_bitrate,1920x810_size_byte,1920x810_bitrate,480x204_vmaf_score,640x270_vmaf_score,1920x810_vmaf_score
00:00:06,190162,498000.0,6.0,205761,300000.0,2731042,4497000.0,88.84220796703295,93.66241395604402,100.0
00:00:13.840000,86504,498000.0,7.84,75153,300000.0,2160505,4497000.0,63.52165828729272,75.67137027624317,100.0
00:00:19.840000,141109,498000.0,6.0,89187,300000.0,3737936,4497000.0,74.42645478021979,86.95425950549449,100.0
00:00:27.040000,179069,498000.0,7.199999999999999,108668,300000.0,5005709,4497000.0,64.73003607734803,74.97512464088396,100.0
00:00:34.400000,578041,498000.0,7.359999999999999,380371,300000.0,4734950,4497000.0,19.21707186813187,23.411838846153845,100.0
00:00:43.080000,429685,498000.0,8.68,222139,300000.0,5403094,4497000.0,36.998241657458564,40.260164198895026,100.0
00:00:51.680000,825563,498000.0,8.600000000000001,398772,300000.0,2260196,4497000.0,17.361148563535906,19.847661491712707,100.0
00:00:59.600000,773516,498000.0,7.920000000000002,363070,300000.0,5150191,4497000.0,35.935827967032964,39.188792197802194,100.0
00:01:07.080000,515854,498000.0,7.479999999999997,285652,300000.0,4151441,4497000.0,41.61874055248617,48.5951829834254,100.0
00:01:15.040000,542120,498000.0,7.960000000000008,289910,300000.0,2905291,4497000.0,35.182331098901095,41.97733780219779,100.0
00:01:22.560000,864563,498000.0,7.519999999999996,341392,300000.0,4584316,4497000.0,28.64099143646408,30.899180110497216,100.0
00:01:30.560000,828782,498000.0,8.0,332694,300000.0,4122575,4497000.0,29.52120456043956,30.840679175824164,100.0
00:01:39.200000,854534,498000.0,8.64,366030,300000.0,4026345,4497000.0,24.053876906077345,27.148050386740337,100.0
00:01:48.120000,983337,498000.0,8.920000000000002,370439,300000.0,3764499,4497000.0,30.45664302197801,32.880444560439564,100.0
00:01:54.200000,529131,498000.0,6.079999999999998,241294,300000.0,5102049,4497000.0,14.780893259668511,31.551378066298327,100.0
00:02:01.320000,441992,498000.0,7.11999999999999,255756,300000.0,3351597,4497000.0,32.6185104945055,37.72578346153847,100.0
00:02:08.520000,259694,498000.0,7.200000000000017,169555,300000.0,3842626,4497000.0,33.484140441988956,38.963589834254144,100.0
00:02:15.280000,265625,498000.0,6.759999999999991,203047,300000.0,3638178,4497000.0,46.631315274725296,60.255071208791236,100.0
00:02:23.640000,433474,498000.0,8.359999999999985,285268,300000.0,2323060,4497000.0,58.395502596685105,77.4503949723757,100.0
00:02:29.880000,722831,498000.0,6.240000000000009,318228,300000.0,3729322,4497000.0,28.88324712707182,31.976710109890114,100.0
00:02:37.360000,768643,498000.0,7.480000000000018,272542,300000.0,4880179,4497000.0,41.47435032967034,43.320428287292835,100.0
00:02:44.880000,682371,498000.0,7.519999999999982,301581,300000.0,4511649,4497000.0,50.387917237569056,62.87931598901099,100.0
00:02:51.160000,304088,498000.0,6.280000000000001,263346,300000.0,4322141,4497000.0,72.68957472527471,80.51031767955799,100.0
00:03:00.040000,385833,498000.0,8.879999999999995,350234,300000.0,4120776,4497000.0,66.45918044198893,72.7970328021978,100.0
00:03:06.560000,329977,498000.0,6.52000000000001,247705,300000.0,4112511,4497000.0,47.89476961538465,56.31197276243091,100.0
00:03:12.560000,231637,498000.0,6.0,164733,300000.0,4639899,4497000.0,65.21009861878451,78.5012234615385,100.0
00:03:18.880000,369254,498000.0,6.319999999999993,273556,300000.0,2356332,4497000.0,48.21789736263735,54.72409939226518,100.0
00:03:25.880000,458042,498000.0,7.0,288056,300000.0,4442008,4497000.0,45.609400331491734,51.733058571428614,100.0
00:03:34.240000,873110,498000.0,8.360000000000014,393897,300000.0,5955945,4497000.0,36.71339104395605,39.46911469613259,100.0
00:03:40.240000,292628,498000.0,6.0,225465,300000.0,3838437,4497000.0,61.4543491160221,63.78650626373626,100.0
00:03:46.960000,285355,498000.0,6.719999999999999,183587,300000.0,3276884,4497000.0,30.08240648351648,31.733387734806623,100.0
00:03:55.160000,573670,498000.0,8.199999999999989,295936,300000.0,4285989,4497000.0,24.3311170718232,26.238780824175826,100.0
00:04:01.800000,307053,498000.0,6.640000000000015,261291,300000.0,4460948,4497000.0,31.219064615384617,33.16505596685082,100.0
00:04:10.280000,446111,498000.0,8.47999999999999,222741,300000.0,4688730,4497000.0,39.8418117679558,44.35269560439562,100.0
00:04:17.640000,360576,498000.0,7.359999999999985,244220,300000.0,5145798,4497000.0,33.72619439560437,36.189016519337,100.0
00:04:26.560000,421927,498000.0,8.920000000000016,242747,300000.0,4097403,4497000.0,50.46076138121547,56.015102967032945,100.0
00:04:33.200000,534749,498000.0,6.639999999999986,209373,300000.0,4504608,4497000.0,32.68337675824176,34.44191552486189,100.0
00:04:41.440000,506308,498000.0,8.240000000000009,425594,300000.0,4965663,4497000.0,64.23540596685086,72.17601835164834,100.0
00:04:49.600000,382640,498000.0,8.160000000000025,201684,300000.0,3272801,4497000.0,57.45301524861876,65.03519546961326,100.0
00:04:57.080000,461352,498000.0,7.479999999999961,277643,300000.0,5342517,4497000.0,22.3852739010989,26.129913846153848,100.0
00:05:04.480000,591416,498000.0,7.400000000000034,299210,300000.0,4630837,4497000.0,46.44110618784527,55.268305801104965,100.0
00:05:11.200000,446462,498000.0,6.71999999999997,333397,300000.0,4473777,4497000.0,50.26867763736263,62.40218467032967,100.0
00:05:17.840000,448653,498000.0,6.639999999999986,266568,300000.0,3861495,4497000.0,58.12843767955802,71.63131248618784,100.0
00:05:26.160000,421261,498000.0,8.32000000000005,267371,300000.0,4341704,4497000.0,58.69819351648351,72.14372873626374,100.0
00:05:33.200000,561304,498000.0,7.039999999999964,228958,300000.0,4305717,4497000.0,40.30808955801104,51.0256897237569,100.0
00:05:41.040000,448879,498000.0,7.840000000000032,316034,300000.0,3265382,4497000.0,41.77882456043955,52.59796005494512,100.0
00:05:47.040000,428097,498000.0,6.0,342650,300000.0,3090858,4497000.0,30.595710662983418,34.83998806629836,100.0
00:05:54.440000,316235,498000.0,7.399999999999977,245805,300000.0,3908405,4497000.0,51.4226141758242,56.75744923076924,100.0
00:06:00.440000,230826,498000.0,6.0,287274,300000.0,4192421,4497000.0,83.77650165745857,53.38432867403312,100.0
00:06:09.080000,437670,498000.0,8.639999999999986,196691,300000.0,3989339,4497000.0,33.585653791208806,34.20431631868133,100.0
00:06:16.920000,370591,498000.0,7.840000000000032,343621,300000.0,4299857,4497000.0,59.490251160220986,70.98331082872926,100.0
00:06:22.920000,298332,498000.0,6.0,359337,300000.0,4437504,4497000.0,56.50432862637364,75.62754021978022,100.0
00:06:28.320000,322525,498000.0,5.399999999999977,237711,300000.0,4581045,4497000.0,73.85252911602211,85.08606176795581,100.0
00:06:32,13559,498000.0,3.680000000000007,241488,300000.0,1680993,4497000.0,73.85252911602211,85.08606176795581,100.0
