delta_t_s,640x360_size_byte,640x360_bitrate,seg_len_s,480x270_size_byte,480x270_bitrate,1920x1080_size_byte,1920x1080_bitrate,1280x720_size_byte,1280x720_bitrate,480x270_vmaf_score,640x360_vmaf_score,1280x720_vmaf_score,1920x1080_vmaf_score
00:00:06,15175,646000.0,6.0,19324,304000.0,52709,3845000.0,31708,2063000.0,32.569830166666705,84.48838655555564,99.9984016111111,100.0
00:00:12,12572,646000.0,6.0,8710,304000.0,36658,3845000.0,23344,2063000.0,65.20715016759775,91.50590039106142,99.60104910614523,100.0
00:00:18,91457,646000.0,6.0,114514,304000.0,772600,3845000.0,377038,2063000.0,31.271828994413408,82.24462648044693,98.95734536312848,100.0
00:00:24,340929,646000.0,6.0,253850,304000.0,3033778,3845000.0,1369561,2063000.0,29.003309888888886,83.51656027777771,99.49077322222217,100.0
00:00:30,472118,646000.0,6.0,246963,304000.0,3407590,3845000.0,1616986,2063000.0,28.269688770949713,84.25529536312854,99.56084189944139,100.0
00:00:36,547092,646000.0,6.0,244131,304000.0,3489056,3845000.0,1710785,2063000.0,28.653291899441342,83.73550206703912,99.89612905027928,100.0
00:00:42,581629,646000.0,6.0,254916,304000.0,3352224,3845000.0,1841719,2063000.0,24.091059553072604,82.07923391061453,99.47707960893855,100.0
00:00:48,572006,646000.0,6.0,252088,304000.0,3144689,3845000.0,1733290,2063000.0,27.178141564245806,83.5210351955307,99.61544340782122,100.0
00:00:54,565021,646000.0,6.0,244326,304000.0,3190480,3845000.0,1836531,2063000.0,24.611622555555535,82.16709644444448,99.25648855555558,100.0
00:01:00,622175,646000.0,6.0,254282,304000.0,3661927,3845000.0,2032757,2063000.0,24.806079832402222,80.51363603351953,98.72143240223465,100.0
00:01:06,453533,646000.0,6.0,243056,304000.0,3014657,3845000.0,1520144,2063000.0,23.760620670391077,81.67520469273745,99.30750385474856,100.0
00:01:12,634001,646000.0,6.0,252700,304000.0,3636180,3845000.0,2026046,2063000.0,25.3451456424581,82.05901575418999,99.30126374301676,100.0
00:01:18,590521,646000.0,6.0,254342,304000.0,3651481,3845000.0,2038902,2063000.0,27.015512611111127,83.08228711111111,99.41149216666672,100.0
00:01:24,601535,646000.0,6.0,240953,304000.0,3504776,3845000.0,1891818,2063000.0,28.001807821229058,82.39259201117315,99.04826932960894,100.0
00:01:30,559366,646000.0,6.0,254492,304000.0,3326582,3845000.0,1622342,2063000.0,34.973443519553065,85.11795223463692,99.38498156424582,100.0
00:01:36,469839,646000.0,6.0,242531,304000.0,2716924,3845000.0,1522598,2063000.0,24.39553413407822,82.19262486033523,99.39746536312849,100.0
00:01:42,560404,646000.0,6.0,246856,304000.0,3239311,3845000.0,1770989,2063000.0,27.08060055865922,83.02190508379886,99.43861206703912,100.0
00:01:48,460678,646000.0,6.0,249302,304000.0,2757080,3845000.0,1364643,2063000.0,32.54327200000001,85.45806122222226,99.53589666666667,100.0
00:01:54,293669,646000.0,6.0,203603,304000.0,1928801,3845000.0,958549,2063000.0,27.05815044692738,81.41701296089387,98.87238977653632,100.0
00:02:00,488642,646000.0,6.0,253417,304000.0,2984264,3845000.0,1614124,2063000.0,30.88782826815643,83.92656698324018,99.68814955307263,100.0
00:02:06,563080,646000.0,6.0,260887,304000.0,3589732,3845000.0,1853581,2063000.0,30.06849893854748,85.41310614525139,99.81395687150841,100.0
00:02:12,611792,646000.0,6.0,249705,304000.0,3666940,3845000.0,2013058,2063000.0,24.05326022222222,81.85643,99.3629416666666,100.0
00:02:18,597734,646000.0,6.0,242774,304000.0,3338448,3845000.0,1823687,2063000.0,26.31154927374301,82.97801178770952,99.63616916201117,100.0
00:02:24,593974,646000.0,6.0,247597,304000.0,3254363,3845000.0,1810224,2063000.0,24.6803251396648,82.2429429050279,99.25197575418991,100.0
00:02:30,658788,646000.0,6.0,249080,304000.0,3162596,3845000.0,1865368,2063000.0,22.84037290502793,80.2514302793296,99.09241240223461,100.0
00:02:36,605986,646000.0,6.0,257689,304000.0,3356696,3845000.0,1898038,2063000.0,32.41790094972067,83.8212144134078,99.14143664804469,100.0
00:02:42,213614,646000.0,6.0,137815,304000.0,1398900,3845000.0,703895,2063000.0,31.726395388888893,83.71818911111106,99.3001005555555,100.0
00:02:48,615522,646000.0,6.0,263910,304000.0,3137140,3845000.0,1835151,2063000.0,24.12041955307263,80.7371687150838,98.85888055865924,100.0
00:02:54,573239,646000.0,6.0,246342,304000.0,3060282,3845000.0,1660997,2063000.0,25.828395977653635,82.19665497206702,99.51641938547485,100.0
00:03:00,626961,646000.0,6.0,252730,304000.0,3899254,3845000.0,2157366,2063000.0,25.133553631284908,80.7309667039106,98.8713079888268,100.0
00:03:06,562963,646000.0,6.0,244969,304000.0,3539430,3845000.0,1920356,2063000.0,33.398470333333336,84.92474300000002,99.75663700000001,100.0
00:03:12,525826,646000.0,6.0,253036,304000.0,3287589,3845000.0,1715220,2063000.0,27.352469162011147,83.24531363128492,99.76584888268157,100.0
00:03:18,544522,646000.0,6.0,248142,304000.0,3238215,3845000.0,1727778,2063000.0,34.06950703910618,84.25330005586598,99.4510225698324,100.0
00:03:24,374761,646000.0,6.0,244526,304000.0,2433028,3845000.0,1203973,2063000.0,27.21566251396648,83.05536659217876,99.57390022346368,100.0
00:03:30,648132,646000.0,6.0,256366,304000.0,3974566,3845000.0,2228898,2063000.0,24.590990782122898,81.64154089385472,99.00892039106148,100.0
00:03:36,512769,646000.0,6.0,240188,304000.0,3032595,3845000.0,1574945,2063000.0,32.46845655555555,83.76123994444441,99.1352151111111,100.0
00:03:42,495202,646000.0,6.0,255965,304000.0,2901626,3845000.0,1483363,2063000.0,30.654994301675995,82.14101631284919,99.01597670391064,100.0
00:03:48,504597,646000.0,6.0,246471,304000.0,3158499,3845000.0,1613435,2063000.0,25.408499385474876,82.36793765363124,99.72154273743016,100.0
00:03:54,620844,646000.0,6.0,250164,304000.0,3576779,3845000.0,2053955,2063000.0,25.502967597765355,82.19916111731844,99.1805346368715,100.0
00:04:00,584816,646000.0,6.0,244786,304000.0,2976625,3845000.0,1645939,2063000.0,23.67742766666666,81.7407073333333,99.3899032777778,100.0
00:04:06,655921,646000.0,6.0,252511,304000.0,3725682,3845000.0,2108875,2063000.0,27.07702508379888,83.95866569832397,99.57072094972067,100.0
00:04:12,652340,646000.0,6.0,253380,304000.0,3815305,3845000.0,2240742,2063000.0,25.782680782122906,81.44146692737432,99.06857625698316,100.0
00:04:18,556468,646000.0,6.0,243930,304000.0,3459464,3845000.0,1834595,2063000.0,34.490036927374284,83.91428357541899,99.13372692737425,100.0
00:04:24,387461,646000.0,6.0,230235,304000.0,2390023,3845000.0,1225113,2063000.0,40.122214525139675,85.27164608938547,99.50090351955305,100.0
00:04:30,339911,646000.0,6.0,264596,304000.0,2427853,3845000.0,1180138,2063000.0,80.54485411111112,94.78307672222222,99.76706555555556,100.0
00:04:36,92139,646000.0,6.0,113863,304000.0,684251,3845000.0,312489,2063000.0,25.354165642458106,80.97364117318436,100.0,100.0
00:04:40.800000,13643,646000.0,4.800000000000011,9390,304000.0,43982,3845000.0,28012,2063000.0,25.354165642458106,80.97364117318436,100.0,100.0
