delta_t_s,640x360_size_byte,640x360_bitrate,seg_len_s,1280x720_size_byte,1280x720_bitrate,1920x1080_size_byte,1920x1080_bitrate,960x540_size_byte,960x540_bitrate,640x360_vmaf_score,960x540_vmaf_score,1280x720_vmaf_score,1920x1080_vmaf_score
00:00:06.006000,390805,498000.0,6.006,2476547,2470000.0,4905464,4934000.0,1112594,1504000.0,49.507201452513954,73.60030502793299,84.98984290502797,100.0
00:00:12.012000,399201,498000.0,6.006,2270293,2470000.0,4655426,4934000.0,1195440,1504000.0,72.60004804469274,91.34373145251396,91.86111212290501,100.0
00:00:18.018000,384280,498000.0,6.006,1549728,2470000.0,3210837,4934000.0,1127137,1504000.0,80.32200201117325,96.05536195530728,95.43032365921793,100.0
00:00:24.024000,348945,498000.0,6.006,1376011,2470000.0,2958462,4934000.0,1082518,1504000.0,66.72856541899436,89.47912290502795,94.93068350140055,100.0
00:00:30.030000,423521,498000.0,6.006,2268974,2470000.0,4365234,4934000.0,1201341,1504000.0,68.962662849162,90.45832290502796,94.65518019553079,100.0
00:00:36.036000,401461,498000.0,6.006,1844236,2470000.0,3690014,4934000.0,1173567,1504000.0,75.24474748603356,93.73833564245813,94.99664025139661,100.0
00:00:42.042000,284484,498000.0,6.006,1019223,2470000.0,2194093,4934000.0,1025263,1504000.0,64.52953424581005,86.29915988826819,92.84635413407811,100.0
00:00:48.048000,367393,498000.0,6.006,2279632,2470000.0,4605241,4934000.0,1192500,1504000.0,65.65447715083793,85.10692502793299,90.90682218487396,100.0
00:00:54.054000,416106,498000.0,6.006,2104225,2470000.0,4253818,4934000.0,1233451,1504000.0,69.56827651685393,90.5685791011236,93.92505173184354,100.0
00:01:00.060000,332286,498000.0,6.006,1552512,2470000.0,3166333,4934000.0,1109590,1504000.0,72.51152631284914,92.2029568156425,94.0655879329609,100.0
00:01:06.066000,353758,498000.0,6.006,1490074,2470000.0,3085418,4934000.0,1129123,1504000.0,75.68145614525139,93.85239435754191,95.0024446368716,100.0
00:01:12.072000,348208,498000.0,6.006,1252954,2470000.0,2640954,4934000.0,1077296,1504000.0,75.92314988826813,94.14691279329605,94.95706347338931,100.0
00:01:18.078000,268734,498000.0,6.006,1027053,2470000.0,2204078,4934000.0,1014366,1504000.0,71.72611748603356,91.466456424581,94.24140097765368,100.0
00:01:24.084000,348400,498000.0,6.006,1658630,2470000.0,3313310,4934000.0,1072144,1504000.0,55.332348212290526,84.5639962011173,89.83384427374297,100.0
00:01:30.090000,368052,498000.0,6.006,2287361,2470000.0,4706924,4934000.0,1170897,1504000.0,58.59503893854748,84.24420905027932,88.93691907821227,100.0
00:01:36.096000,408145,498000.0,6.006,2123633,2470000.0,4241709,4934000.0,1188926,1504000.0,58.13409379888267,83.5708072625698,88.40035329608935,100.0
00:01:42.102000,421699,498000.0,6.006,2216004,2470000.0,4418167,4934000.0,1211964,1504000.0,66.49058966480446,89.42476251396643,92.23643546218491,100.0
00:01:48.108000,384542,498000.0,6.006,1720956,2470000.0,3379803,4934000.0,1188891,1504000.0,76.96824370786513,94.6227668539326,95.09925078212294,100.0
00:01:54.114000,313258,498000.0,6.006,1536152,2470000.0,3135574,4934000.0,1237337,1504000.0,55.37943882681566,83.59329759776537,89.7080666759776,100.0
00:02:00.120000,383063,498000.0,6.006,2399314,2470000.0,4904038,4934000.0,1169136,1504000.0,64.4675565921788,88.01340312849166,92.23358122905024,100.0
00:02:06.126000,420661,498000.0,6.006,2075054,2470000.0,4168606,4934000.0,1198219,1504000.0,59.9796967039106,86.19790307262569,90.9856667787114,100.0
00:02:12.132000,406938,498000.0,6.006,2164899,2470000.0,4285965,4934000.0,1261703,1504000.0,66.76285324022352,90.0356439106145,94.19692648044693,100.0
00:02:18.138000,441582,498000.0,6.006,1979205,2470000.0,3770535,4934000.0,1221251,1504000.0,63.44750513966482,90.55742720670395,94.6205389106145,100.0
00:02:24.144000,403576,498000.0,6.006,2173472,2470000.0,4336561,4934000.0,1221299,1504000.0,70.39667022346373,92.00288547486035,92.98390354748608,100.0
00:02:30.150000,386391,498000.0,6.006,1734914,2470000.0,3645671,4934000.0,1141975,1504000.0,71.96745150837988,91.88765541899438,95.039565070028,100.0
00:02:36.156000,421799,498000.0,6.006,2043801,2470000.0,3816502,4934000.0,1198386,1504000.0,66.11550251396645,88.88893,93.72491508379885,100.0
00:02:42.162000,432591,498000.0,6.006,2096685,2470000.0,4004574,4934000.0,1266800,1504000.0,54.972274494382006,79.74760393258427,85.87690916201113,100.0
00:02:48.168000,387134,498000.0,6.006,2268354,2470000.0,5057239,4934000.0,1199576,1504000.0,60.22205508379885,83.37764648044691,88.15264092178774,100.0
00:02:54.174000,447606,498000.0,6.006,2191057,2470000.0,4340053,4934000.0,1251148,1504000.0,62.35964240223462,87.82761569832398,90.96481450980394,100.0
00:03:00.180000,409135,498000.0,6.006,2107000,2470000.0,4135683,4934000.0,1234565,1504000.0,66.44866675977651,88.80324569832398,93.25551159217872,100.0
00:03:06.186000,302918,498000.0,6.006,1574013,2470000.0,2980068,4934000.0,1063190,1504000.0,70.16465145251397,90.19516268156427,94.67292340782123,100.0
00:03:12.192000,382320,498000.0,6.006,1691336,2470000.0,3253723,4934000.0,1267705,1504000.0,75.90059486033523,94.25264553072626,95.55360231843575,100.0
00:03:18.198000,250411,498000.0,6.006,894022,2470000.0,1831881,4934000.0,1097236,1504000.0,79.17086798882684,95.58191603351958,95.98626312849167,100.0
00:03:24.204000,264627,498000.0,6.006,1268813,2470000.0,2478552,4934000.0,1017131,1504000.0,67.1873680446928,87.44576100558662,94.08335733893554,100.0
00:03:30.210000,362970,498000.0,6.006,2366438,2470000.0,4639210,4934000.0,1090416,1504000.0,66.95702960893853,87.60406234636872,93.57335620111738,100.0
00:03:36.216000,339735,498000.0,6.006,2076012,2470000.0,4353546,4934000.0,1022794,1504000.0,63.08998544943822,84.73199078651686,91.32991136871507,100.0
00:03:42.222000,420686,498000.0,6.006,2145348,2470000.0,4268854,4934000.0,1194974,1504000.0,75.37965709497212,92.92487877094973,94.43558572625705,100.0
00:03:48.228000,326303,498000.0,6.006,1307956,2470000.0,2613900,4934000.0,1127414,1504000.0,70.07117229050284,90.76551067039108,95.431721092437,100.0
00:03:54.234000,383998,498000.0,6.006,1739869,2470000.0,3362735,4934000.0,1117350,1504000.0,65.94241977653634,88.93883469273744,94.5557738826815,100.0
00:04:00.240000,418099,498000.0,6.006,2355988,2470000.0,4460904,4934000.0,1159933,1504000.0,50.695551061452505,79.23450631284918,85.89929639664805,100.0
00:04:06.246000,447166,498000.0,6.006,2314146,2470000.0,4866346,4934000.0,1286090,1504000.0,48.58084519553074,78.58651960893849,84.65230089385469,100.0
00:04:12.252000,408113,498000.0,6.006,2122068,2470000.0,4233902,4934000.0,1266219,1504000.0,70.50709625698327,90.4823947486033,94.74891999999996,100.0
00:04:18.258000,345063,498000.0,6.005999999999972,1479701,2470000.0,2878972,4934000.0,1027776,1504000.0,73.2752702234637,92.02120329608933,95.32250592178768,100.0
00:04:24.264000,310918,498000.0,6.006000000000029,1421268,2470000.0,2867957,4934000.0,1077081,1504000.0,73.26487977653633,91.86907519553075,94.69043670391055,100.0
00:04:30.270000,276334,498000.0,6.005999999999972,1472963,2470000.0,2964542,4934000.0,1028456,1504000.0,68.97179157303373,90.21421623595508,95.58593122905032,100.0
00:04:36.276000,379274,498000.0,6.006000000000029,2333618,2470000.0,4543388,4934000.0,1027775,1504000.0,70.44868960893855,90.9555945810056,95.40582497206705,100.0
00:04:42.282000,412016,498000.0,6.005999999999972,2114359,2470000.0,4425089,4934000.0,1056088,1504000.0,70.0748731284916,90.55019307262569,94.96627865546213,100.0
00:04:48.288000,404554,498000.0,6.006000000000029,2045886,2470000.0,4181768,4934000.0,1086673,1504000.0,65.73810351955309,88.28027798882678,93.58266335195529,100.0
00:04:54.294000,421280,498000.0,6.005999999999972,2210650,2470000.0,4391371,4934000.0,1139092,1504000.0,54.90768715083797,82.76861374301679,87.37230729050273,100.0
00:05:00.300000,406965,498000.0,6.006000000000029,2192755,2470000.0,4469356,4934000.0,1215927,1504000.0,62.62221441340783,87.76620575418994,93.14139307262576,100.0
00:05:06.306000,391975,498000.0,6.005999999999972,1787774,2470000.0,3527477,4934000.0,1109101,1504000.0,70.03196318435752,89.76095223463689,95.97898577030813,100.0
00:05:12.312000,370899,498000.0,6.006000000000029,1911299,2470000.0,3432955,4934000.0,1071180,1504000.0,72.66611558659218,92.44211882681562,95.46611958100559,100.0
00:05:18.318000,374385,498000.0,6.005999999999972,2134469,2470000.0,4311648,4934000.0,1029759,1504000.0,71.6731281564246,92.55390513966472,95.67625692737425,100.0
00:05:24.324000,457135,498000.0,6.006000000000029,2198905,2470000.0,4288187,4934000.0,1269367,1504000.0,69.56141251396653,91.46964603351957,94.8427402793296,100.0
00:05:30.330000,388087,498000.0,6.005999999999972,1891759,2470000.0,3913256,4934000.0,1219298,1504000.0,76.24323533707864,93.71091039325844,95.14593154061625,100.0
00:05:36.336000,293165,498000.0,6.006000000000029,1173683,2470000.0,2463934,4934000.0,1025370,1504000.0,70.6627662569832,90.99024843575421,95.00848094972068,100.0
00:05:42.342000,327860,498000.0,6.005999999999972,2063132,2470000.0,3993043,4934000.0,1043269,1504000.0,66.40099564245813,90.24096145251394,94.26495932960887,100.0
00:05:48.348000,411420,498000.0,6.006000000000029,2130738,2470000.0,4558430,4934000.0,1164482,1504000.0,73.09373469273741,92.13200245810059,95.4745411731843,100.0
00:05:54.354000,426114,498000.0,6.005999999999972,1736057,2470000.0,3107743,4934000.0,1123639,1504000.0,74.39644217877095,92.9854551955307,96.54232512605049,100.0
00:06:00.360000,421907,498000.0,6.006000000000029,1867618,2470000.0,3556093,4934000.0,1200870,1504000.0,76.06317351955306,93.58254396648043,96.81840315642462,100.0
00:06:06.366000,386752,498000.0,6.005999999999972,1628045,2470000.0,3113762,4934000.0,1132721,1504000.0,77.71430944134079,93.53547357541896,96.95594209497203,100.0
00:06:12.372000,388108,498000.0,6.006000000000029,1576922,2470000.0,3077895,4934000.0,1108235,1504000.0,78.79260089385475,92.59642340782125,97.18212430167597,100.0
00:06:16.075700,11276,498000.0,3.7036999999999694,32576,2470000.0,57529,4934000.0,18411,1504000.0,78.79260089385475,92.59642340782125,97.18212430167597,100.0
