delta_t_s,640x360_size_byte,640x360_bitrate,seg_len_s,426x240_size_byte,426x240_bitrate,1280x720_size_byte,1280x720_bitrate,1920x1080_size_byte,1920x1080_bitrate,960x540_size_byte,960x540_bitrate,426x240_vmaf_score,640x360_vmaf_score,960x540_vmaf_score,1280x720_vmaf_score,1920x1080_vmaf_score
00:00:06.041666,328285,504000.0,6.041666666666667,138812,286000.0,1233887,2496000.0,3066481,4986000.0,847086,1447000.0,84.86996659863946,94.42714965986397,98.68492999999992,99.58033870748301,100.0
00:00:12.125000,418984,504000.0,6.083333333333333,249857,286000.0,2382859,2496000.0,4296161,4986000.0,1172356,1447000.0,80.2241804109589,89.73746164383566,98.14720815068493,99.60079191780825,100.0
00:00:18.166666,416631,504000.0,6.041666666666668,237225,286000.0,2217257,2496000.0,4438156,4986000.0,1167807,1447000.0,82.89760239726029,89.79952773972607,94.4849082876713,96.5524867123288,100.0
00:00:24.250000,399458,504000.0,6.083333333333332,254081,286000.0,1920554,2496000.0,3983805,4986000.0,1176513,1447000.0,4.312900205479451,91.26392547945201,96.04641869863009,97.5118619863014,100.0
00:00:30.333333,358964,504000.0,6.083333333333332,182386,286000.0,1676913,2496000.0,3086825,4986000.0,1064645,1447000.0,55.330614041095885,90.15166856164387,95.94664246575338,98.2843541780822,100.0
00:00:36.375000,348538,504000.0,6.041666666666668,166375,286000.0,2252025,2496000.0,4290428,4986000.0,1049803,1447000.0,79.70448157534246,91.12595527397264,95.55363835616443,98.53576931506849,100.0
00:00:42.458333,433658,504000.0,6.083333333333336,248850,286000.0,2074101,2496000.0,4418057,4986000.0,1300908,1447000.0,16.387784081632653,87.98983843537415,92.85290979591838,94.73328755102038,100.0
00:00:48.541666,428111,504000.0,6.083333333333329,253897,286000.0,2087943,2496000.0,4304832,4986000.0,1218290,1447000.0,16.456422397260276,85.31327458904106,90.16966143835619,94.0835963013699,100.0
00:00:54.625000,398007,504000.0,6.083333333333336,255793,286000.0,2030118,2496000.0,3793365,4986000.0,1214831,1447000.0,20.768943219178087,84.33632013698629,94.98030828767122,97.4581283561644,100.0
00:01:00.708333,417274,504000.0,6.083333333333336,222741,286000.0,1381114,2496000.0,3259746,4986000.0,1173960,1447000.0,68.14602397260275,93.73338931506852,98.84502712328765,99.88395979452055,100.0
00:01:06.791666,409154,504000.0,6.083333333333336,197288,286000.0,1439978,2496000.0,3372172,4986000.0,1124619,1447000.0,64.69519150684931,93.53457486301367,98.69756041095891,99.82053732876713,100.0
00:01:12.875000,404162,504000.0,6.083333333333329,254026,286000.0,1969894,2496000.0,3247635,4986000.0,1133587,1447000.0,13.74116308219179,84.65342047945205,96.93475212328768,99.58280486301368,100.0
00:01:18.958333,435334,504000.0,6.083333333333329,259486,286000.0,2317472,2496000.0,3856394,4986000.0,1224874,1447000.0,3.562598911564625,83.26653210884352,96.83275979591836,99.7928282312925,100.0
00:01:25.041666,376036,504000.0,6.083333333333343,237788,286000.0,2228763,2496000.0,4655660,4986000.0,1150489,1447000.0,4.010271643835618,82.76455287671233,96.14902445205483,99.45374636986305,100.0
00:01:31.125000,397390,504000.0,6.083333333333329,248751,286000.0,1891007,2496000.0,4124652,4986000.0,1126542,1447000.0,28.524603767123278,90.81364369863013,97.06598219178079,99.40175253424654,100.0
00:01:37.208333,334763,504000.0,6.083333333333329,187503,286000.0,2333048,2496000.0,4258137,4986000.0,1085713,1447000.0,65.39373657534247,90.49612136986308,95.9991991780822,99.28318917808221,100.0
00:01:43.291666,341419,504000.0,6.083333333333343,165697,286000.0,2020563,2496000.0,4061449,4986000.0,1018756,1447000.0,76.28766815068496,91.83180746575339,95.8537106849315,99.76473034246573,100.0
00:01:49.375000,414146,504000.0,6.083333333333329,162281,286000.0,2232715,2496000.0,4488159,4986000.0,1223234,1447000.0,74.31606835616441,92.19174589041091,95.73801376712326,99.334455,100.0
00:01:55.458333,337017,504000.0,6.083333333333329,117024,286000.0,1481347,2496000.0,4142222,4986000.0,1246353,1447000.0,68.8580976190476,92.38751204081628,96.23215986394555,98.19746244897964,100.0
00:02:01.541666,328020,504000.0,6.083333333333343,173305,286000.0,2036133,2496000.0,3702102,4986000.0,933805,1447000.0,65.60209616438358,92.15280890410956,96.61324082191784,99.12468452054797,100.0
00:02:07.625000,342925,504000.0,6.083333333333329,196654,286000.0,2144649,2496000.0,4162953,4986000.0,1095552,1447000.0,59.846843767123296,91.8690389726027,96.64188445205475,98.98407164383562,100.0
00:02:13.708333,364687,504000.0,6.083333333333343,200239,286000.0,2040664,2496000.0,4069234,4986000.0,1064687,1447000.0,49.90202315068494,91.49600369863008,95.87025582191781,97.41177239726032,100.0
00:02:19.791666,347357,504000.0,6.083333333333314,197654,286000.0,1803769,2496000.0,3386476,4986000.0,989161,1447000.0,41.70885013698629,92.70450082191782,97.0333418493151,98.43488773972604,100.0
00:02:25.875000,355880,504000.0,6.083333333333343,231053,286000.0,1390130,2496000.0,2635398,4986000.0,999818,1447000.0,41.15717143835616,93.59633856164382,98.0434695890411,99.22410054794517,100.0
00:02:31.958333,387249,504000.0,6.083333333333343,239793,286000.0,1578981,2496000.0,3172067,4986000.0,1136528,1447000.0,40.87759102040815,91.59057027210886,97.13710707482996,99.38258884353746,100.0
00:02:38.041666,405313,504000.0,6.083333333333314,196244,286000.0,1559761,2496000.0,3465894,4986000.0,1150358,1447000.0,11.948339520547941,91.0294261643836,94.59258280821919,98.82725404109588,100.0
00:02:44.125000,339439,504000.0,6.083333333333343,164240,286000.0,1556497,2496000.0,3320418,4986000.0,1041712,1447000.0,43.95793321917808,90.90946910958898,94.99637410958907,97.69090767123286,100.0
00:02:50.208333,306668,504000.0,6.083333333333343,145921,286000.0,1662266,2496000.0,3267384,4986000.0,852159,1447000.0,58.589169726027386,93.3658653424658,97.02930630136986,98.64246150684937,100.0
00:02:56.291666,385741,504000.0,6.083333333333314,243070,286000.0,2659033,2496000.0,5113196,4986000.0,1114358,1447000.0,10.927086575342459,68.48092657534245,91.52093999999997,98.86916006849319,100.0
00:03:02.375000,289209,504000.0,6.083333333333343,169681,286000.0,1242529,2496000.0,2349055,4986000.0,850347,1447000.0,53.38458972602739,92.99524198630134,98.48938102739724,99.48505198630133,100.0
00:03:08.458333,374130,504000.0,6.083333333333343,212372,286000.0,1667350,2496000.0,3160032,4986000.0,1030966,1447000.0,17.297438493150697,93.11202089041093,98.28191616438357,99.28681184931507,100.0
00:03:14.541666,318469,504000.0,6.083333333333314,142863,286000.0,1258407,2496000.0,2492434,4986000.0,836945,1447000.0,5.413033809523809,95.63953693877552,99.15783544217688,99.60376884353742,100.0
00:03:20.625000,394882,504000.0,6.083333333333343,225704,286000.0,1898167,2496000.0,4168710,4986000.0,1169729,1447000.0,1.849397191780822,91.65039705479452,98.54276664383563,99.23292280821917,100.0
00:03:26.708333,278518,504000.0,6.083333333333343,166915,286000.0,1629486,2496000.0,3148365,4986000.0,791439,1447000.0,29.447462945205476,91.91241486301377,98.17761883561647,99.42452458904107,100.0
00:03:32.791666,260853,504000.0,6.083333333333314,123286,286000.0,1062112,2496000.0,2100435,4986000.0,612223,1447000.0,24.317304999999998,94.21637150684933,98.8960108219179,99.82194397260275,100.0
00:03:38.875000,281302,504000.0,6.083333333333343,132154,286000.0,1042180,2496000.0,1968568,4986000.0,672842,1447000.0,7.761197671232876,92.76503561643831,97.48415280821924,99.72124719178085,100.0
00:03:44.958333,352075,504000.0,6.083333333333343,211037,286000.0,1542207,2496000.0,2774647,4986000.0,940117,1447000.0,0.11904554794520547,87.54252924657537,94.57010945205477,99.39953082191785,100.0
00:03:51.041666,346326,504000.0,6.083333333333314,208630,286000.0,1228839,2496000.0,2479018,4986000.0,721001,1447000.0,4.142795510204082,93.68005102040817,97.63305816326535,99.78017292517006,100.0
00:03:57.125000,337875,504000.0,6.083333333333343,160240,286000.0,1232642,2496000.0,2743014,4986000.0,733809,1447000.0,7.744944041095888,95.88676390410956,98.40912178082196,99.9693708219178,100.0
00:04:03.208333,405366,504000.0,6.083333333333343,177961,286000.0,2200770,2496000.0,4328843,4986000.0,994582,1447000.0,0.0797727397260274,92.89712260273974,97.2668675342466,99.96876773972605,100.0
00:04:09.291666,405121,504000.0,6.083333333333314,249574,286000.0,2341055,2496000.0,4655277,4986000.0,1187874,1447000.0,0.5226168493150686,91.52190965753425,97.5615656849315,99.96662534246576,100.0
00:04:15.375000,408515,504000.0,6.083333333333343,246210,286000.0,2024225,2496000.0,3937771,4986000.0,1203288,1447000.0,2.8824678082191784,91.5503944520548,97.9999446575342,99.9863808219178,100.0
00:04:21.458333,419423,504000.0,6.083333333333314,255029,286000.0,2109112,2496000.0,4209601,4986000.0,1213901,1447000.0,0.1886458904109589,92.29412321917809,98.0839064383561,99.86410636986301,100.0
00:04:27.541666,356881,504000.0,6.083333333333371,224883,286000.0,2197423,2496000.0,4462896,4986000.0,1093911,1447000.0,12.16569707482993,90.97843061224494,95.76132489795917,98.87296326530613,100.0
00:04:33.625000,345769,504000.0,6.083333333333314,206028,286000.0,2100996,2496000.0,4204394,4986000.0,1149418,1447000.0,23.99532164383561,91.03339691780819,94.74076732876716,97.82977842465752,100.0
00:04:39.708333,338562,504000.0,6.083333333333314,175513,286000.0,2090042,2496000.0,4203605,4986000.0,1159806,1447000.0,19.24754431506849,90.2069179452054,94.36014082191778,97.16977102739729,100.0
00:04:45.791666,383533,504000.0,6.083333333333371,168427,286000.0,1144185,2496000.0,2340688,4986000.0,1019787,1447000.0,31.780744109589037,94.90147869863011,98.54067472602745,99.39609232876711,100.0
00:04:51.875000,378255,504000.0,6.083333333333314,213675,286000.0,2055086,2496000.0,3873249,4986000.0,1042181,1447000.0,0.40247479452054785,78.31819308219181,91.2246019863014,97.95749753424656,100.0
00:04:57.958333,441335,504000.0,6.083333333333314,269454,286000.0,2433271,2496000.0,4483249,4986000.0,1296936,1447000.0,18.7015945890411,89.11739643835618,96.23974849315067,99.04166931506849,100.0
00:05:04.041666,407302,504000.0,6.083333333333371,246389,286000.0,1799744,2496000.0,3843442,4986000.0,1091273,1447000.0,10.383119591836738,89.59958074829936,95.13928707482998,97.87532319727889,100.0
00:05:10.125000,427021,504000.0,6.083333333333314,254134,286000.0,2292241,2496000.0,4826226,4986000.0,1276615,1447000.0,6.704473287671233,89.61961452054797,97.37349520547943,99.1244332191781,100.0
00:05:16.208333,335530,504000.0,6.083333333333314,185681,286000.0,2058306,2496000.0,3870657,4986000.0,1160399,1447000.0,56.20236493150688,91.55724965753424,97.34080547945207,99.42822479452053,100.0
00:05:22.291666,434207,504000.0,6.083333333333371,259717,286000.0,2180557,2496000.0,4488119,4986000.0,1249115,1447000.0,4.823993561643833,89.26572417808218,97.46608075342469,99.39639479452057,100.0
00:05:28.375000,426541,504000.0,6.083333333333314,253792,286000.0,2165563,2496000.0,3796036,4986000.0,1208152,1447000.0,22.91866226027398,78.31057904109593,92.96579321917814,97.75785184931502,100.0
00:05:34.458333,410557,504000.0,6.083333333333314,248178,286000.0,2035365,2496000.0,4005810,4986000.0,1218265,1447000.0,27.237309726027398,91.65500301369865,96.4521701369863,98.41147979452056,100.0
00:05:40.541666,431260,504000.0,6.083333333333371,256647,286000.0,1956546,2496000.0,3971174,4986000.0,1289572,1447000.0,21.98253945205479,93.31804842465756,98.22723376712328,99.26234931506848,100.0
00:05:46.625000,403959,504000.0,6.083333333333314,248669,286000.0,2134943,2496000.0,4073464,4986000.0,1160319,1447000.0,1.4242831292517009,87.09127068027212,96.34456884353742,99.50676625850343,100.0
00:05:52.708333,399302,504000.0,6.083333333333314,239684,286000.0,2210426,2496000.0,4942191,4986000.0,1156153,1447000.0,4.552124178082192,90.03632212328765,95.09851328767127,97.8932917808219,100.0
00:05:58.791666,417874,504000.0,6.083333333333371,251168,286000.0,2079631,2496000.0,3981128,4986000.0,1221625,1447000.0,23.003508835616437,84.48780239726031,96.60525335616438,99.1386302739726,100.0
00:06:04.875000,441464,504000.0,6.083333333333314,267273,286000.0,2202944,2496000.0,4341564,4986000.0,1270545,1447000.0,18.187831712328762,87.62628493150692,96.98950000000004,98.96786089041096,100.0
00:06:10.958333,406140,504000.0,6.083333333333314,245352,286000.0,2182263,2496000.0,4393404,4986000.0,1210527,1447000.0,9.451467534246571,84.46096815068496,94.60888157534247,97.64938198630135,100.0
00:06:17.041666,412950,504000.0,6.083333333333371,240502,286000.0,2112129,2496000.0,4321421,4986000.0,1214812,1447000.0,14.010020136986297,87.7633806164384,96.9283669863014,98.92685431506851,100.0
00:06:23.125000,402585,504000.0,6.083333333333314,256666,286000.0,1912543,2496000.0,3718999,4986000.0,1208122,1447000.0,27.856415782312926,88.2167878911565,97.85385129251702,99.52422387755102,100.0
00:06:29.208333,439511,504000.0,6.083333333333314,258370,286000.0,2334972,2496000.0,4539434,4986000.0,1233348,1447000.0,20.984144657534245,87.65855458904112,98.0000770547945,99.64043568493152,100.0
00:06:35.291666,406572,504000.0,6.083333333333371,238579,286000.0,2035517,2496000.0,4024461,4986000.0,1192841,1447000.0,3.3593189726027393,86.82492397260275,95.98479602739724,98.73189150684937,100.0
00:06:41.375000,397972,504000.0,6.083333333333314,246023,286000.0,2128940,2496000.0,4381554,4986000.0,1207331,1447000.0,19.368710821917805,81.53070267123289,89.8163128767123,93.89235801369861,100.0
00:06:47.458333,414490,504000.0,6.083333333333314,231191,286000.0,1750670,2496000.0,3618910,4986000.0,1175715,1447000.0,37.81328897260275,94.01145924657537,99.1505915068493,99.3437655479452,100.0
00:06:53.541666,422288,504000.0,6.083333333333371,251784,286000.0,2255256,2496000.0,4220509,4986000.0,1123252,1447000.0,33.81463102739726,89.88078493150684,96.90741589041099,99.20127054794521,100.0
00:06:59.625000,396095,504000.0,6.083333333333314,242851,286000.0,2144640,2496000.0,4417480,4986000.0,1140563,1447000.0,10.932022380952386,85.44816231292516,93.82653272108845,96.88632319727894,100.0
00:07:05.708333,422193,504000.0,6.083333333333314,248290,286000.0,2082767,2496000.0,4185366,4986000.0,1229668,1447000.0,1.0393411643835617,87.09057061643831,95.07297849315066,97.66249705479453,100.0
00:07:11.791666,409129,504000.0,6.083333333333371,245432,286000.0,2003803,2496000.0,4108013,4986000.0,1216773,1447000.0,0.1694604109589041,90.5729176712329,96.6619651369863,98.1555448630137,100.0
00:07:17.875000,435980,504000.0,6.083333333333314,268330,286000.0,2279863,2496000.0,4597546,4986000.0,1285237,1447000.0,15.100004246575347,85.54205541095888,95.64752219178081,98.3216371232877,100.0
00:07:23.958333,418297,504000.0,6.083333333333314,241859,286000.0,1968064,2496000.0,3696757,4986000.0,1235588,1447000.0,4.039201369863013,83.94684986301368,90.04188109589043,93.92429527397262,100.0
00:07:30.041666,415674,504000.0,6.083333333333371,242664,286000.0,2179451,2496000.0,4679139,4986000.0,1213341,1447000.0,12.213270547945204,82.19995993150685,87.97842842465755,92.07071869863009,100.0
00:07:36.125000,413266,504000.0,6.083333333333314,249467,286000.0,1916547,2496000.0,3896140,4986000.0,1191450,1447000.0,0.0,85.76779387755104,92.75694850340135,95.48630442176875,100.0
00:07:42.208333,410583,504000.0,6.083333333333314,215220,286000.0,1710668,2496000.0,3747926,4986000.0,1261479,1447000.0,0.0,92.42455575342467,98.55575636986302,99.11602828767127,100.0
00:07:48.291666,408670,504000.0,6.083333333333371,222630,286000.0,1930309,2496000.0,4161505,4986000.0,1206002,1447000.0,0.16985219178082192,91.52364657534245,96.66098486301371,98.52382499999996,100.0
00:07:54.375000,360046,504000.0,6.083333333333314,200366,286000.0,1790745,2496000.0,4401410,4986000.0,979154,1447000.0,6.418755616438356,88.75997445205478,92.76150534246575,96.14815705479451,100.0
00:08:00.458333,413392,504000.0,6.083333333333314,229025,286000.0,2467598,2496000.0,4461158,4986000.0,1259295,1447000.0,4.94282198630137,84.61653561643834,94.28513883561646,97.62152534246574,100.0
00:08:06.541666,423286,504000.0,6.083333333333371,248965,286000.0,2059732,2496000.0,4347316,4986000.0,1299112,1447000.0,20.738710479452067,82.63819815068493,89.13521369863015,91.80780047945207,100.0
00:08:12.625000,383289,504000.0,6.083333333333314,229012,286000.0,1986503,2496000.0,3849449,4986000.0,1099441,1447000.0,1.764571917808219,89.24714075342462,93.42607431506845,97.21388602739724,100.0
00:08:18.708333,421594,504000.0,6.083333333333314,260631,286000.0,2135865,2496000.0,4302182,4986000.0,1255339,1447000.0,7.108455782312922,75.81454210884351,95.19453544217687,98.78048693877551,100.0
00:08:24.791666,356183,504000.0,6.083333333333371,155741,286000.0,1551045,2496000.0,3250636,4986000.0,815544,1447000.0,6.2134690410958875,90.98525671232876,95.23774191780825,98.10243020547945,100.0
00:08:30.875000,401076,504000.0,6.083333333333314,227129,286000.0,2449467,2496000.0,4901178,4986000.0,1204268,1447000.0,13.85321020547945,83.39231589041098,97.3028680136986,99.10920568493147,100.0
00:08:36.958333,421008,504000.0,6.083333333333371,261495,286000.0,1976257,2496000.0,3832947,4986000.0,1279774,1447000.0,3.555275136986302,89.30483349315065,98.401792739726,99.21527212328762,100.0
00:08:43.041666,396189,504000.0,6.0833333333332575,220623,286000.0,1897085,2496000.0,3725912,4986000.0,1058897,1447000.0,12.278454246575345,93.47328006849314,97.42785924657534,98.6342000684931,100.0
00:08:49.125000,315186,504000.0,6.083333333333371,138772,286000.0,1765683,2496000.0,3575298,4986000.0,843330,1447000.0,62.84984232876711,94.76390958904109,97.51524328767124,98.75863376712333,100.0
00:08:55.208333,149008,504000.0,6.083333333333371,80897,286000.0,565311,2496000.0,1056655,4986000.0,371729,1447000.0,47.19756775510202,97.29908013605446,99.48056639455781,99.99768034013606,100.0
00:09:01.291666,406181,504000.0,6.0833333333332575,220027,286000.0,1487730,2496000.0,2774147,4986000.0,1160334,1447000.0,22.813481575342475,84.81557027397263,96.42270986301371,99.8606799315068,100.0
00:09:07.375000,411371,504000.0,6.083333333333371,206194,286000.0,1619124,2496000.0,3120761,4986000.0,1137356,1447000.0,33.35739952054795,81.57369732876712,95.46950102739724,99.77589636986302,100.0
00:09:13.458333,392441,504000.0,6.083333333333371,227780,286000.0,1787372,2496000.0,3411544,4986000.0,1098227,1447000.0,16.03004150684931,81.69253130136985,93.66288643835622,98.22376938356162,100.0
00:09:19.541666,397000,504000.0,6.0833333333332575,238854,286000.0,1710536,2496000.0,3221247,4986000.0,1150250,1447000.0,28.61341958904109,68.91978636986299,88.21537931506849,96.2494458219178,100.0
00:09:26.416645,202830,504000.0,6.874979166666662,119299,286000.0,1048544,2496000.0,2021910,4986000.0,564620,1447000.0,100.0,100.0,100.0,100.0,100.0
