delta_t_s,640x360_size_byte,640x360_bitrate,seg_len_s,426x240_size_byte,426x240_bitrate,1280x720_size_byte,1280x720_bitrate,1920x1080_size_byte,1920x1080_bitrate,960x540_size_byte,960x540_bitrate,426x240_vmaf_score,640x360_vmaf_score,960x540_vmaf_score,1280x720_vmaf_score,1920x1080_vmaf_score
00:00:06.080000,239680,416000.0,6.08,147623,227000.0,906377,1454000.0,1964949,3811000.0,593822,888000.0,68.6234805921053,86.40230361842109,96.78273769736839,99.83604723684209,100.0
00:00:12.160000,346806,416000.0,6.08,213120,227000.0,1190048,1454000.0,2551106,3811000.0,773880,888000.0,47.2745267105263,75.85237723684212,93.31091756578947,99.43086822368419,100.0
00:00:18.240000,369495,416000.0,6.079999999999998,221331,227000.0,1266143,1454000.0,2762522,3811000.0,812589,888000.0,31.84946934210526,77.53831809210529,93.61015848684204,99.1688413157895,100.0
00:00:24.320000,392549,416000.0,6.080000000000002,201892,227000.0,1206391,1454000.0,2990447,3811000.0,741937,888000.0,53.099487682119204,83.88710245033114,96.07017887417217,99.62626205298012,100.0
00:00:30.400000,275569,416000.0,6.079999999999998,145246,227000.0,1063685,1454000.0,2924253,3811000.0,621194,888000.0,60.30048519736843,86.75508999999998,97.21006309210526,99.80012072368423,100.0
00:00:36.480000,318439,416000.0,6.079999999999998,179030,227000.0,1013207,1454000.0,2255754,3811000.0,643157,888000.0,37.18313875000002,77.34429243421053,92.97328309210526,98.92871,100.0
00:00:42.560000,275948,416000.0,6.080000000000005,142304,227000.0,814012,1454000.0,2060933,3811000.0,510295,888000.0,46.687981788079476,83.46270655629138,95.62061284768215,99.43566748344375,100.0
00:00:48.640000,298921,416000.0,6.079999999999998,163032,227000.0,894484,1454000.0,2119568,3811000.0,596891,888000.0,52.519552697368404,82.42744960526318,95.47628164473682,99.72348210526314,100.0
00:00:54.720000,354242,416000.0,6.079999999999998,215839,227000.0,1307559,1454000.0,3436651,3811000.0,785199,888000.0,40.214505894039725,79.36103105960264,94.62703099337749,99.5266076821192,100.0
00:01:00.800000,386001,416000.0,6.079999999999998,227369,227000.0,1327447,1454000.0,3487872,3811000.0,819766,888000.0,19.765566907894744,77.81908855263157,95.47943032894734,99.7893994736842,100.0
00:01:06.880000,397756,416000.0,6.079999999999998,237831,227000.0,1797233,1454000.0,4178914,3811000.0,1070778,888000.0,15.111655099337748,74.08087543046356,94.62173192052977,99.7754727152318,100.0
00:01:12.960000,407949,416000.0,6.079999999999998,253832,227000.0,1935244,1454000.0,4294325,3811000.0,1168860,888000.0,13.633931776315789,75.66658980263158,95.93324269736844,99.89911730263155,100.0
00:01:19.040000,440912,416000.0,6.0800000000000125,268271,227000.0,2158191,1454000.0,4648820,3811000.0,1292313,888000.0,3.836873684210526,72.97748315789472,95.76939499999999,99.99834394736843,100.0
00:01:25.120000,413003,416000.0,6.079999999999998,245852,227000.0,2294517,1454000.0,4017016,3811000.0,1215088,888000.0,10.369534635761585,80.05424251655631,96.0355361589404,99.83535880794703,100.0
00:01:31.200000,410384,416000.0,6.079999999999998,246116,227000.0,1786142,1454000.0,3869676,3811000.0,1091681,888000.0,19.006203815789465,80.12345539473684,94.78059065789476,99.65478690789476,100.0
00:01:37.280000,365533,416000.0,6.079999999999998,182349,227000.0,1284610,1454000.0,3346015,3811000.0,776360,888000.0,23.624656423841053,82.44663205298014,96.85716814569533,99.90532860927152,100.0
00:01:43.360000,415838,416000.0,6.079999999999998,253081,227000.0,1783243,1454000.0,4187217,3811000.0,1112979,888000.0,30.282244671052634,88.8433377631579,98.48434486842102,99.99732388157894,100.0
00:01:49.440000,399466,416000.0,6.079999999999998,233672,227000.0,1292876,1454000.0,3099868,3811000.0,833837,888000.0,13.622991192052979,77.28665807947013,94.27326245033112,99.52931874172188,100.0
00:01:55.520000,371870,416000.0,6.079999999999998,218621,227000.0,1341080,1454000.0,2974827,3811000.0,818301,888000.0,26.42499006578947,80.06262881578947,94.73349131578946,99.68143414473687,100.0
00:02:01.600000,360528,416000.0,6.079999999999998,210426,227000.0,1106286,1454000.0,2749963,3811000.0,713430,888000.0,12.5468159868421,76.39003921052631,93.49145921052632,99.40502888157896,100.0
00:02:07.680000,363565,416000.0,6.0800000000000125,191614,227000.0,1245689,1454000.0,3510366,3811000.0,764105,888000.0,7.694337682119204,75.63635960264898,92.74463139072847,99.18199324503313,100.0
00:02:13.760000,389414,416000.0,6.079999999999984,186782,227000.0,1267599,1454000.0,3894531,3811000.0,766230,888000.0,19.923368618421044,78.8586009868421,93.70796736842104,99.40918789473682,100.0
00:02:19.840000,377902,416000.0,6.0800000000000125,193271,227000.0,1244521,1454000.0,3271605,3811000.0,748773,888000.0,7.062354304635759,84.59187556291388,96.21706086092718,99.72842304635762,100.0
00:02:25.920000,374135,416000.0,6.079999999999984,182553,227000.0,1170149,1454000.0,3507802,3811000.0,726708,888000.0,18.20095638157894,92.79444723684213,99.20352289473678,100.0,100.0
00:02:32,378100,416000.0,6.0800000000000125,190642,227000.0,1129811,1454000.0,3138482,3811000.0,716832,888000.0,22.663875033112568,90.43226039735102,98.88174311258275,100.0,100.0
00:02:38.080000,410852,416000.0,6.0800000000000125,228722,227000.0,1325834,1454000.0,3369341,3811000.0,835994,888000.0,37.91143453947367,85.7474876315789,96.70403072368421,99.99503519736841,100.0
00:02:44.160000,285573,416000.0,6.079999999999984,141673,227000.0,905828,1454000.0,2575509,3811000.0,549983,888000.0,44.700922697368426,84.22657276315792,95.94701164473685,99.93486065789475,100.0
00:02:50.240000,223133,416000.0,6.0800000000000125,108758,227000.0,787254,1454000.0,2402691,3811000.0,459914,888000.0,55.63642324503311,92.03798860927147,99.12244774834443,99.99998463576159,100.0
00:02:56.320000,271563,416000.0,6.079999999999984,136105,227000.0,904461,1454000.0,2616811,3811000.0,544266,888000.0,38.3275064473684,81.5934352631579,95.17184223684211,99.99617355263157,100.0
00:03:02.400000,215950,416000.0,6.0800000000000125,105534,227000.0,766255,1454000.0,2392481,3811000.0,451028,888000.0,46.14352377483446,87.53709675496691,97.51121569536426,99.99957344370861,100.0
00:03:08.480000,252284,416000.0,6.079999999999984,124044,227000.0,846050,1454000.0,2489243,3811000.0,507819,888000.0,48.892218092105246,89.22981480263161,98.07397348684215,99.92076546052631,100.0
00:03:14.560000,259313,416000.0,6.0800000000000125,130887,227000.0,839821,1454000.0,2440799,3811000.0,511278,888000.0,33.78064198675497,81.82646748344372,95.29002682119209,99.80955933774834,100.0
00:03:20.640000,265327,416000.0,6.079999999999984,132536,227000.0,852106,1454000.0,2445601,3811000.0,516347,888000.0,39.90420013157894,87.86699625,97.6615686842105,100.0,100.0
00:03:26.720000,295016,416000.0,6.0800000000000125,153118,227000.0,955609,1454000.0,2653077,3811000.0,582711,888000.0,62.08412210526317,91.9577342763158,99.09015578947366,100.0,100.0
00:03:32.800000,197796,416000.0,6.0800000000000125,97181,227000.0,717745,1454000.0,2276935,3811000.0,418541,888000.0,37.35983317880793,85.39494006622516,96.49006503311259,99.92368695364236,100.0
00:03:38.880000,245313,416000.0,6.079999999999984,121021,227000.0,824720,1454000.0,2462689,3811000.0,479895,888000.0,51.85881052631578,85.91617592105258,96.66528289473682,99.92133052631578,100.0
00:03:44.960000,189763,416000.0,6.0800000000000125,92657,227000.0,702734,1454000.0,2284678,3811000.0,410477,888000.0,63.492421456953664,91.82931900662253,99.01984933774833,100.0,100.0
00:03:51.040000,192977,416000.0,6.079999999999984,94708,227000.0,719988,1454000.0,2333108,3811000.0,414563,888000.0,48.08967914473685,91.81666631578949,99.07416743421057,100.0,100.0
00:03:57.120000,268769,416000.0,6.0800000000000125,134614,227000.0,874613,1454000.0,2550963,3811000.0,536137,888000.0,40.933570397351005,85.08432847682124,96.47158715231787,100.0,100.0
00:04:03.200000,236024,416000.0,6.079999999999984,116521,227000.0,811046,1454000.0,2457103,3811000.0,478048,888000.0,49.9042164473684,91.75798006578945,98.86717717105263,100.0,100.0
00:04:09.280000,305054,416000.0,6.0800000000000125,151905,227000.0,995582,1454000.0,2749125,3811000.0,603080,888000.0,43.36602677631579,91.18110315789471,98.82178421052636,100.0,100.0
00:04:15.360000,341956,416000.0,6.0800000000000125,175411,227000.0,1089918,1454000.0,2956996,3811000.0,666459,888000.0,43.82772006622518,91.72924099337757,99.12279649006624,100.0,100.0
00:04:21.440000,352648,416000.0,6.079999999999984,177834,227000.0,1071592,1454000.0,2852780,3811000.0,661465,888000.0,51.04662223684212,91.90201072368423,99.0559348026316,100.0,100.0
00:04:27.520000,290435,416000.0,6.079999999999984,144794,227000.0,958450,1454000.0,2694384,3811000.0,578260,888000.0,48.38739218543046,91.52761456953645,98.84771132450331,100.0,100.0
00:04:33.600000,295461,416000.0,6.080000000000041,149365,227000.0,914362,1454000.0,2575882,3811000.0,559672,888000.0,60.32957763157896,91.84349677631576,98.93505203947366,100.0,100.0
00:04:39.680000,230388,416000.0,6.079999999999984,114767,227000.0,802915,1454000.0,2450891,3811000.0,478390,888000.0,51.257532039473666,91.33332256578946,98.75978269736838,100.0,100.0
00:04:45.760000,284995,416000.0,6.079999999999984,144933,227000.0,938601,1454000.0,2665166,3811000.0,564998,888000.0,57.0196032450331,91.67973841059604,98.82338026490069,100.0,100.0
00:04:51.840000,256877,416000.0,6.079999999999984,129136,227000.0,870898,1454000.0,2548782,3811000.0,521875,888000.0,25.236900921052644,84.85069960526323,96.41696368421053,99.94749848684212,100.0
00:04:57.920000,312734,416000.0,6.080000000000041,159685,227000.0,977883,1454000.0,2640999,3811000.0,597048,888000.0,49.13801033112582,86.11441814569535,96.80323933774835,99.95374006622517,100.0
00:05:04,212191,416000.0,6.079999999999984,104536,227000.0,714145,1454000.0,2192979,3811000.0,424538,888000.0,50.160927697368436,92.0330826315789,99.05691315789473,100.0,100.0
00:05:10.080000,281951,416000.0,6.079999999999984,139827,227000.0,889991,1454000.0,2550278,3811000.0,544069,888000.0,24.00723933774835,94.02574827814574,99.19784364238414,99.98627781456953,100.0
00:05:16.160000,247274,416000.0,6.080000000000041,118845,227000.0,753768,1454000.0,2154425,3811000.0,487529,888000.0,0.5800301315789472,93.74591519736848,99.18552526315786,99.99794585526315,100.0
00:05:22.240000,328371,416000.0,6.079999999999984,161382,227000.0,982430,1454000.0,2510505,3811000.0,638802,888000.0,3.2650192105263156,90.40666631578945,98.99624342105265,99.97394756578947,100.0
00:05:28.320000,388429,416000.0,6.079999999999984,241467,227000.0,1692285,1454000.0,4145716,3811000.0,1033921,888000.0,0.15461794701986753,90.51789019867545,99.19053907284761,99.91422794701987,100.0
00:05:34.400000,365630,416000.0,6.079999999999984,241427,227000.0,1605728,1454000.0,3858335,3811000.0,1022235,888000.0,0.05968493421052632,93.03765302631577,98.85846710526317,99.71168230263159,100.0
00:05:40.480000,415660,416000.0,6.080000000000041,252056,227000.0,1506906,1454000.0,3413876,3811000.0,992062,888000.0,0.4793670198675496,78.88419178807952,95.89171867549668,99.88732437086091,100.0
00:05:46.560000,376741,416000.0,6.079999999999984,227034,227000.0,1477869,1454000.0,3847200,3811000.0,942205,888000.0,0.0887221052631579,75.79709960526317,92.80144473684213,99.18000901315787,100.0
00:05:52.640000,363937,416000.0,6.079999999999984,190644,227000.0,1155622,1454000.0,3162369,3811000.0,713668,888000.0,2.4026888741721852,88.66511211920528,96.75814344370862,99.68734682119205,100.0
00:05:58.720000,345264,416000.0,6.080000000000041,176901,227000.0,1132368,1454000.0,3607577,3811000.0,683336,888000.0,2.42328875,93.14094986842106,99.3341425657895,100.0,100.0
00:06:04.800000,428400,416000.0,6.079999999999984,261843,227000.0,1512514,1454000.0,3672257,3811000.0,976134,888000.0,0.09578019736842104,78.96871855263161,94.55754874999998,99.80198796052632,100.0
00:06:10.880000,368653,416000.0,6.079999999999984,212628,227000.0,1225172,1454000.0,3120809,3811000.0,782533,888000.0,1.42151,92.05996059602654,97.456319205298,99.99313079470198,100.0
00:06:16.960000,251361,416000.0,6.079999999999984,117440,227000.0,782446,1454000.0,2266891,3811000.0,489657,888000.0,14.371764342105266,93.30428486842104,97.99478914473684,99.92518203947371,100.0
00:06:23.040000,168854,416000.0,6.080000000000041,78402,227000.0,515597,1454000.0,1488365,3811000.0,319860,888000.0,0.0,90.18431668874175,99.88896841059602,100.0,100.0
00:06:29.120000,221029,416000.0,6.079999999999984,108551,227000.0,513126,1454000.0,1789649,3811000.0,260032,888000.0,0.0,86.03002611842103,99.93568684210521,100.0,100.0
00:06:35.200000,280859,416000.0,6.079999999999984,146999,227000.0,814607,1454000.0,3225464,3811000.0,375765,888000.0,26.09000490066225,84.32013602649009,97.32062092715232,99.99969556291391,100.0
00:06:40.160000,71402,416000.0,4.960000000000036,39079,227000.0,207667,1454000.0,740607,3811000.0,95702,888000.0,26.09000490066225,84.32013602649009,97.32062092715232,99.99969556291391,100.0
