delta_t_s,640x360_size_byte,640x360_bitrate,seg_len_s,1280x720_size_byte,1280x720_bitrate,960x540_size_byte,960x540_bitrate,640x360_vmaf_score,960x540_vmaf_score,1280x720_vmaf_score
00:00:06.006000,346159,446000.0,6.006,990333,1133000.0,950584,952000.0,96.68038874999999,99.65596729166667,100.0
00:00:12.012000,376562,446000.0,6.006,954809,1133000.0,883696,952000.0,92.83617319444446,99.59517486111109,100.0
00:00:18.018000,392375,446000.0,6.006,1369240,1133000.0,1165065,952000.0,92.3452181818182,97.52016048951042,100.0
00:00:24.024000,355852,446000.0,6.006,826479,1133000.0,724578,952000.0,91.50175860139855,98.16458601398598,100.0
00:00:30.030000,384452,446000.0,6.006,1230255,1133000.0,938079,952000.0,95.96301298611111,98.91171319444445,100.0
00:00:36.036000,327147,446000.0,6.006,713244,1133000.0,631695,952000.0,98.02522986013983,99.93776167832166,100.0
00:00:42.042000,329008,446000.0,6.006,723074,1133000.0,603165,952000.0,92.84689307692311,98.99527475524478,100.0
00:00:48.048000,395554,446000.0,6.006,861167,1133000.0,872880,952000.0,93.85472527777782,99.4996936805556,100.0
00:00:54.054000,428664,446000.0,6.006,1279863,1133000.0,1170129,952000.0,93.40036202797204,98.08479139860144,100.0
00:01:00.060000,357994,446000.0,6.006,1441604,1133000.0,937990,952000.0,89.47472482517482,96.74404020979019,100.0
00:01:06.066000,359666,446000.0,6.006,942970,1133000.0,789786,952000.0,89.08123125000002,96.67905749999994,100.0
00:01:12.072000,313539,446000.0,6.006,986209,1133000.0,744221,952000.0,90.6007713986014,96.12716321678319,100.0
00:01:18.078000,234492,446000.0,6.006,545452,1133000.0,502836,952000.0,92.18458034965039,96.93405335664333,100.0
00:01:24.084000,228725,446000.0,6.006,489527,1133000.0,446736,952000.0,92.4248323611111,97.82507000000004,100.0
00:01:30.090000,341385,446000.0,6.006,691443,1133000.0,599377,952000.0,94.0701921678322,98.01327160839162,100.0
00:01:36.096000,342124,446000.0,6.006,869054,1133000.0,712051,952000.0,95.39442181818185,99.30098013986016,100.0
00:01:42.102000,274147,446000.0,6.006,1338293,1133000.0,701306,952000.0,89.44027965277776,95.34196409722222,100.0
00:01:48.108000,326392,446000.0,6.006,659598,1133000.0,661665,952000.0,90.49907482517484,95.51145328671326,100.0
00:01:54.114000,319225,446000.0,6.006,574763,1133000.0,551965,952000.0,95.49489222222218,98.24699125,100.0
00:02:00.120000,336997,446000.0,6.006,633862,1133000.0,647643,952000.0,95.14959958041962,99.00381293706293,100.0
00:02:06.126000,307138,446000.0,6.006,627541,1133000.0,635786,952000.0,92.93821237762232,98.1383436363636,100.0
00:02:12.132000,330770,446000.0,6.006,715895,1133000.0,624435,952000.0,92.3551225694444,98.01064576388887,100.0
00:02:18.138000,377435,446000.0,6.006,901821,1133000.0,748095,952000.0,93.73927146853153,98.49918923076923,100.0
00:02:24.144000,343414,446000.0,6.006,1361639,1133000.0,827685,952000.0,93.64899769230765,99.14083230769232,100.0
00:02:30.150000,416703,446000.0,6.006,1489095,1133000.0,1101728,952000.0,94.5175163888889,99.29011805555558,100.0
00:02:36.156000,345432,446000.0,6.006,882865,1133000.0,840374,952000.0,95.57313195804194,99.7998983916084,100.0
00:02:42.162000,451369,446000.0,6.006,922649,1133000.0,895589,952000.0,95.71104832167828,99.22836069930072,100.0
00:02:48.168000,296887,446000.0,6.006,770613,1133000.0,648634,952000.0,94.12935812499995,98.88746611111114,100.0
00:02:54.174000,231497,446000.0,6.006,482706,1133000.0,504129,952000.0,95.85550279720282,99.6379397902098,100.0
00:03:00.180000,393914,446000.0,6.006,934230,1133000.0,877976,952000.0,92.03224783216783,98.13283881118883,100.0
00:03:06.186000,330715,446000.0,6.006,916067,1133000.0,759272,952000.0,93.7590781944445,99.13912722222223,100.0
00:03:12.192000,355999,446000.0,6.006,896627,1133000.0,756700,952000.0,92.9828156643357,98.97414083916078,100.0
00:03:18.198000,339931,446000.0,6.006,851860,1133000.0,746426,952000.0,91.61525167832168,97.34791433566436,100.0
00:03:24.204000,245466,446000.0,6.006,734018,1133000.0,548943,952000.0,92.60727173611116,97.25920305555555,100.0
00:03:30.210000,356171,446000.0,6.006,791184,1133000.0,735655,952000.0,96.02077244755246,99.26454657342657,100.0
00:03:36.216000,133971,446000.0,6.006,248621,1133000.0,229136,952000.0,91.968829375,97.66856937499998,100.0
00:03:42.222000,388746,446000.0,6.006,1183397,1133000.0,967609,952000.0,94.94711398601395,99.69590839160843,100.0
00:03:48.228000,376644,446000.0,6.006,800120,1133000.0,750201,952000.0,94.41758475524475,99.51633839160841,100.0
00:03:54.234000,294815,446000.0,6.006,643433,1133000.0,604019,952000.0,93.39797895833334,98.77383520833331,100.0
00:04:00.240000,309608,446000.0,6.006,769325,1133000.0,658494,952000.0,94.15744566433558,99.15127034965033,100.0
00:04:06.246000,410617,446000.0,6.006,997345,1133000.0,844114,952000.0,93.87756489510487,98.97388167832172,100.0
00:04:12.252000,346828,446000.0,6.006,733411,1133000.0,657499,952000.0,96.69031027777777,99.54038194444443,100.0
00:04:18.258000,346198,446000.0,6.005999999999972,738785,1133000.0,596899,952000.0,96.01340944055944,99.5651886013986,100.0
00:04:24.264000,396877,446000.0,6.006000000000029,1132684,1133000.0,948773,952000.0,94.32365678321679,99.0500676923077,100.0
00:04:30.270000,402350,446000.0,6.005999999999972,937233,1133000.0,852888,952000.0,94.2428017361111,99.20922006944446,100.0
00:04:36.276000,388323,446000.0,6.006000000000029,910806,1133000.0,834965,952000.0,87.51959727272732,94.7463720979021,100.0
00:04:42.282000,330711,446000.0,6.005999999999972,1034568,1133000.0,817736,952000.0,89.8879541958042,96.12600874125876,100.0
00:04:48.288000,350297,446000.0,6.006000000000029,987176,1133000.0,815455,952000.0,88.9053820138889,97.48133951388893,100.0
00:04:54.294000,404270,446000.0,6.005999999999972,1481102,1133000.0,1073815,952000.0,94.68336006993009,99.48618615384612,100.0
00:05:00.300000,306090,446000.0,6.006000000000029,770589,1133000.0,635824,952000.0,93.32322496503495,98.36853587412591,100.0
00:05:06.306000,402145,446000.0,6.005999999999972,968884,1133000.0,814961,952000.0,93.01604111111112,98.88682173611113,100.0
00:05:12.312000,331665,446000.0,6.006000000000029,787643,1133000.0,738017,952000.0,93.47591104895103,98.99114741258742,100.0
00:05:18.318000,360642,446000.0,6.005999999999972,910327,1133000.0,797965,952000.0,96.32683194444442,99.42831041666668,100.0
00:05:24.324000,381165,446000.0,6.006000000000029,842666,1133000.0,741968,952000.0,95.17829923076924,98.92400489510489,100.0
00:05:30.330000,338098,446000.0,6.005999999999972,657479,1133000.0,571464,952000.0,96.22500335664334,99.37142251748249,100.0
00:05:36.336000,304936,446000.0,6.006000000000029,577311,1133000.0,587652,952000.0,94.23957555555552,99.10435374999996,100.0
00:05:42.342000,421292,446000.0,6.005999999999972,1309813,1133000.0,1079376,952000.0,93.04833139860135,98.84418503496498,100.0
00:05:48.348000,185757,446000.0,6.006000000000029,447146,1133000.0,388891,952000.0,93.11334517482518,98.69950125874128,100.0
00:05:54.354000,307829,446000.0,6.005999999999972,704135,1133000.0,606015,952000.0,94.87357597222223,99.01361263888887,100.0
00:06:00.360000,309140,446000.0,6.006000000000029,653665,1133000.0,606107,952000.0,93.88449006993008,99.05541153846153,100.0
00:06:06.366000,417890,446000.0,6.005999999999972,1132365,1133000.0,917810,952000.0,95.17597825174822,99.32713999999996,100.0
00:06:12.372000,250506,446000.0,6.006000000000029,479376,1133000.0,444673,952000.0,95.96356937500003,99.71511944444444,100.0
00:06:18.378000,387819,446000.0,6.005999999999972,812674,1133000.0,644785,952000.0,93.31000566433569,99.35090608391612,100.0
00:06:24.384000,343090,446000.0,6.006000000000029,965890,1133000.0,753680,952000.0,91.66291657342657,97.24750461538459,100.0
00:06:30.390000,257466,446000.0,6.005999999999972,634602,1133000.0,468742,952000.0,87.62441729166669,93.65620479166664,100.0
00:06:36.396000,263404,446000.0,6.006000000000029,636552,1133000.0,451670,952000.0,87.39609678321678,93.40208839160839,100.0
00:06:42.402000,246845,446000.0,6.005999999999972,593373,1133000.0,438554,952000.0,96.39961055944062,99.50701748251747,100.0
00:06:48.408000,257206,446000.0,6.006000000000029,555078,1133000.0,475781,952000.0,94.65346479166666,99.18654361111108,100.0
00:06:54.414000,381767,446000.0,6.005999999999972,915663,1133000.0,738597,952000.0,95.09143188811188,99.63001132867133,100.0
00:07:00.420000,149454,446000.0,6.006000000000029,368520,1133000.0,278838,952000.0,94.51031284722221,99.85260104166666,100.0
00:07:06.426000,278968,446000.0,6.005999999999972,688876,1133000.0,530273,952000.0,93.60957125874133,99.92461279720278,100.0
00:07:12.432000,310469,446000.0,6.006000000000029,761054,1133000.0,584895,952000.0,94.9355223076923,99.97310832167832,100.0
00:07:16.519395,231345,446000.0,4.087395833333289,546975,1133000.0,434251,952000.0,94.97374,100.0,100.0
