delta_t_s,640x346_size_byte,640x346_bitrate,seg_len_s,426x230_size_byte,426x230_bitrate,960x520_size_byte,960x520_bitrate,1996x1080_size_byte,1996x1080_bitrate,1332x720_size_byte,1332x720_bitrate,426x230_vmaf_score,640x346_vmaf_score,960x520_vmaf_score,1332x720_vmaf_score,1996x1080_vmaf_score
00:00:06.041666,70043,277000.0,6.041666666666667,41719,129000.0,147648,670000.0,603272,2621000.0,263798,1265000.0,94.36344243055555,98.50383243055558,99.89696597222222,100.0,100.0
00:00:12.125000,113959,277000.0,6.083333333333333,55580,129000.0,252663,670000.0,1125147,2621000.0,484451,1265000.0,98.43353479166666,99.65258652777779,99.97119388888889,100.0,100.0
00:00:18.166666,95729,277000.0,6.041666666666668,51586,129000.0,197244,670000.0,751652,2621000.0,344147,1265000.0,80.01604145833339,93.63733812500001,99.32922708333335,100.0,100.0
00:00:24.250000,206079,277000.0,6.083333333333332,91241,129000.0,459458,670000.0,1939363,2621000.0,896824,1265000.0,72.49218833333333,91.05933541666671,98.67325069444445,100.0,100.0
00:00:30.333333,155594,277000.0,6.083333333333332,68578,129000.0,344807,670000.0,1529936,2621000.0,737120,1265000.0,73.04846520833337,91.61478249999999,98.8011152777778,100.0,100.0
00:00:36.375000,169239,277000.0,6.041666666666668,76044,129000.0,376714,670000.0,1649641,2621000.0,771974,1265000.0,73.45734486111112,91.51910749999998,98.75107715277777,100.0,100.0
00:00:42.458333,158865,277000.0,6.083333333333336,70981,129000.0,368267,670000.0,1652294,2621000.0,774725,1265000.0,68.32666833333332,90.3558882638889,98.54954513888885,100.0,100.0
00:00:48.541666,225308,277000.0,6.083333333333329,105656,129000.0,508090,670000.0,2088589,2621000.0,1025830,1265000.0,72.96443708333331,89.84006500000004,98.30344034722226,100.0,100.0
00:00:54.625000,190898,277000.0,6.083333333333336,88218,129000.0,421325,670000.0,1809335,2621000.0,888627,1265000.0,72.66364743055554,90.65869020833333,98.75811444444444,100.0,100.0
00:01:00.708333,199852,277000.0,6.083333333333336,96339,129000.0,478074,670000.0,1920430,2621000.0,963681,1265000.0,75.22419020833337,91.8343524305556,99.28046298611112,100.0,100.0
00:01:06.791666,174287,277000.0,6.083333333333336,83028,129000.0,396053,670000.0,1651598,2621000.0,788373,1265000.0,72.83170215277777,91.76791249999995,99.23453854166664,100.0,100.0
00:01:12.875000,191861,277000.0,6.083333333333329,95514,129000.0,446120,670000.0,1717117,2621000.0,839681,1265000.0,74.16216250000001,91.53013416666668,99.13812847222215,100.0,100.0
00:01:18.958333,175739,277000.0,6.083333333333329,79662,129000.0,399556,670000.0,1607655,2621000.0,785043,1265000.0,73.24974125000001,91.50480125000001,99.19809236111115,100.0,100.0
00:01:25.041666,165970,277000.0,6.083333333333343,76528,129000.0,395221,670000.0,1620372,2621000.0,786201,1265000.0,74.21050215277774,91.72808326388888,99.28493708333333,100.0,100.0
00:01:31.125000,168246,277000.0,6.083333333333329,76036,129000.0,392109,670000.0,1636902,2621000.0,777403,1265000.0,72.85867930555554,91.45726375,99.26556472222225,100.0,100.0
00:01:37.208333,157768,277000.0,6.083333333333329,75874,129000.0,375998,670000.0,1550037,2621000.0,737739,1265000.0,64.14055006944444,89.47298652777779,98.4428648611111,100.0,100.0
00:01:43.291666,205462,277000.0,6.083333333333343,100771,129000.0,488909,670000.0,1827412,2621000.0,916896,1265000.0,63.94996131944444,89.02596298611105,98.24295208333336,100.0,100.0
00:01:49.375000,192149,277000.0,6.083333333333329,90134,129000.0,437436,670000.0,1637076,2621000.0,819803,1265000.0,75.12062416666666,91.88996923611113,98.69704715277781,100.0,100.0
00:01:55.458333,426646,277000.0,6.083333333333329,204405,129000.0,1254643,670000.0,4881616,2621000.0,2463611,1265000.0,80.835469375,93.25966708333334,99.10059958333329,100.0,100.0
00:02:01.541666,415121,277000.0,6.083333333333343,197718,129000.0,1251780,670000.0,4201477,2621000.0,2097487,1265000.0,84.53643111111111,93.97242638888889,98.01229861111113,99.3198602777778,100.0
00:02:07.625000,386604,277000.0,6.083333333333329,147067,129000.0,935532,670000.0,3589469,2621000.0,1713929,1265000.0,84.37036215277779,94.06276986111112,98.00228666666672,99.37478493055556,100.0
00:02:13.708333,389878,277000.0,6.083333333333343,147270,129000.0,929702,670000.0,3634440,2621000.0,1697364,1265000.0,77.06649284722226,93.82201048611114,98.12423604166665,99.45965715277781,100.0
00:02:19.791666,402741,277000.0,6.083333333333314,153061,129000.0,962250,670000.0,3670268,2621000.0,1743582,1265000.0,88.68984993055557,96.15344430555555,98.82708340277776,99.67020638888886,100.0
00:02:25.875000,191629,277000.0,6.083333333333343,79017,129000.0,469369,670000.0,1915825,2621000.0,862304,1265000.0,68.83280472222224,93.03624631944443,98.9110772916667,99.99843166666668,100.0
00:02:31.958333,170837,277000.0,6.083333333333343,76369,129000.0,377023,670000.0,1640013,2621000.0,797474,1265000.0,71.14972458333335,90.32954236111114,98.2362617361111,100.0,100.0
00:02:38.041666,171077,277000.0,6.083333333333314,79247,129000.0,377647,670000.0,1711245,2621000.0,789392,1265000.0,68.64367624999998,91.11071173611114,98.54408923611112,100.0,100.0
00:02:44.125000,190712,277000.0,6.083333333333343,91207,129000.0,442189,670000.0,1788597,2621000.0,903562,1265000.0,70.61870965277777,92.13222937500004,99.12559423611111,100.0,100.0
00:02:50.208333,201804,277000.0,6.083333333333343,96133,129000.0,459689,670000.0,1744282,2621000.0,894829,1265000.0,46.69037791666669,91.05781444444443,98.70027909722222,100.0,100.0
00:02:56.291666,261467,277000.0,6.083333333333314,152238,129000.0,606037,670000.0,1942019,2621000.0,1041394,1265000.0,38.179607638888896,90.89582340277776,98.82278583333331,100.0,100.0
00:03:02.375000,250036,277000.0,6.083333333333343,129209,129000.0,496397,670000.0,1817534,2621000.0,929031,1265000.0,46.010821111111106,90.14564861111114,98.21603652777777,100.0,100.0
00:03:08.458333,303283,277000.0,6.083333333333343,150069,129000.0,619073,670000.0,2145702,2621000.0,1136470,1265000.0,50.50004597222222,88.73574770833338,97.7273029166667,100.0,100.0
00:03:14.541666,223246,277000.0,6.083333333333314,117003,129000.0,500920,670000.0,1753881,2621000.0,927107,1265000.0,72.12359083333337,90.59555277777781,99.01721833333335,100.0,100.0
00:03:20.625000,157956,277000.0,6.083333333333343,82955,129000.0,363330,670000.0,1409592,2621000.0,714104,1265000.0,67.12838111111111,90.67134506944444,98.97311034722215,100.0,100.0
00:03:26.708333,193207,277000.0,6.083333333333343,95970,129000.0,454961,670000.0,1763705,2621000.0,917947,1265000.0,70.29270569444446,91.08546458333329,98.71940993055557,100.0,100.0
00:03:32.791666,184378,277000.0,6.083333333333314,88448,129000.0,413166,670000.0,1689572,2621000.0,863318,1265000.0,78.01860770833338,92.31153347222225,98.90278243055555,99.99095625,100.0
00:03:38.875000,370725,277000.0,6.083333333333343,144730,129000.0,957958,670000.0,3781213,2621000.0,1759225,1265000.0,61.41898979166667,95.18391104166665,99.2250533333334,99.98366034722221,100.0
00:03:44.958333,400229,277000.0,6.083333333333343,155791,129000.0,1068478,670000.0,4121177,2621000.0,1918627,1265000.0,60.28313479166665,93.66590013888892,98.98970951388884,99.99050236111113,100.0
00:03:51.041666,430274,277000.0,6.083333333333314,169995,129000.0,1148259,670000.0,4508080,2621000.0,2072194,1265000.0,69.0189153472222,95.59126486111109,99.2813890972222,99.99870694444445,100.0
00:03:57.125000,169735,277000.0,6.083333333333343,82817,129000.0,441696,670000.0,1736890,2621000.0,846950,1265000.0,51.461815208333334,90.26144291666664,98.23404465277777,100.0,100.0
00:04:03.208333,176016,277000.0,6.083333333333343,87632,129000.0,407610,670000.0,1565017,2621000.0,786533,1265000.0,62.80685715277779,89.37984444444442,98.25834340277774,100.0,100.0
00:04:09.291666,122795,277000.0,6.083333333333314,65663,129000.0,285929,670000.0,1162356,2621000.0,554794,1265000.0,69.04275229166663,89.37623687499998,98.45151625000004,100.0,100.0
00:04:15.375000,140786,277000.0,6.083333333333343,72294,129000.0,321481,670000.0,1203618,2621000.0,615645,1265000.0,67.46597895833332,89.26890194444442,98.4557975694444,100.0,100.0
00:04:21.458333,137780,277000.0,6.083333333333314,73922,129000.0,316508,670000.0,1195795,2621000.0,591300,1265000.0,68.07852465277779,89.51736916666665,98.55032895833327,100.0,100.0
00:04:27.541666,168210,277000.0,6.083333333333371,82288,129000.0,384264,670000.0,1420013,2621000.0,744672,1265000.0,67.55705006944449,91.41658770833331,99.15991243055556,100.0,100.0
00:04:33.625000,130870,277000.0,6.083333333333314,57427,129000.0,291654,670000.0,1303786,2621000.0,599693,1265000.0,72.6392913888889,92.35339979166667,99.34559006944443,100.0,100.0
00:04:39.708333,132552,277000.0,6.083333333333314,58488,129000.0,297576,670000.0,1349961,2621000.0,607209,1265000.0,65.9587270833333,92.60948326388889,99.44402361111112,100.0,100.0
00:04:45.791666,140244,277000.0,6.083333333333371,62245,129000.0,298188,670000.0,1260260,2621000.0,566207,1265000.0,55.700212569444446,93.53207777777781,99.8828881944444,100.0,100.0
00:04:51.875000,107413,277000.0,6.083333333333314,48652,129000.0,230722,670000.0,1050503,2621000.0,431534,1265000.0,57.13710888888889,93.26924708333328,99.88561111111113,100.0,100.0
00:04:57.958333,182611,277000.0,6.083333333333314,79446,129000.0,410801,670000.0,1604268,2621000.0,736521,1265000.0,68.8664715972222,94.22199104166663,99.18241624999999,99.8450716666667,100.0
00:05:04.041666,438414,277000.0,6.083333333333371,178970,129000.0,1122512,670000.0,4134737,2621000.0,1978059,1265000.0,76.60501652777776,94.58130743055557,98.74150319444445,99.72078763888888,100.0
00:05:10.125000,420716,277000.0,6.083333333333314,193743,129000.0,1163102,670000.0,4322176,2621000.0,2065919,1265000.0,69.10649590277777,93.61007097222225,98.48170770833327,99.69053250000005,100.0
00:05:16.166666,407361,277000.0,6.041666666666686,194214,129000.0,1172523,670000.0,4345329,2621000.0,2069643,1265000.0,60.97261590277776,93.45910555555558,98.51496055555555,99.69479062499998,100.0
00:05:22.291666,433763,277000.0,6.125,235703,129000.0,1297442,670000.0,4610959,2621000.0,2307347,1265000.0,61.90885875000001,91.94434972222221,98.24682597222221,99.6921307638889,100.0
00:05:28.375000,415424,277000.0,6.083333333333314,208576,129000.0,1208754,670000.0,4194941,2621000.0,2127749,1265000.0,65.72873361111108,92.90775430555557,98.30888340277777,99.63039958333327,100.0
00:05:34.458333,328703,277000.0,6.083333333333314,155917,129000.0,913111,670000.0,3180145,2621000.0,1593432,1265000.0,74.57615986111107,96.22176791666669,99.17539756944451,99.89697826388888,100.0
00:05:40.541666,137776,277000.0,6.083333333333371,62761,129000.0,297853,670000.0,1302438,2621000.0,580725,1265000.0,63.46422798611109,91.63847902777775,98.89626034722227,100.0,100.0
00:05:46.625000,127698,277000.0,6.083333333333314,55526,129000.0,271048,670000.0,1225946,2621000.0,546354,1265000.0,64.65737055555554,90.90617576388885,98.6522978472222,100.0,100.0
00:05:52.708333,134922,277000.0,6.083333333333314,54246,129000.0,314430,670000.0,1365495,2621000.0,618038,1265000.0,64.96934569444447,91.94952138888885,99.38981138888889,100.0,100.0
00:05:58.791666,148523,277000.0,6.083333333333371,60655,129000.0,319055,670000.0,1394856,2621000.0,638252,1265000.0,74.1640913888889,92.77802166666666,99.82936527777771,100.0,100.0
00:06:04.875000,153134,277000.0,6.083333333333314,63020,129000.0,326588,670000.0,1397728,2621000.0,649651,1265000.0,71.463896875,92.85486826388882,99.7869606944445,100.0,100.0
00:06:10.958333,164889,277000.0,6.083333333333314,71110,129000.0,340686,670000.0,1425017,2621000.0,665003,1265000.0,64.0794165972222,92.66658208333332,99.70212958333335,100.0,100.0
00:06:17.041666,125471,277000.0,6.083333333333371,52273,129000.0,280121,670000.0,1271594,2621000.0,569401,1265000.0,76.86276111111113,93.34844284722222,99.99626458333336,100.0,100.0
00:06:23.125000,140764,277000.0,6.083333333333314,57914,129000.0,299044,670000.0,1346910,2621000.0,597777,1265000.0,71.22654458333334,93.39220201388889,99.95990006944447,100.0,100.0
00:06:29.208333,182536,277000.0,6.083333333333314,82150,129000.0,408245,670000.0,1679756,2621000.0,795455,1265000.0,67.5436608333333,94.37552354166668,99.99625756944445,100.0,100.0
00:06:35.291666,385525,277000.0,6.083333333333371,242447,129000.0,1160165,670000.0,4845716,2621000.0,2433635,1265000.0,56.486688472222234,92.3371495138889,99.71381090277778,100.0,100.0
00:06:41.375000,177851,277000.0,6.083333333333314,80653,129000.0,412174,670000.0,1605354,2621000.0,771705,1265000.0,74.39741756944446,93.73615083333334,99.90301034722216,100.0,100.0
00:06:47.458333,144813,277000.0,6.083333333333314,62926,129000.0,307136,670000.0,1334107,2621000.0,607378,1265000.0,70.71648104166665,93.44091687499997,99.76754444444443,100.0,100.0
00:06:53.541666,162792,277000.0,6.083333333333371,70890,129000.0,354134,670000.0,1473372,2621000.0,689159,1265000.0,69.10945881944446,93.91417840277775,99.89874902777777,100.0,100.0
00:06:59.625000,138204,277000.0,6.083333333333314,59068,129000.0,296670,670000.0,1318431,2621000.0,594902,1265000.0,74.85732000000002,94.0535399305555,100.0,100.0,100.0
00:07:05.708333,155130,277000.0,6.083333333333314,66493,129000.0,325542,670000.0,1388396,2621000.0,638000,1265000.0,71.57017277777778,93.15081215277776,99.99793118055555,100.0,100.0
00:07:11.791666,155229,277000.0,6.083333333333371,67789,129000.0,326723,670000.0,1371076,2621000.0,632607,1265000.0,72.52190284722218,93.57758375000003,100.0,100.0,100.0
00:07:17.875000,148111,277000.0,6.083333333333314,63459,129000.0,314790,670000.0,1381736,2621000.0,623149,1265000.0,76.55966541666663,93.9183523611111,100.0,100.0,100.0
00:07:23.958333,46220,277000.0,6.083333333333314,23387,129000.0,97339,670000.0,357339,2621000.0,177961,1265000.0,45.9793322222222,84.83741354166662,96.45004833333341,99.87462993055559,100.0
00:07:27,16496,277000.0,3.0416666666666856,10378,129000.0,28413,670000.0,56388,2621000.0,38712,1265000.0,50.995855000000034,76.98362187499995,95.0256193750001,100.0,100.0
00:07:30,9375,277000.0,3.0,6143,129000.0,15709,670000.0,32609,2621000.0,22144,1265000.0,50.995855000000034,76.98362187499995,95.0256193750001,100.0,100.0
