delta_t_s,640x360_size_byte,640x360_bitrate,seg_len_s,1280x720_size_byte,1280x720_bitrate,480x270_size_byte,480x270_bitrate,480x270_vmaf_score,640x360_vmaf_score,1280x720_vmaf_score
00:00:06.006006,314746,737000.0,6.006006006006006,960940,2450000.0,164954,299000.0,75.00464985849054,92.43942976415093,100.0
00:00:14.514514,550387,737000.0,8.508508508508509,2143105,2450000.0,158162,299000.0,16.63251830188679,90.77644226415093,100.0
00:00:21.654988,622522,737000.0,7.140473807140472,2106096,2450000.0,242189,299000.0,9.098311556603775,12.270072877358489,100.0
00:00:28.028028,632559,737000.0,6.373039706373042,2307107,2450000.0,322386,299000.0,9.098311556603775,12.270072877358489,100.0
00:00:36.369703,729009,737000.0,8.34167500834167,2104410,2450000.0,335227,299000.0,55.47910909952606,83.48476499999995,100.0
00:00:43.343343,675991,737000.0,6.973640306973643,2134414,2450000.0,311906,299000.0,12.68941490566038,15.816859150943394,100.0
00:00:49.749749,606190,737000.0,6.406406406406404,1911970,2450000.0,289773,299000.0,11.800288160377361,15.582916650943389,100.0
00:00:57.223890,774009,737000.0,7.474140807474143,2294224,2450000.0,262332,299000.0,51.04567155660376,62.718015188679274,100.0
00:01:05.265265,599433,737000.0,8.041374708041381,1753460,2450000.0,219429,299000.0,54.85646221698112,48.880881990521324,100.0
00:01:11.838505,482119,737000.0,6.573239906573235,1479365,2450000.0,221020,299000.0,41.56830274881517,48.909315424528316,100.0
00:01:19.679679,742975,737000.0,7.841174507841174,1500835,2450000.0,261203,299000.0,38.67434575471699,73.71588349056603,100.0
00:01:27.320653,683058,737000.0,7.640974307640974,2404100,2450000.0,238859,299000.0,22.239756462264136,89.43791589622634,100.0
00:01:33.927260,607207,737000.0,6.606606606606604,1992152,2450000.0,294715,299000.0,23.51026542452831,92.53789696682463,100.0
00:01:42.402402,1058782,737000.0,8.475141808475144,1919954,2450000.0,284901,299000.0,41.16658382075472,43.861593962264116,100.0
00:01:50.844177,930355,737000.0,8.441775108441774,3233851,2450000.0,305662,299000.0,26.79811895734595,33.9509378773585,100.0
00:01:58.551885,1101277,737000.0,7.707707707707712,1613997,2450000.0,376097,299000.0,34.90228674528301,65.72627754716979,100.0
00:02:07.027027,1258725,737000.0,8.475141808475144,3537579,2450000.0,463523,299000.0,17.229760849056607,39.41405632075468,100.0
00:02:14.567901,979058,737000.0,7.540874207540867,3073039,2450000.0,407367,299000.0,12.096751745283024,35.83589042452831,100.0
00:02:20.974307,794629,737000.0,6.406406406406404,2997719,2450000.0,333671,299000.0,12.096751745283024,35.83589042452831,100.0
00:02:28.048048,657866,737000.0,7.073740407073757,2786307,2450000.0,301184,299000.0,1.7613438388625586,23.63778820754719,100.0
00:02:36.022689,983119,737000.0,7.974641307974622,2738735,2450000.0,219306,299000.0,22.92902948113206,12.383806886792453,100.0
00:02:44.464464,1138094,737000.0,8.441775108441789,2599374,2450000.0,327976,299000.0,9.938127028301881,11.127728672985786,100.0
00:02:53.073073,1021376,737000.0,8.608608608608591,2954004,2450000.0,426546,299000.0,7.4706526886792455,7.704332971698115,100.0
00:02:59.746413,744906,737000.0,6.673340006673357,3046546,2450000.0,390297,299000.0,10.250652594339615,11.476297547169807,100.0
00:03:05.852519,497879,737000.0,6.106106106106097,2423884,2450000.0,373176,299000.0,11.244498815165876,12.552189811320753,100.0
00:03:12.292292,715154,737000.0,6.439773106439787,2513392,2450000.0,286673,299000.0,7.380657735849056,8.30768279620853,100.0
00:03:18.465131,669740,737000.0,6.172839506172835,2353963,2450000.0,289038,299000.0,1.9329368867924532,2.3540109905660382,100.0
00:03:25.605605,733823,737000.0,7.1404738071404665,3238633,2450000.0,305926,299000.0,7.94797363207547,9.115879292452831,100.0
00:03:32.145478,659064,737000.0,6.53987320653988,2653439,2450000.0,254262,299000.0,9.239743066037732,11.02095688679245,100.0
00:03:38.885552,784333,737000.0,6.740073406740066,2111884,2450000.0,338941,299000.0,9.239743066037732,11.02095688679245,100.0
00:03:45.792459,941708,737000.0,6.906906906906897,3339869,2450000.0,396332,299000.0,11.425561137440763,13.280554905660379,100.0
00:03:52.499165,756165,737000.0,6.706706706706711,3376995,2450000.0,323489,299000.0,10.372193679245287,11.126526919431278,100.0
00:04:00.206873,746647,737000.0,7.707707707707726,2534782,2450000.0,280455,299000.0,3.6623460849056606,4.1558957547169815,100.0
00:04:07.113780,564624,737000.0,6.906906906906897,2634159,2450000.0,233203,299000.0,4.759029905660377,6.54023721698113,100.0
00:04:13.653653,812155,737000.0,6.53987320653988,1893490,2450000.0,343915,299000.0,11.586269481132085,12.660912971698114,100.0
00:04:20.927594,715730,737000.0,7.273940607273943,2906595,2450000.0,294139,299000.0,6.826247819905213,9.780623490566036,100.0
00:04:26.933600,379170,737000.0,6.0060060060059755,2981497,2450000.0,155488,299000.0,9.406416320754719,15.772989478672992,100.0
00:04:33.273273,150637,737000.0,6.339673006339694,1515154,2450000.0,66974,299000.0,75.09374339622643,88.95745146226412,100.0
00:04:40.280280,24673,737000.0,7.007007007007019,561771,2450000.0,16057,299000.0,82.32253207547174,92.66620933962275,100.0
00:04:47.320653,38340,737000.0,7.040373707040374,44677,2450000.0,23782,299000.0,76.72640962264141,91.7697112735849,100.0
00:04:52.726059,58202,737000.0,5.405405405405418,73493,2450000.0,42871,299000.0,85.71868597156396,92.91164075829383,100.0
00:04:56.730063,13283,737000.0,4.004003983149801,119140,2450000.0,23960,299000.0,85.71868597156396,92.91164075829383,100.0
