delta_t_s,1280x720x30_bitrate,1280x720x30_size_byte,1280x720x59_bitrate,1280x720x59_size_byte,1920x1080x59_bitrate,1920x1080x59_size_byte,284x160x30_bitrate,284x160x30_size_byte,640x360x30_bitrate,640x360x30_size_byte,852x480x30_bitrate,852x480x30_size_byte,seg_len_s,284x160x30_vmaf_score,640x360x30_vmaf_score,852x480x30_vmaf_score,1280x720x30_vmaf_score,1280x720x59_vmaf_score,1920x1080x59_vmaf_score,segment_mapper
00:00:09.575678,1895457.0,2262392,2986390.0,3568616,6298290.0,7538800,368569.0,439920,688942.0,822312,806758.0,962936,9.575678,0.0,53.64286428571428,65.91314642857144,82.89536000000003,85.83255785714286,100.0,546
00:00:19.936356,2086590.0,2702312,2840864.0,3679160,6398549.0,8286664,284521.0,368480,695336.0,900520,1261912.0,1634284,10.360678,0.0,52.23845000000001,64.07988,81.20013461538461,84.69946846153844,100.0,547
00:00:30.881034,1976351.0,2703816,2749054.0,3760940,6395863.0,8750084,279783.0,382768,694512.0,950152,1232505.0,1686172,10.944678,0.08578461538461538,52.93443615384615,66.08357307692307,82.89156307692309,84.28736615384616,100.0,548
00:00:41.809712,1989153.0,2717352,2928406.0,4000452,6395594.0,8736924,287624.0,392920,706676.0,965380,1249035.0,1706288,10.928678,0.03576846153846154,46.45182923076924,57.87109692307693,71.37692384615384,72.79816692307693,100.0,549
00:00:52.253390,2182624.0,2849328,3004204.0,3921868,6520654.0,8512452,286148.0,373556,695571.0,908040,1316832.0,1719072,10.443678,1.2548638461538462,37.27325538461538,45.98686923076922,54.714688461538465,58.9806676923077,100.0,550
00:01:03.481068,2082191.0,2922272,2851359.0,4001768,6278053.0,8810996,282376.0,396304,696296.0,977224,1289179.0,1809312,11.227678,8.024041538461539,23.94258153846154,27.98564692307692,32.65955538461538,42.8153523076923,100.0,551
00:01:15.092746,2085607.0,3027176,2838405.0,4119832,6395803.0,9283252,285472.0,414352,694770.0,1008432,1259369.0,1827924,11.611678,75.38177571428572,76.97066642857142,75.8586507142857,77.21015071428572,78.93471571428572,100.0,552
00:01:25.520424,2251310.0,2934492,3043573.0,3967176,6393495.0,8333664,284857.0,371300,713080.0,929472,1343660.0,1751408,10.427678,4.829652307692308,20.95224153846154,26.474964615384607,36.47083846153846,53.11292692307693,100.0,553
00:01:36.098102,2204443.0,2910052,2950790.0,3901564,6394682.0,8455112,285257.0,376564,700539.0,924772,1308652.0,1727532,10.577678,0.0036607692307692313,51.17742307692308,63.226473846153844,80.8295853846154,82.41082769230772,100.0,554
00:01:47.560091,2085552.0,2988072,2823643.0,4045572,6401519.0,9171768,286314.0,410216,704237.0,1008996,1289593.0,1847664,11.461988999999999,0.0,52.727507692307704,64.49983153846154,82.0279015384615,83.27338,100.0,555
00:01:58.804769,2312861.0,3246008,3147857.0,4424580,6448860.0,9064420,287332.0,403260,720006.0,1010500,1401969.0,1967608,11.244678,0.0,53.39565153846154,66.02204538461538,83.33515846153847,85.4894269230769,100.0,556
00:02:09.765447,2194524.0,3006684,2937970.0,4025268,6350713.0,8701016,280884.0,384836,708729.0,971020,1344322.0,1841836,10.960678,0.0,54.314446153846156,66.81222461538461,83.40458000000001,85.26968076923079,100.0,557
00:02:21.378125,2160546.0,3136216,2968322.0,4308772,6402505.0,9293780,283505.0,411532,700021.0,1016140,1286847.0,1867968,11.612678,0.0,54.20550642857143,66.99977071428572,82.95629285714288,84.13231714285716,100.0,558
00:02:31.972803,2218520.0,2938064,2990488.0,3960408,6396772.0,8471468,289878.0,383896,697156.0,923268,1347040.0,1783932,10.594678,0.026749230769230768,54.84714769230769,67.51336538461538,82.95020000000002,83.95757000000002,100.0,559
00:02:43.784481,2195069.0,3240932,2933593.0,4331332,6403634.0,9454708,281657.0,415856,692047.0,1021780,1289741.0,1904252,11.811678,0.12145615384615385,55.33090769230769,67.94228153846153,83.69177307692307,84.92680461538463,100.0,560
00:02:54.996159,2108236.0,2954608,2860391.0,4008724,6399561.0,8968728,285864.0,400628,691655.0,969328,1275726.0,1787880,11.211678,0.4295892307692308,54.97503846153847,67.41414538461538,83.28591999999999,85.26281000000002,100.0,561
00:03:06.307837,2289021.0,3231720,3082410.0,4358404,6451083.0,9121572,293351.0,414164,720795.0,1017644,1345449.0,1899552,11.311678,0.737046923076923,55.56128923076921,67.5411253846154,82.86119615384617,84.1207776923077,100.0,562
00:03:18.220515,2074573.0,3089216,2882208.0,4291852,6353634.0,9461100,283057.0,421496,680246.0,1012944,1253304.0,1866276,11.912678,0.7809161538461539,55.733341538461545,68.01852307692307,83.44323230769231,83.68002692307692,100.0,563
00:03:28.982193,2190801.0,2947088,2949392.0,3967552,6398130.0,8606828,283143.0,380888,705344.0,948836,1358140.0,1826984,10.761678,0.8388357142857145,55.70227285714286,68.00968642857143,83.56656,83.99002214285714,100.0,564
00:03:39.309871,2138111.0,2760216,2876591.0,3713564,6401519.0,8264104,288634.0,372616,698577.0,901836,1283565.0,1657032,10.327678,0.7180715384615385,56.64357,69.43748538461536,85.15542923076923,86.36754615384615,100.0,565
00:03:50.321549,2184379.0,3001796,2926002.0,4027524,6397786.0,8806296,283051.0,388972,702361.0,965192,1313063.0,1804424,11.011678,0.10293769230769233,56.24525923076924,69.37835076923075,84.69771153846153,85.67925153846156,100.0,566
00:04:02.233227,2194192.0,3267064,3037247.0,4522340,6400632.0,9530284,285984.0,425820,702146.0,1045468,1305682.0,1944108,11.911678,0.5082253846153846,56.51408538461539,69.14164923076922,84.28055076923077,85.00185461538463,100.0,567
00:04:12.759905,2088436.0,2743860,2773776.0,3649832,6401232.0,8422964,284897.0,374308,702012.0,922328,1295560.0,1702152,10.526678,0.5082253846153846,56.51408538461539,69.14164923076922,84.28055076923077,85.00185461538463,100.0,568
00:04:24.671583,2119444.0,3155768,2946843.0,4387732,6396213.0,9523704,283585.0,422248,697222.0,1038136,1263131.0,1880752,11.911678,0.021136428571428573,56.675831428571435,69.34878285714287,84.84349,85.83348285714284,100.0,569
00:04:35.416261,2130018.0,2860796,2978695.0,4000640,6400695.0,8596676,285551.0,383520,705060.0,946956,1289181.0,1731480,10.744678,0.09428307692307693,56.420259230769226,68.83896000000001,83.86332538461541,84.75795153846154,100.0,570
00:04:47.160939,2200532.0,3225892,2973378.0,4365172,6454891.0,9476328,291241.0,426948,712906.0,1045092,1339632.0,1963848,11.744678,0.03591461538461538,55.31427615384616,68.0019846153846,83.09352076923076,84.09472461538462,100.0,571
00:04:59.072617,2311490.0,3441716,3353535.0,4993280,6331566.0,9427448,278914.0,415292,702777.0,1046408,1408081.0,2096576,11.911678,0.041758461538461536,56.034561538461546,68.29815461538462,83.33307923076923,84.11273230769231,100.0,572
00:05:09.266295,2377941.0,3029996,3321475.0,4232256,6390210.0,8142468,286232.0,364720,726056.0,925148,1427030.0,1818336,10.193678,0.3116846153846154,55.67621538461538,67.61100846153846,82.91368307692308,84.01594307692307,100.0,573
00:05:20.493973,2383321.0,3344896,3351680.0,4703948,6483942.0,9099952,286395.0,401944,722551.0,1014072,1429698.0,2006524,11.227678,0.1211423076923077,55.88593615384615,68.40982076923076,84.35272153846154,85.59682,100.0,574
00:05:31.321651,2057018.0,2784092,2927803.0,3962664,6308431.0,8538208,281418.0,380888,691321.0,935676,1264992.0,1712116,10.827678,0.029945000000000006,55.23867428571428,67.77912571428571,83.71242357142856,84.62753999999998,100.0,575
00:05:42.132507,2068619.0,2791048,2865720.0,3872612,6401162.0,8650256,289824.0,391040,701569.0,946580,1243317.0,1677524,10.810856,0.0,54.8843076923077,67.16121384615384,82.83738230769231,83.46483692307693,100.0,576
00:05:53.944185,2046745.0,3017588,2816702.0,4158748,6397140.0,9445120,284613.0,419616,683098.0,1007116,1246332.0,1837512,11.811678,0.0,54.28508000000001,66.14145769230768,81.66337923076921,82.3233130769231,100.0,577
00:06:04.421863,2312357.0,3023604,3121204.0,4087872,6457149.0,8456992,286259.0,374308,728084.0,952032,1415911.0,1851424,10.477678,0.0,55.81176384615385,67.68714923076924,83.34234846153846,84.08,100.0,578
00:06:15.048541,2309496.0,3067784,3379042.0,4488500,6329247.0,8407360,278249.0,369608,702840.0,933608,1392094.0,1849168,10.626678,0.003203846153846154,55.95921692307692,68.54547384615384,83.82590923076926,84.73879384615384,100.0,579
00:06:25.676219,2364753.0,3141480,3324806.0,4416872,6389221.0,8487824,284025.0,377316,717917.0,953724,1395643.0,1854056,10.627678,0.029907692307692305,56.48726461538464,68.23889307692308,84.15635076923077,85.18376538461537,100.0,580
00:06:36.103897,2328953.0,3030748,3115545.0,4060988,6400130.0,8342312,283299.0,368668,714100.0,929284,1393095.0,1812884,10.427678,0.06253642857142858,56.179805,68.64363785714285,83.56126499999998,84.68606285714286,100.0,581
00:06:47.115575,2282262.0,3136592,3128690.0,4306516,6436029.0,8858936,287813.0,395552,715703.0,983616,1370944.0,1884136,11.011678,0.10763692307692307,56.06411923076922,68.65515384615385,83.33642846153846,83.9411,100.0,582
00:06:58.778253,2262961.0,3299024,3100417.0,4519896,6368996.0,9284944,286803.0,418112,711721.0,1037572,1365669.0,1990920,11.662678,0.14644307692307693,57.104595384615386,69.88822923076924,85.10519615384617,86.08315384615383,100.0,583
00:07:09.588931,2091694.0,2826580,2856029.0,3859452,6403633.0,8653452,285477.0,385776,696721.0,941504,1286875.0,1739000,10.810678,0.31482923076923075,56.835918461538455,69.32260615384615,84.92893153846154,86.10070769230771,100.0,584
00:07:19.882609,2098418.0,2700056,2914876.0,3750600,6400893.0,8236092,285643.0,367540,692849.0,891496,1271879.0,1636540,10.293678,0.5905192307692307,56.754349230769215,69.33204461538462,84.44080615384615,85.44244461538463,100.0,585
00:07:30.060287,2137113.0,2718856,2905244.0,3696080,6405575.0,8149236,279293.0,355320,712272.0,906160,1325683.0,1686548,10.177678,0.5905192307692307,56.754349230769215,69.33204461538462,84.44080615384615,85.44244461538463,100.0,586
00:07:41.505965,2312698.0,3308800,3142773.0,4496396,6437054.0,9209556,285407.0,408336,717987.0,1027232,1395634.0,1996748,11.445678,0.12643384615384615,55.645264615384605,68.23882538461538,83.45743692307691,84.46470230769229,100.0,587
00:07:51.716643,2297608.0,2927348,2962580.0,3781244,6369112.0,8129120,286112.0,364532,715798.0,911988,1368885.0,1744076,10.210678,0.01004153846153846,50.77731461538462,64.71952692307691,79.0265646153846,82.61085923076924,100.0,588
