delta_t_s,1280x720x29_bitrate,1280x720x29_size_byte,1280x720x59_bitrate,1280x720x59_size_byte,1920x1080x59_bitrate,1920x1080x59_size_byte,284x160x29_bitrate,284x160x29_size_byte,640x360x29_bitrate,640x360x29_size_byte,852x480x29_bitrate,852x480x29_size_byte,seg_len_s,284x160x29_vmaf_score,640x360x29_vmaf_score,852x480x29_vmaf_score,1280x720x29_vmaf_score,1280x720x59_vmaf_score,1920x1080x59_vmaf_score,segment_mapper
00:00:10.017667,2084840.0,2610568,2984678.0,3737440,3759074.0,4707144,281512.0,352500,674277.0,844308,1315975.0,1647820,10.017667,2.4236387966101707,60.838612305084744,61.11711172881357,76.01418122033895,76.40501879661018,100.0,0
00:00:20.017334,2220052.0,2774880,3080896.0,3850992,3776820.0,4720868,291645.0,364532,703918.0,879840,1380162.0,1725088,9.999667,2.905722474576272,60.983226847457615,61.13619266101696,75.90830132203392,76.48997905084742,100.0,1
00:00:30.017001,2271793.0,2839552,3114887.0,3893480,3801486.0,4751700,290592.0,363216,706325.0,882848,1411748.0,1764568,9.999667,2.868521593220339,60.93876222033893,61.22478045762717,76.04382076271182,76.51529635593216,100.0,2
00:00:40.016667,2235694.0,2794432,3108119.0,3885020,3789454.0,4736660,293299.0,366600,702565.0,878148,1405431.0,1756672,9.999667,2.868521593220339,60.93876222033893,61.22478045762717,76.04382076271182,76.51529635593216,100.0,3
00:00:50.016334,2267581.0,2834288,3109623.0,3886900,3794267.0,4742676,290592.0,363216,706175.0,882660,1413854.0,1767200,9.999667,2.3885297796610163,60.77424857627124,61.11349277966107,76.0220310847457,76.42096842372881,100.0,4
00:01:00.016001,2261565.0,2826768,3132033.0,3914912,3803291.0,4753956,289689.0,362088,705723.0,882096,1407687.0,1759492,9.999667,2.9803333559322045,61.0380273898305,61.22546808474577,76.01514013559311,76.55191884745759,100.0,5
00:01:10.015668,2258105.0,2822444,3103456.0,3879192,3797124.0,4746248,292246.0,365284,701211.0,876456,1409642.0,1761936,9.999667,2.51707120338983,60.876399355932215,61.13407818644069,76.05574977966104,76.48368794915254,100.0,6
00:01:20.015336,2274801.0,2843312,3124363.0,3905324,3810962.0,4763544,292547.0,365660,704069.0,880028,1413703.0,1767012,9.999667,2.8165500847457654,61.05542169491524,61.27130089830507,76.13979913559326,76.5293598135593,100.0,7
00:01:30.015003,2272695.0,2840680,3132184.0,3915100,3805998.0,4757340,290742.0,363404,706175.0,882660,1411898.0,1764756,9.999667,2.9105828305084733,61.00467332203392,61.22231271186438,75.99779027118643,76.51055501694908,100.0,8
00:01:40.014670,2248479.0,2810412,3091424.0,3864152,3804344.0,4755272,291494.0,364344,706325.0,882848,1414756.0,1768328,9.999667,2.338306372881358,60.63096133898301,61.00696716949154,75.89355240677969,76.41609586440677,100.0,9
00:01:50.014337,2268183.0,2835040,3132334.0,3915288,3802840.0,4753392,289990.0,362464,704069.0,880028,1407687.0,1759492,9.999667,3.0987941186440726,61.05794567796611,61.31033122033902,76.10999749152539,76.53086938983044,100.0,10
00:02:00.014004,2248329.0,2810224,3098493.0,3872988,3801486.0,4751700,289840.0,362276,702866.0,878524,1409642.0,1761936,9.999667,2.706339966101696,60.9110881694915,61.176537135593215,76.04718986440685,76.49625989830504,100.0,11
00:02:10.013671,2250735.0,2813232,3106465.0,3882952,3796824.0,4745872,291043.0,363780,706776.0,883412,1410094.0,1762500,9.999667,2.5882862203389814,60.831189474576256,61.08620649152538,75.98728179661012,76.50075049152538,100.0,12
00:02:20.013338,2272545.0,2840492,3129777.0,3912092,3801336.0,4751512,291645.0,364532,710536.0,888112,1417464.0,1771712,9.999667,3.0279079830508486,60.92361508474575,61.234530440677936,75.99165400000003,76.49367005084741,100.0,13
00:02:30.013005,2264423.0,2830340,3123009.0,3903632,3805547.0,4756776,290893.0,363592,707528.0,884352,1408890.0,1760996,9.999667,2.3547585254237293,60.707188220338935,61.06327781355931,75.97902337288144,76.41443223728804,100.0,14
00:02:40.012672,2256150.0,2820000,3108269.0,3885208,3795771.0,4744556,290893.0,363592,705723.0,882096,1411297.0,1764004,9.999667,2.9702469152542363,60.93027327118638,61.133170000000106,75.8991454576271,76.53485296610171,100.0,15
00:02:50.012339,2249833.0,2812104,3101652.0,3876936,3791409.0,4739104,290592.0,363216,703317.0,879088,1407988.0,1759868,9.999667,2.7685153559322,60.97468632203394,61.16420486440678,75.98890362711866,76.51106896610169,100.0,16
00:03:00.012006,2266980.0,2833536,3111127.0,3888780,3796072.0,4744932,290291.0,362840,707378.0,884164,1412199.0,1765132,9.999667,2.4542286271186424,60.75012942372885,61.06940637288135,75.99302489830501,76.43424847457628,100.0,17
00:03:10.011673,2253142.0,2816240,3106465.0,3882952,3791108.0,4738728,290742.0,363404,705122.0,881344,1402874.0,1753476,9.999667,3.0024308305084726,60.8056399830509,61.06853749152544,75.84039769491534,76.5443657457627,100.0,18
00:03:20.011340,2242763.0,2803268,3083753.0,3854564,3790356.0,4737788,293299.0,366600,706024.0,882472,1402272.0,1752724,9.999667,2.4744291355932195,60.699412813559334,60.982655135593255,75.86627705084749,76.48417783050846,100.0,19
00:03:30.011007,2261565.0,2826768,3147375.0,3934088,3796072.0,4744932,290140.0,362652,708882.0,886044,1413553.0,1766824,9.999667,2.2130056440677977,60.01390842372879,60.703144288135576,75.65548861016944,76.26196198305091,100.0,20
00:03:40.010674,2287887.0,2859668,3128424.0,3910400,3795169.0,4743804,292246.0,365284,709333.0,886608,1415960.0,1769832,9.999667,1.9918112033898283,59.221507372881355,60.246264254237325,75.24447350847456,76.13939415254234,100.0,21
00:03:50.010341,2245170.0,2806276,3128724.0,3910776,3794567.0,4743052,289088.0,361336,707679.0,884540,1410244.0,1762688,9.999667,1.7307821186440686,59.30270486440681,60.32861513559326,75.34120835593221,76.05952366101687,100.0,22
00:04:00.010008,2289240.0,2861360,3153692.0,3941984,3798478.0,4747940,290742.0,363404,707227.0,883976,1413102.0,1766260,9.999667,2.4845398983050866,60.02916266101697,60.82415232203385,75.71019276271186,76.24543691525432,100.0,23
00:04:10.009675,2265175.0,2831280,3140155.0,3925064,3796673.0,4745684,291645.0,364532,705272.0,881532,1413403.0,1766636,9.999667,1.842196915254236,59.2176837966102,60.16992540677961,75.10626920338977,76.01023981355941,100.0,24
00:04:20.009342,2283675.0,2854404,3129477.0,3911716,3791710.0,4739480,289990.0,362464,706475.0,883036,1414606.0,1768140,9.999667,1.9802561864406776,59.20671066101698,60.21522738983053,75.13188401694913,76.13048828813558,100.0,25
00:04:30.009009,2269536.0,2836732,3140005.0,3924876,3792311.0,4740232,291945.0,364908,706927.0,883600,1414305.0,1767764,9.999667,2.0748649830508503,59.77474725423722,60.56693488135585,75.4813184745763,76.28299706779659,100.0,26
00:04:40.008676,2077463.0,2596656,2904320.0,3630280,3791710.0,4739480,284575.0,355696,688276.0,860288,1341356.0,1676584,9.999667,2.56476320338983,54.00143438983055,56.34601767796612,71.22436035593216,73.59459228813563,100.0,27
00:04:50.008343,1903739.0,2379516,2636449.0,3295452,3796673.0,4745684,259758.0,324676,603144.0,753880,1171242.0,1463956,9.999667,4.826840847457627,44.665526949152536,47.00186454237286,58.340742050847474,70.41907359322038,100.0,28
00:05:00.008010,2160790.0,2700808,2968092.0,3709992,3790206.0,4737600,284425.0,355508,690833.0,863484,1372341.0,1715312,9.999667,1.899729881355929,56.631559067796594,57.90941247457632,72.58757611864411,74.8243327457627,100.0,29
00:05:10.007677,2113862.0,2642152,3015620.0,3769400,3797876.0,4747188,285177.0,356448,698654.0,873260,1383621.0,1729412,9.999667,0.8406638305084745,53.36239674576274,55.19459430508474,71.25842896610166,73.09794294915248,100.0,30
00:05:20.007344,2212531.0,2765480,3061193.0,3826364,3800584.0,4750572,284124.0,355132,705272.0,881532,1402423.0,1752912,9.999667,0.003251576271186441,51.53182379661022,53.350863152542416,71.16278652542366,72.2622550677965,100.0,31
00:05:30.007011,2050539.0,2563004,2932145.0,3665060,3800433.0,4750384,277656.0,347048,645108.0,806332,1279086.0,1598752,9.999667,3.700912016949151,48.82406857627118,51.141109627118645,64.00129961016954,72.40188820338983,100.0,32
00:05:40.006678,2051141.0,2563756,2839947.0,3549816,3793815.0,4742112,271339.0,339152,675040.0,843744,1329023.0,1661168,9.999667,1.2901256949152542,53.830356135593156,56.31567903389836,70.14908040677962,73.02928322033901,100.0,33
00:05:50.006345,2199145.0,2748748,3160761.0,3950820,3803742.0,4754520,289388.0,361712,703918.0,879840,1411598.0,1764380,9.999667,0.6312959322033901,47.128114762711846,51.598449711864426,64.36538855932206,70.78735952542368,100.0,34
00:06:00.006012,2185608.0,2731828,3147375.0,3934088,3780129.0,4725004,278860.0,348552,687825.0,859724,1414606.0,1768140,9.999667,0.061570203389830526,50.798241186440706,53.72520599999999,68.09572457627118,72.6654037627118,100.0,35
00:06:10.005679,2170867.0,2713404,3010205.0,3762632,3792161.0,4740044,283372.0,354192,692939.0,866116,1362414.0,1702904,9.999667,0.5103882711864405,54.09616479661018,55.92422705084746,72.96828937288139,73.85979561016948,100.0,36
00:06:20.005346,2171018.0,2713592,2988096.0,3734996,3795019.0,4743616,288185.0,360208,700459.0,875516,1377906.0,1722268,9.999667,0.10046316949152542,52.600178305084675,54.12178864406782,70.80307752542373,72.30558871186443,100.0,37
00:06:30.005013,2198844.0,2748372,3041640.0,3801924,3796824.0,4745872,289840.0,362276,699707.0,874576,1382268.0,1727720,9.999667,0.12729127118644054,55.10325716949153,56.1417662711864,73.17863179661016,73.51448311864407,100.0,38
00:06:40.004680,2328948.0,2910992,3179862.0,3974696,3827205.0,4783848,296909.0,371112,721968.0,902400,1443785.0,1804612,9.999667,0.08249147457627114,53.088866016949176,54.441239711864384,71.13785923728807,72.67964859322025,100.0,39
00:06:50.004347,2080772.0,2600792,2971702.0,3714504,3769901.0,4712220,274047.0,342536,663609.0,829456,1336393.0,1670380,9.999667,0.3599500338983052,46.220799389830454,49.07306447457629,64.19594247457637,69.33941145762711,100.0,40
00:07:00.004014,2168912.0,2710960,3066607.0,3833132,3796824.0,4745872,276453.0,345544,697300.0,871568,1384524.0,1730540,9.999667,0.5066624957555178,47.46916986417656,49.62968453310695,65.11124210526313,70.64612891341254,100.0,41
00:07:10.003681,2069792.0,2587068,3013665.0,3766956,3804645.0,4755648,273144.0,341408,674588.0,843180,1371137.0,1713808,9.999667,0.5956452372881356,48.50302876271191,51.03346622033897,66.73012866101693,70.81533267796605,100.0,42
00:07:20.003348,2140485.0,2675428,3001783.0,3752104,3795319.0,4743992,278559.0,348176,682410.0,852956,1378658.0,1723208,9.999667,0.2789233220338981,48.891565915254276,51.3590496779661,67.26150469491525,70.9848821186441,100.0,43
00:07:30.003015,2056255.0,2570148,2914999.0,3643628,3791259.0,4738916,282169.0,352688,686621.0,858220,1365422.0,1706664,9.999667,0.5761509491525421,50.87752461016952,52.81099925423729,68.92498789830499,72.26821218644069,100.0,44
00:07:40.002682,2161392.0,2701560,3098192.0,3872612,3791108.0,4738728,276904.0,346108,688577.0,860664,1360759.0,1700836,9.999667,0.8321359491525425,50.51033633898306,52.85502008474576,68.66333876271186,71.75446377966092,100.0,45
00:07:50.002349,2237499.0,2796688,3086912.0,3858512,3793815.0,4742112,283823.0,354756,697000.0,871192,1399565.0,1749340,9.999667,0.323801593220339,54.82093742372881,56.362718423728865,72.66443167796612,74.01373900000003,100.0,46
