delta_t_s,1280x720x30_bitrate,1280x720x30_size_byte,1280x720x59_bitrate,1280x720x59_size_byte,1920x1080x59_bitrate,1920x1080x59_size_byte,284x160x30_bitrate,284x160x30_size_byte,640x360x30_bitrate,640x360x30_size_byte,852x480x30_bitrate,852x480x30_size_byte,seg_len_s,284x160x30_vmaf_score,640x360x30_vmaf_score,852x480x30_vmaf_score,1280x720x30_vmaf_score,1280x720x59_vmaf_score,1920x1080x59_vmaf_score,segment_mapper
00:00:11.925333,93631.0,139496,163540.0,243648,7277012.0,10847600,119626.0,178224,163414.0,243460,93631.0,139496,11.925333,97.4280399999992,97.4280399999992,97.4280399999992,97.4280399999992,97.4280399999992,100.0,0
00:00:23.837011,93939.0,139872,163636.0,243648,7285733.0,10848164,119823.0,178412,163762.0,243836,93939.0,139872,11.911678,97.4280399999992,97.4280399999992,97.4280399999992,97.4280399999992,97.4280399999992,100.0,1
00:00:35.748689,93181.0,138744,163257.0,243084,7284849.0,10846848,119696.0,178224,162878.0,242520,93181.0,138744,11.911678,97.4280399999992,97.4280399999992,97.4280399999992,97.4280399999992,97.4280399999992,100.0,2
00:00:47.664356,1248485.0,1858944,1770454.0,2636136,7504685.0,11177916,208333.0,310200,454166.0,676236,781313.0,1163344,11.915667,47.0991236842103,63.92172479374083,67.97516921763838,74.18682867709795,73.81629456614498,100.0,3
00:00:59.576034,2235227.0,3328164,2957576.0,4403712,7318940.0,10897608,287247.0,427700,708459.0,1054868,1414899.0,2106728,11.911678,0.0,39.48085288762446,46.40780314367004,60.441681052631644,53.086876258890406,100.0,4
00:01:11.498034,2224939.0,3313124,2947732.0,4389424,7484172.0,11153288,288612.0,429768,711935.0,1060132,1412760.0,2103720,11.922,0.0510183641536273,40.51392564722616,46.68770584637273,60.02091972972978,52.06468207681369,100.0,5
00:01:23.412034,2260542.0,3366140,3150619.0,4691540,7298073.0,10868656,289117.0,430520,712692.0,1061260,1391802.0,2072512,11.914000000000001,0.0,29.718841507823605,37.10234551920345,48.524870625889044,36.87131877667142,100.0,6
00:01:35.323712,2251389.0,3352228,3042803.0,4530612,7331693.0,10916596,290277.0,432212,709091.0,1055808,1411868.0,2102216,11.911678,0.001660711237553343,28.35832288762448,33.13580324324324,42.28073278805113,25.867341977240386,100.0,7
00:01:47.243045,2228156.0,3317636,2834848.0,4220976,7415059.0,11047820,288888.0,430144,708333.0,1054680,1399495.0,2083792,11.919333,0.0,35.76250394025604,41.00130381223328,52.57521968705545,43.733782503556135,100.0,8
00:01:59.154723,2172348.0,3234540,2913258.0,4337724,7366162.0,10967920,289141.0,430520,710353.0,1057688,1409596.0,2098832,11.911678,0.0,35.76250394025604,41.00130381223328,52.57521968705545,43.733782503556135,100.0,9
00:02:11.066401,2220076.0,3305604,2905050.0,4325504,7318056.0,10896292,287373.0,427888,707828.0,1053928,1407449.0,2095636,11.911678,0.00033662873399715505,39.16670961593171,45.380319459459436,57.62777237553344,51.45128964438119,100.0,10
00:02:22.983068,2188384.0,3258416,2984343.0,4443568,7520841.0,11202920,288762.0,429956,704293.0,1048664,1409469.0,2098644,11.916667,0.002253072546230441,35.981137083926065,39.371897638691294,50.646535320056884,42.323544381223336,100.0,11
00:02:34.894746,2235101.0,3327976,2928788.0,4360848,7344571.0,10935772,289646.0,431272,705303.0,1050168,1413257.0,2104284,11.911678,0.0,31.98635027065527,36.483728290598265,47.86446309116806,39.280694586894576,100.0,12
00:02:46.806424,2211490.0,3292820,2924874.0,4355020,7475632.0,11130916,289646.0,431272,707828.0,1053928,1415151.0,2107104,11.911678,0.0,30.985594907539117,34.652303428165,45.2749323044097,36.10729001422475,100.0,13
00:02:58.720424,2291162.0,3411448,3198611.0,4762604,7330895.0,10917536,292045.0,434844,711111.0,1058816,1425631.0,2122708,11.914000000000001,0.0,24.034813741109534,28.879008577524875,38.101792019914654,28.420902418207678,100.0,14
00:03:10.633102,2242488.0,3339256,3070702.0,4572536,7296863.0,10865648,291137.0,433528,707768.0,1053928,1407079.0,2095260,11.912678,0.006997226173541963,17.601460113798023,19.90395699857751,26.466787709815076,14.381880611664313,100.0,15
00:03:22.553435,2229737.0,3320268,2831833.0,4216840,7434750.0,11078088,288612.0,429768,703350.0,1047348,1405059.0,2092252,11.920333,0.0,25.447433143669976,29.595087681365538,38.37760568990047,27.77427391180656,100.0,16
00:03:34.465768,2193939.0,3266688,2893939.0,4308960,7361717.0,10961904,290656.0,432776,708838.0,1055432,1411868.0,2102216,11.912333,0.0,29.066567283072537,33.01266615931725,42.77447943100997,36.49938061166429,100.0,17
00:03:46.377446,2208965.0,3289060,2917045.0,4343364,7333965.0,10919980,287500.0,428076,707323.0,1053176,1412879.0,2103720,11.911678,0.0,35.45501891891894,40.685466017069736,51.664021948790925,46.83182146514935,100.0,18
00:03:58.295113,2184596.0,3252776,3000379.0,4467444,7530053.0,11217584,288636.0,429768,699116.0,1040956,1411490.0,2101652,11.917667,0.0,30.201811578947396,32.336258065433874,42.29525496443817,36.826048719772416,100.0,19
00:04:10.206791,2210858.0,3291880,2906439.0,4327572,7327273.0,10910016,288005.0,428828,706186.0,1051484,1413762.0,2105036,11.911678,0.0,26.122719786628732,29.21229118065433,38.55800241820764,32.87584355618773,100.0,20
00:04:22.118469,2209343.0,3289624,2940278.0,4377956,7495203.0,11160056,291540.0,434092,707575.0,1053552,1423485.0,2119512,11.911678,0.0,23.629796059743963,25.733633385490727,34.39522642958749,28.50102770981513,100.0,21
00:04:34.033469,2294192.0,3415960,3170328.0,4720492,7311219.0,10889148,290530.0,432588,712373.0,1060696,1421843.0,2117068,11.915,0.0,17.039670014224757,19.23172066856329,26.32594078236129,20.622298918918922,100.0,22
00:04:45.945147,2249621.0,3349596,3070960.0,4572536,7307703.0,10880876,289899.0,431648,708964.0,1055620,1413131.0,2104096,11.911678,0.0053815362731152215,10.513486073968707,10.929363285917509,15.472965405405402,11.311125519203422,100.0,23
00:04:57.865480,2227651.0,3316884,2827273.0,4209696,7439292.0,11084856,288257.0,429204,703156.0,1046972,1409974.0,2099396,11.920333,0.0,19.411584829059848,20.97833886039885,28.050626438746466,22.20423230769232,100.0,24
00:05:09.778813,2173807.0,3236984,2882334.0,4292040,7365392.0,10968296,291137.0,433528,710041.0,1057312,1411750.0,2102216,11.913333,0.0,24.11596789473685,27.07939120910385,35.4780813086771,30.93469118065433,100.0,25
00:05:21.691491,2203098.0,3280600,2893949.0,4309336,7306584.0,10880124,287728.0,428452,708021.0,1054304,1403796.0,2090372,11.912678,0.0,31.046173783783804,34.77841123755334,44.46073917496441,40.40628924608818,100.0,26
00:05:33.610158,2197601.0,3272140,3018687.0,4494704,7528917.0,11216832,287626.0,428264,704671.0,1049228,1416414.0,2108984,11.918667,0.0,20.821599231863452,22.79385846372686,30.80442677098152,26.732193314367013,100.0,27
00:05:45.521835,2216035.0,3299588,2890404.0,4303696,7322602.0,10903060,287626.0,428264,709722.0,1056748,1406313.0,2093944,11.911678,0.0,20.821599231863452,22.79385846372686,30.80442677098152,26.732193314367013,100.0,28
00:05:57.433514,2224242.0,3311808,2918434.0,4345432,7485859.0,11146144,290782.0,432964,708333.0,1054680,1419318.0,2113308,11.911678,0.0,20.762198705547654,21.67723590327172,29.393231066856337,25.35545002844951,100.0,29
00:06:09.349514,2302778.0,3428744,3152273.0,4693608,7314771.0,10895352,290404.0,432400,716919.0,1067464,1418687.0,2112368,11.915999999999999,0.0,11.572840014224756,12.349701721194876,17.859958634423894,14.438992418207715,100.0,30
00:06:21.261191,2247853.0,3346964,3068308.0,4568588,7281945.0,10842524,290151.0,432024,704545.0,1049040,1411742.0,2102028,11.911678,0.006117937411095307,6.899958605974391,6.586994310099567,10.189004921763877,8.489266998577538,100.0,31
00:06:33.182525,2217424.0,3301656,2847096.0,4239212,7461503.0,11118884,289015.0,430332,709596.0,1056560,1404924.0,2091876,11.921333,0.0,20.54400324324323,22.992963456614515,30.47318669985776,27.45103072546232,100.0,32
00:06:45.095858,2158965.0,3214612,2862753.0,4262524,7340395.0,10931072,288636.0,429768,712500.0,1060884,1391793.0,2072324,11.913333,0.0,26.88552354196303,29.26707933143669,37.984418677098176,35.268882773826434,100.0,33
00:06:57.007536,2207197.0,3286428,2903157.0,4322684,7329672.0,10913588,287752.0,428452,706944.0,1052612,1416161.0,2108608,11.911678,0.0,23.167050355618766,24.19600132290185,31.77868506401137,29.547912261735377,100.0,34
00:07:08.927203,2219258.0,3304664,3017171.0,4492824,7510872.0,11190888,288233.0,429204,703981.0,1048288,1412002.0,2102592,11.919667,0.0,16.043476586059757,17.269924907539124,24.309540398293034,21.574112147937413,100.0,35
00:07:20.839881,2208779.0,3289060,2881197.0,4290348,7353803.0,10950436,289495.0,431084,708147.0,1054492,1406574.0,2094508,11.912678,0.0,16.318378774928785,17.013362621082617,23.773459173789195,21.424720569800538,100.0,36
00:07:32.751892,2212059.0,3293760,2952064.0,4395628,7478075.0,11134864,288628.0,429768,708566.0,1055056,1417258.0,2110300,11.912011,0.0,8.459116458036995,8.451243058321479,13.082376600284505,11.292073883357034,100.0,37
00:07:44.668892,2284217.0,3401108,3151136.0,4691916,7299265.0,10873168,290151.0,432024,711237.0,1059004,1418434.0,2111992,11.917,0.01526182076813656,7.004989999999998,6.388348918918914,9.975690810810825,9.542765889046944,100.0,38
00:07:56.580570,2247222.0,3346024,3038258.0,4523844,7303915.0,10875236,289015.0,430332,707954.0,1054116,1407197.0,2095260,11.911678,0.0,14.922989999999999,15.578439999999999,19.51458,23.05614,100.0,39
