delta_t_s,1280x720x29_bitrate,1280x720x29_size_byte,1280x720x59_bitrate,1280x720x59_size_byte,1920x1080x59_bitrate,1920x1080x59_size_byte,284x160x29_bitrate,284x160x29_size_byte,640x360x29_bitrate,640x360x29_size_byte,852x480x29_bitrate,852x480x29_size_byte,seg_len_s,284x160x29_vmaf_score,640x360x29_vmaf_score,852x480x29_vmaf_score,1280x720x29_vmaf_score,1280x720x59_vmaf_score,1920x1080x59_vmaf_score,segment_mapper
00:00:10.009656,2290412.0,2865684,2983912.0,3733492,6373512.0,7974584,281436.0,352124,706071.0,883412,1431977.0,1791640,10.009656,0.0,57.20074632825721,61.593270524534724,75.97472922165821,76.93102747884942,100.0,0
00:00:20.016256,2369623.0,2962128,3113673.0,3892352,6465188.0,8086820,288607.0,360772,728062.0,910108,1461839.0,1827360,10.0066,0.0,59.286610559322035,62.624042983050934,77.27534544067797,77.99159389830507,100.0,1
00:00:30.016923,2401657.0,3002172,3069760.0,3837456,6332620.0,7916304,283795.0,354756,720091.0,900144,1453116.0,1816456,10.000667,0.0,58.7803886779661,62.17171772881344,76.65415486440682,77.27692715254237,100.0,2
00:00:40.017590,2330370.0,2913060,3052465.0,3815836,6373376.0,7967252,279885.0,349868,708661.0,885856,1437625.0,1797092,10.000667,0.0,57.94940159322032,61.58994661016944,75.93166203389832,76.69978984745754,100.0,3
00:00:50.024368,2367818.0,2959872,3083445.0,3854564,6387069.0,7989248,285750.0,357200,720542.0,900708,1440332.0,1800476,10.006778,0.0,60.403557322033826,63.28846028813562,78.02727974576266,78.58090886440667,100.0,4
00:01:00.025035,2353832.0,2942388,3169618.0,3962288,6443157.0,8054484,284998.0,356260,716782.0,896008,1454169.0,1817772,10.000667,0.0,57.792681607445004,60.96875778341789,75.15006930626062,76.07715181049078,100.0,5
00:01:10.025702,2375188.0,2969084,3089310.0,3861896,6336530.0,7921192,285299.0,356636,718286.0,897888,1449807.0,1812320,10.000667,0.0,59.10013454237285,62.06094620338985,76.65400508474572,77.22232544067796,100.0,6
00:01:20.032668,2346312.0,2932988,3148113.0,3935404,6389203.0,7992068,282291.0,352876,717835.0,897324,1440633.0,1800852,10.006967,0.0,56.71229881355932,60.040429016949176,74.19972327118639,75.22902503389834,100.0,7
00:01:30.033335,2365412.0,2956864,3036975.0,3796472,6387813.0,7985300,285299.0,356636,718737.0,898452,1458079.0,1822660,10.000667,0.0,59.34522423728817,62.28533576271195,76.8741104745763,77.47290801694913,100.0,8
00:01:40.034003,2372631.0,2965888,3005543.0,3757180,6385257.0,7982104,285600.0,357012,721444.0,901836,1441686.0,1802168,10.000667,0.0,60.71455359322032,63.45371162711874,78.17702455932213,78.63126801694919,100.0,9
00:01:50.041148,2377444.0,2971904,3051713.0,3814896,6393297.0,7997332,285750.0,357200,723249.0,904092,1460485.0,1825668,10.007145,0.0,60.35477615254241,63.122464322033956,77.75624861016952,78.31389018644062,100.0,10
00:02:00.041815,2366615.0,2958368,3106605.0,3883516,6403304.0,8004664,284396.0,355508,718737.0,898452,1453266.0,1816644,10.000667,0.0,56.93883162436547,60.208488527918774,74.40679103214887,75.29375184433168,100.0,11
00:02:10.042482,2346913.0,2933740,3125404.0,3907016,6382399.0,7978532,284848.0,356072,717534.0,896948,1446649.0,1808372,10.000667,0.0,56.69013932203392,59.76190647457626,73.88236030508467,74.86898033898306,100.0,12
00:02:20.050271,2368610.0,2961000,3112776.0,3891412,6396492.0,8001844,285285.0,356636,721711.0,902212,1456958.0,1821344,10.007789,0.0,56.89269189830503,60.01492577966105,74.21390893220344,75.12372766101699,100.0,13
00:02:30.050938,2363758.0,2954796,3096529.0,3870920,6385257.0,7982104,285449.0,356824,717384.0,896760,1456124.0,1820216,10.000667,0.0,56.75897764406785,59.789290898305104,73.94436955932201,74.73240167796615,100.0,14
00:02:40.051605,2368721.0,2961000,3070211.0,3838020,6395634.0,7995076,284848.0,356072,718737.0,898452,1454319.0,1817960,10.000667,0.0,59.754591372881364,62.61149467796607,77.15398622033901,77.8083752033899,100.0,15
00:02:50.059405,2375420.0,2969460,3091928.0,3865280,6389272.0,7992820,283185.0,354004,722025.0,902588,1452773.0,1816080,10.0078,0.0,59.763711288135596,62.64196852542366,77.25133820338979,77.88010994915253,100.0,16
00:03:00.060072,2345259.0,2931672,3191425.0,3989548,6404657.0,8006356,285750.0,357200,720993.0,901272,1444694.0,1805928,10.000667,0.0,53.1275294416244,56.455464517766465,70.11014802030465,71.33081201353636,100.0,17
00:03:10.060739,2370676.0,2963444,3072617.0,3841028,6376534.0,7971200,284848.0,356072,717534.0,896948,1450409.0,1813072,10.000667,0.0,56.36293676271189,59.470700830508505,73.62533788135597,74.55298422033898,100.0,18
00:03:20.068528,2374261.0,2967956,3078752.0,3848736,6387626.0,7990752,285597.0,357012,720234.0,900332,1448740.0,1811004,10.007789,0.0,60.24320218644065,63.08923644067799,77.75075147457633,78.3547564237288,100.0,19
00:03:30.069195,2347966.0,2935056,3149015.0,3936532,6392626.0,7991316,285449.0,356824,718136.0,897700,1441987.0,1802544,10.000667,0.0,56.55927832203381,59.59210113559321,73.75564754237287,74.63838737288128,100.0,20
00:03:40.069862,2370525.0,2963256,3106304.0,3883140,6391573.0,7990000,286352.0,357952,720241.0,900332,1446198.0,1807808,10.000667,0.0,56.806289440677965,59.772988372881365,73.96882998305084,74.85936064406786,100.0,21
00:03:50.077729,2368721.0,2961000,3139691.0,3924876,6390281.0,7994136,286051.0,357576,723249.0,904092,1460636.0,1825856,10.007867,0.0,54.954217033898296,57.97964471186436,71.88265744067796,72.90456840677959,100.0,22
00:04:00.078396,2367818.0,2959872,3118185.0,3897992,6392927.0,7991692,285299.0,356636,715880.0,894880,1451010.0,1813824,10.000667,0.0,52.94865265651435,56.01375556683589,69.68570142131979,70.77054081218272,100.0,23
00:04:10.079063,2339694.0,2924716,3089611.0,3862272,6397739.0,7997708,284396.0,355508,715128.0,893940,1444995.0,1806304,10.000667,0.0,52.61134091525418,55.61456988135593,69.24715861016955,70.3526830338982,100.0,24
00:04:20.087119,2367969.0,2960060,2990955.0,3738944,6373780.0,7973644,285299.0,356636,718587.0,898264,1452815.0,1816080,10.008056,0.0,58.793238457627204,61.629797355932176,76.04866196610169,76.81562762711863,100.0,25
00:04:30.087786,2372330.0,2965512,3121644.0,3902316,6414432.0,8018576,286953.0,358704,720542.0,900708,1458530.0,1823224,10.000667,0.0,54.14990271186439,57.36036523728814,71.14940586440683,72.24616208474575,100.0,26
00:04:40.088453,2332626.0,2915880,3105252.0,3881824,6382851.0,7979096,285299.0,356636,709713.0,887172,1434317.0,1792956,10.000667,0.0,50.25978857627121,53.30702954237295,66.67838652542379,67.90244971186432,100.0,27
00:04:50.096686,2376541.0,2970776,3093070.0,3866596,6385990.0,7989060,285148.0,356448,721143.0,901460,1457778.0,1822284,10.008233,0.0,54.70271420338982,57.601023067796625,71.53923030508476,72.57951467796613,100.0,28
00:05:00.097353,2348417.0,2935620,3068105.0,3835388,6379843.0,7975336,286201.0,357764,716331.0,895444,1448454.0,1810628,10.000667,0.0,50.837162622673404,53.87290602368866,67.29532319796951,68.32287624365485,100.0,29
00:05:10.098020,2363607.0,2954608,3058631.0,3823544,6391122.0,7989436,286051.0,357576,719038.0,898828,1441084.0,1801416,10.000667,0.0,57.043919813559256,59.761601762711855,73.97491359322035,74.83999740677974,100.0,30
00:05:20.106431,2349169.0,2936560,3058029.0,3822792,6383171.0,7985676,286502.0,358140,716481.0,895632,1452514.0,1815704,10.008411,0.0,55.6508831016949,58.465336169491536,72.4489483898305,73.46692132203391,100.0,31
00:05:30.107098,2378947.0,2973784,3123599.0,3904760,6389468.0,7987368,286201.0,357764,722497.0,903152,1460335.0,1825480,10.000667,0.0,52.03007576271189,54.861748694915235,68.40908274576276,69.48765683050846,100.0,32
00:05:40.107898,2355486.0,2944456,3169618.0,3962288,6392541.0,7991316,284396.0,355508,719489.0,899392,1439580.0,1799536,10.0008,0.0,49.34586277966106,52.437394881355935,65.62745979661021,66.83076972881355,100.0,33
00:05:50.116498,2355636.0,2944644,3164054.0,3955332,6399280.0,8005980,283795.0,354756,720692.0,900896,1454921.0,1818712,10.0086,0.0,51.458743118644,54.52438367796611,67.90850152542383,69.10986403389825,100.0,34
00:06:00.117165,2358795.0,2948592,3051412.0,3814520,6384354.0,7980976,285600.0,357012,717985.0,897512,1451762.0,1814764,10.000667,0.0,52.693429898477184,55.5710195431472,69.23972989847718,70.10720742808799,100.0,35
00:06:10.118143,2339243.0,2924152,3157287.0,3946872,6384457.0,7981352,284998.0,356260,714376.0,893000,1439881.0,1799912,10.000978,0.0,50.84388489830509,53.71365367796608,67.09605720338989,68.19545781355937,100.0,36
00:06:20.126921,2357140.0,2946524,3113072.0,3891600,6406680.0,8015380,284998.0,356260,720091.0,900144,1453717.0,1817208,10.008778,0.0,54.612341542372896,57.511659830508435,71.41478199999997,72.35302905084744,100.0,37
00:06:30.127588,2355937.0,2945020,3048555.0,3810948,6372474.0,7966124,286803.0,358516,716331.0,895444,1449206.0,1811568,10.000667,0.0,53.269159711864425,56.172375186440725,69.8821858983051,70.82678137288134,100.0,38
00:06:40.128744,2374736.0,2968520,3124351.0,3905700,6391411.0,7990188,287104.0,358892,719940.0,899956,1458681.0,1823412,10.001156,0.0,52.783989372881344,55.51984657627115,69.18685938983054,70.14726079661021,100.0,39
00:06:50.137700,2365863.0,2957428,3059683.0,3824860,6384176.0,7987368,283494.0,354380,718888.0,898640,1450409.0,1813072,10.008956,0.0,57.95036713559318,60.67627393220341,74.95219949152543,75.77518444067788,100.0,40
00:07:00.138367,2364510.0,2955736,3057578.0,3822228,6394280.0,7993384,283344.0,354192,720843.0,901084,1454770.0,1818524,10.000667,0.0,58.50879111675128,61.213831252115114,75.53419409475471,76.23053690355331,100.0,41
00:07:10.139712,2363758.0,2954796,3138488.0,3923372,6415501.0,8020456,284998.0,356260,718737.0,898452,1441987.0,1802544,10.001345,0.0,55.18178528813559,57.941131288135615,71.91649127118654,72.71406828813558,100.0,42
00:07:20.148856,2366014.0,2957616,3164505.0,3955896,6377144.0,7978720,286803.0,358516,720542.0,900708,1459132.0,1823976,10.009144000000001,0.0,50.183087644067754,53.06153993220345,66.38533103389824,67.44267837288146,100.0,43
00:07:30.149523,2376090.0,2970212,3152324.0,3940668,6389017.0,7986804,286803.0,358516,720392.0,900520,1452966.0,1816268,10.000667,0.0,49.59499898305085,52.40931101694913,65.66739705084747,66.66234923728821,100.0,44
00:07:40.151046,2344808.0,2931108,3107658.0,3884832,6382755.0,7979660,285449.0,356824,710917.0,888676,1436272.0,1795400,10.001522999999999,0.0,48.56188432203386,51.42007744067796,64.49548132203391,65.47839032203393,100.0,45
00:07:50.160368,2353380.0,2941824,3165558.0,3957212,6418052.0,8030044,285750.0,357200,717835.0,897324,1448002.0,1810064,10.009322000000001,0.0,55.723180000000006,59.34534,73.34525,76.32608,100.0,46
