delta_t_s,1280x720x30_bitrate,1280x720x30_size_byte,1280x720x59_bitrate,1280x720x59_size_byte,284x160x30_bitrate,284x160x30_size_byte,640x360x30_bitrate,640x360x30_size_byte,852x480x30_bitrate,852x480x30_size_byte,seg_len_s,284x160x30_vmaf_score,640x360x30_vmaf_score,852x480x30_vmaf_score,1280x720x30_vmaf_score,1280x720x59_vmaf_score,segment_mapper
00:00:12.512667,2298371.0,3594748,4355141.0,6811804,287882.0,450260,695725.0,1088144,1417414.0,2216896,12.512667,37.135168751696014,81.22289089552244,79.27215766621444,95.63436590230663,100.0,0
00:00:25.012334,2366820.0,3697960,4360873.0,6813684,287339.0,448944,714738.0,1116720,1450655.0,2266528,12.499667,38.563791370420674,81.10221344640438,79.43688534599725,95.6544532021711,100.0,1
00:00:37.512001,2368986.0,3701344,4359309.0,6811240,287098.0,448568,703067.0,1098484,1440908.0,2251300,12.499667,40.046291329715096,81.26466945725916,79.61829877883311,95.69799635006784,100.0,2
00:00:50.011668,2359360.0,3686304,4360512.0,6813120,287941.0,449884,706316.0,1103560,1446804.0,2260512,12.499667,36.89290407055633,79.79675580732709,78.33473291723205,95.61851974219816,100.0,3
00:01:02.511335,2369588.0,3702284,4359430.0,6811428,289264.0,451952,710407.0,1109952,1446804.0,2260512,12.499667,27.298381519674358,74.9066097693352,74.34171898236102,94.30498108548164,100.0,4
00:01:15.011002,2349974.0,3671640,4360151.0,6812556,288542.0,450824,704390.0,1100552,1433689.0,2240020,12.499667,24.6500917367707,74.1654724966079,73.35476991858887,92.4471611668928,100.0,5
00:01:27.510669,2335174.0,3648516,4359309.0,6811240,287098.0,448568,706677.0,1104124,1440547.0,2250736,12.499667,22.690101926729973,71.12563891451828,70.63345748982356,89.58052108548168,100.0,6
00:01:40.010336,2306296.0,3603396,4370620.0,6828912,289024.0,451576,708722.0,1107320,1434772.0,2241712,12.499667,23.45945108548164,72.72553584803251,72.37296105834461,91.76174246947079,100.0,7
00:01:52.510003,2334813.0,3647952,4351729.0,6799396,288663.0,451012,694403.0,1084948,1437539.0,2246036,12.499667,23.813301085481683,73.71061111261864,73.12820635006787,92.7979459430123,100.0,8
00:02:05.009670,2351659.0,3674272,4361956.0,6815376,288903.0,451388,711730.0,1112020,1442713.0,2254120,12.499667,24.471319036635016,73.44469514246953,72.76044668928084,92.24053146540028,100.0,9
00:02:17.509337,2347688.0,3668068,4362799.0,6816692,288181.0,450260,705594.0,1102432,1446082.0,2259384,12.499667,26.284949538670265,74.423940339213,73.92354347354134,92.71538001356852,100.0,10
00:02:30.009004,2358999.0,3685740,4361716.0,6815000,288302.0,450448,707880.0,1106004,1441390.0,2252052,12.499667,26.589420651289,75.49810972862953,74.47114835820898,93.00499257801901,100.0,11
00:02:42.508671,2361887.0,3690252,4382171.0,6846960,287580.0,449320,700540.0,1094536,1443917.0,2256000,12.499667,25.833879158751703,74.4778498236092,73.53676271370416,92.24200564450472,100.0,12
00:02:55.008338,2315922.0,3618436,4341862.0,6783980,288903.0,451388,699698.0,1093220,1442232.0,2253368,12.499667,19.86944465400272,71.07746516960658,71.11917617367699,92.12518945725908,100.0,13
00:03:07.508005,2316524.0,3619376,4359911.0,6812180,287941.0,449884,712573.0,1113336,1447767.0,2262016,12.499667,24.483082062415214,73.86744706919944,73.9491856309362,94.04698345997292,100.0,14
00:03:20.007672,2361285.0,3689312,4359911.0,6812180,287700.0,449508,705353.0,1102056,1446443.0,2259948,12.499667,27.03632260515604,74.50345362279509,73.89902351424699,93.04412413839887,100.0,15
00:03:32.507339,2341552.0,3658480,4359670.0,6811804,287941.0,449884,711129.0,1111080,1443074.0,2254684,12.499667,28.171696540027124,74.7191240027137,74.1334621438264,93.09005770691992,100.0,16
00:03:45.007006,2350817.0,3672956,4361475.0,6814624,287941.0,449884,710647.0,1110328,1449933.0,2265400,12.499667,27.4174337313433,75.36287613297152,74.4819575305292,93.52755305291714,100.0,17
00:03:57.506673,2355389.0,3680100,4360512.0,6813120,289625.0,452516,707760.0,1105816,1445120.0,2257880,12.499667,24.77969047489828,74.37297199457258,73.80964983717773,94.08852909090912,100.0,18
00:04:10.006340,2370911.0,3704352,4361114.0,6814060,288302.0,450448,701623.0,1096228,1452941.0,2270100,12.499667,20.440643161465395,72.0180097150611,71.40653567164183,92.48433008141123,100.0,19
00:04:22.506007,2339987.0,3656036,4363400.0,6817632,290107.0,453268,706797.0,1104312,1444879.0,2257504,12.499667,22.507784341926754,73.74046325644515,73.18900423337863,94.35316906377213,100.0,20
00:04:35.005674,2357796.0,3683860,4362438.0,6816128,288181.0,450260,708361.0,1106756,1447526.0,2261640,12.499667,22.975665088195385,71.92578213025786,71.70468421981015,91.76308246947085,100.0,21
00:04:47.505341,2335535.0,3649080,4361114.0,6814060,288903.0,451388,698494.0,1091340,1445601.0,2258632,12.499667,25.46817047489822,74.02481705563099,73.20155413839892,92.84448854816827,100.0,22
00:05:00.005008,2333490.0,3645884,4359430.0,6811428,288061.0,450072,715099.0,1117284,1449813.0,2265212,12.499667,22.69016606512889,73.47716744911806,72.94124124830391,93.71482500678431,100.0,23
00:05:12.504675,2343116.0,3660924,4359911.0,6812180,287580.0,449320,703067.0,1098484,1438021.0,2246788,12.499667,21.784470678426032,73.18646092265939,72.57264127544094,93.27199622795109,100.0,24
00:05:25.004342,2371152.0,3704728,4368333.0,6825340,288302.0,450448,701623.0,1096228,1449452.0,2264648,12.499667,23.462712170963343,72.44261028493892,71.89287439620081,91.81368758480323,100.0,25
00:05:37.504009,2323623.0,3630468,4352812.0,6801088,287339.0,448944,707399.0,1105252,1442713.0,2254120,12.499667,23.78327891451832,73.37490279511535,73.20944033921302,93.92515696065136,100.0,26
00:05:50.003676,2350095.0,3671828,4361595.0,6814812,288302.0,450448,705473.0,1102244,1444278.0,2256564,12.499667,22.691489810040697,70.85061313432837,71.32126075983716,90.26442225237446,100.0,27
00:06:02.503343,2368023.0,3699840,4383494.0,6849028,286617.0,447816,718469.0,1122548,1458837.0,2279312,12.499667,32.742664355495265,71.61200128900951,73.7939141383989,88.7346201763908,100.0,28
00:06:15.003010,2318690.0,3622760,4337892.0,6777776,286858.0,448192,701984.0,1096792,1427432.0,2230244,12.499667,24.720110529172306,57.67361587516965,60.385600339213035,72.91069894165538,100.0,29
00:06:25.935677,2445559.0,3342264,4454220.0,6087064,295480.0,403824,729485.0,996964,1497626.0,2046756,10.932667,24.720110529172306,57.67361587516965,60.385600339213035,72.91069894165538,100.0,30
00:06:39.769344,2266328.0,3918860,4285861.0,7411148,283766.0,490680,692129.0,1196808,1411875.0,2441368,13.833667000000002,34.28995069199459,73.15238142469481,75.71484930800544,90.20428405698773,100.0,31
00:06:52.270011,2322114.0,3628400,4361607.0,6815376,288519.0,450824,707462.0,1105440,1449456.0,2264836,12.500667,25.059774884667558,63.028633134328345,68.05113881953872,80.69425198100403,100.0,32
00:07:04.769678,2334747.0,3648140,4360031.0,6812368,285993.0,446876,708304.0,1106756,1442839.0,2254496,12.499667,16.946989484396195,48.50442569877884,52.4837920352781,61.80452473541378,100.0,33
00:07:17.270345,2307435.0,3605464,4358961.0,6811240,286955.0,448380,712877.0,1113900,1456916.0,2276492,12.500667,16.844435169606534,51.785660230664895,57.067802686567106,68.62736474898236,100.0,34
00:07:29.771012,2331258.0,3642688,4361246.0,6814812,288279.0,450448,707583.0,1105628,1449215.0,2264460,12.500667,4.616180814111262,18.062164328358218,21.962018548168235,26.356654708276807,100.0,35
00:07:42.204679,2365505.0,3681416,4376522.0,6802028,290282.0,451764,708854.0,1103184,1447666.0,2252992,12.433667,4.616180814111262,18.062164328358218,21.962018548168235,26.356654708276807,100.0,36
00:07:54.704346,2288772.0,3571248,4349563.0,6796012,289289.0,451388,703885.0,1098296,1440302.0,2247352,12.499667,25.36025620081409,63.873122672998655,69.47594668928082,85.05882896879237,100.0,37
