delta_t_s,1280x720x30_bitrate,1280x720x30_size_byte,1280x720x59_bitrate,1280x720x59_size_byte,1600x900x59_bitrate,1600x900x59_size_byte,284x160x30_bitrate,284x160x30_size_byte,640x360x30_bitrate,640x360x30_size_byte,852x480x30_bitrate,852x480x30_size_byte,seg_len_s,284x160x30_vmaf_score,640x360x30_vmaf_score,852x480x30_vmaf_score,1280x720x30_vmaf_score,1280x720x59_vmaf_score,1600x900x59_vmaf_score,segment_mapper
00:00:10.031667,255005.0,319788,335682.0,420932,8316502.0,10428548,126078.0,158108,186044.0,233308,199687.0,250416,10.031667,17.25679348874599,68.01098069131795,69.98535684887464,83.07389540192925,83.08377183279741,100.0,0
00:00:20.032334,310565.0,388220,386351.0,482972,8362885.0,10454304,131746.0,164688,202130.0,252672,248452.0,310576,10.000667,17.1763927375201,67.4450852818035,69.27582892109507,82.29654096618357,82.40940247987116,100.0,1
00:00:30.033001,255521.0,319412,346348.0,432964,8326491.0,10408808,130242.0,162808,202130.0,252672,204236.0,255304,10.000667,17.072418051529812,67.17284359098217,68.85252429951686,81.67402154589361,81.81495840579706,100.0,2
00:00:40.033668,322146.0,402696,409361.0,511736,8287991.0,10360680,138212.0,172772,238676.0,298356,218975.0,273728,10.000667,16.6840194847021,64.60523599033813,66.26031884057952,79.51962346215788,79.56186114331727,100.0,3
00:00:50.400335,1439098.0,1864772,1897216.0,2458476,8345313.0,10814136,237504.0,307756,535218.0,693532,924336.0,1197748,10.366667,16.58413574879227,68.84641270531414,68.96952241545897,81.34345085346224,81.87966452495984,100.0,4
00:01:00.634002,1748951.0,2237200,2549417.0,3261236,8403215.0,10749464,256757.0,328436,613749.0,785088,1048194.0,1340816,10.233667,13.427023172302727,65.20899655394521,65.56710547504032,79.6433528341385,80.0770384057971,100.0,5
00:01:11.450669,1684253.0,2273672,2504611.0,3386444,8345600.0,11283948,258473.0,348928,629471.0,849760,1161875.0,1568484,10.816667,18.190181529790664,61.22099317230272,62.646923800322064,71.4865068438003,74.53853797101462,100.0,6
00:01:22.667336,1761612.0,2466184,2821575.0,3956084,8368184.0,11732892,274756.0,384648,682326.0,955228,1328125.0,1859320,11.216667,16.431049694041874,56.35210570048314,59.082279855072485,66.58524428341393,71.61317330112723,100.0,7
00:01:33.583003,1889311.0,2578044,2879539.0,3929012,8335219.0,11373060,274999.0,375248,663112.0,904844,1245487.0,1699520,10.915667,11.833026425120773,58.87118727858295,62.1006707246377,72.60564473429945,74.86922772946866,100.0,8
00:01:45.599670,1810840.0,2716412,2834862.0,4258200,8336373.0,12521928,274214.0,411344,685660.0,1028548,1275195.0,1912900,12.016667,15.045821127214177,60.84786317230272,63.647949790660235,73.28285367149743,75.37783595813205,100.0,9
00:01:56.699337,1650337.0,2286268,2794813.0,3877688,8403005.0,11658820,252144.0,349304,634160.0,878524,1193682.0,1653648,11.099667,24.18614003220609,66.32027078905,66.54219426731085,75.73623821256041,77.485414041868,100.0,10
00:02:06.700004,1804769.0,2255812,2871395.0,3589484,8261221.0,10327216,277807.0,347236,694593.0,868184,1227045.0,1533704,10.000667,20.03934078904992,64.56338742351043,66.59259787439608,74.778149967794,78.66531239935597,100.0,11
00:02:18.366671,1895352.0,2763976,2944788.0,4294484,8548434.0,12466468,273950.0,399500,667537.0,973464,1272420.0,1855560,11.666667,17.11730842190016,56.0504876650564,58.53976339774556,66.80313491143323,69.95966057971022,100.0,12
00:02:29.099338,1725439.0,2318416,2786543.0,3738380,8311844.0,11151032,264020.0,354756,652426.0,876644,1278549.0,1717944,10.732667,5.995907922705313,34.320647520128844,40.7251619967794,48.92035628019315,51.51602006441218,100.0,13
00:02:40.549005,2236924.0,3196752,3248077.0,4648676,8566350.0,12260232,288232.0,411908,713148.0,1019148,1388671.0,1984528,11.449667,6.616400787781353,28.71617585209004,33.7756766398714,40.302833633440535,44.755510546623796,100.0,14
00:02:51.798672,1766402.0,2483856,2877604.0,4046512,8089620.0,11375692,268596.0,377692,648162.0,911424,1218512.0,1713432,11.249667,14.13296212560388,53.158026682769716,56.520394315619924,66.58030164251214,70.60577334943638,100.0,15
00:03:01.799339,1850945.0,2313528,2931401.0,3664496,8349651.0,10437760,263367.0,329188,635331.0,794112,1205686.0,1507008,10.000667,20.860114637681146,62.54052334943637,63.851818711755286,74.10552444444436,75.91073869565214,100.0,16
00:03:11.799006,2076109.0,2594964,3040888.0,3800984,8392900.0,10490776,282770.0,353440,713394.0,891684,1385276.0,1731480,9.999667,23.44370431561999,66.71099776167469,66.98453702093403,77.28931930756848,78.85145724637681,100.0,17
00:03:22.248673,2017598.0,2635572,3160371.0,4128104,8647196.0,11295040,289420.0,378068,729668.0,953160,1354276.0,1769080,10.449667,19.249694219001622,55.415027069243145,56.758901111111115,65.67916500805148,68.65841814814812,100.0,18
00:03:33.681340,1689961.0,2415236,2823650.0,4035232,8053534.0,11509172,260591.0,372428,649833.0,928720,1180618.0,1687300,11.432667,19.66766977455716,59.5159598067633,61.285205217391365,69.2088491465379,72.82115784218999,100.0,19
00:03:44.098007,2068644.0,2689152,3056176.0,3979396,8595179.0,11191640,284901.0,370360,699237.0,908980,1318211.0,1713620,10.416667,10.198490869565216,47.813703317230285,50.83914590982287,59.08462700483091,63.152933140096685,100.0,20
00:03:54.098674,1839815.0,2299616,2751986.0,3440212,8141661.0,10177756,271339.0,339152,659999.0,824944,1291871.0,1614732,10.000667,18.925572286634484,58.47020977455714,59.74818534621587,68.5279250402577,72.56564190016107,100.0,21
00:04:04.098341,1970775.0,2463552,2974860.0,3718452,8366128.0,10457312,267251.0,334076,675875.0,844872,1307684.0,1634660,9.999667,18.503990289855086,67.8789714814815,68.67427322061191,79.80173867954909,81.71429367149756,100.0,22
00:04:15.031008,1973312.0,2696860,3046060.0,4162696,8407964.0,11490184,273471.0,373744,697571.0,953348,1332278.0,1820780,10.932667,19.788626441223837,64.30701637681165,65.5108598228663,74.06029359098228,77.10452866344606,100.0,23
00:04:26.281675,1818000.0,2552852,2836977.0,3989736,8369096.0,11769740,273791.0,384460,650271.0,913116,1308976.0,1838076,11.250667,13.530499806763284,47.27354468599036,49.758034524959754,57.52698843800316,63.72663001610311,100.0,24
00:04:36.282342,1889261.0,2361656,2749579.0,3437204,8338522.0,10423848,274019.0,342536,667753.0,834720,1230531.0,1538216,10.000667,18.161712673107786,67.86927442834126,69.35328314009665,81.66847402576457,82.0384318357487,100.0,25
00:04:46.282009,287404.0,359268,354955.0,443680,8379815.0,10474420,130392.0,162996,189648.0,237068,247249.0,309072,9.999667,17.746541207729532,68.52373228663392,70.08134354267385,83.00559117552301,83.01328930756823,100.0,26
00:04:56.281676,206642.0,258312,288326.0,360396,8311079.0,10388504,124376.0,155476,186188.0,232744,165885.0,207364,9.999667,24.073687310788998,67.29051549114352,68.47038386473447,79.6207590982288,80.27622484702077,100.0,27
00:05:06.548343,1282665.0,1648760,1797328.0,2306572,8538813.0,10958144,206659.0,265644,443155.0,569640,822397.0,1057124,10.266667,10.241959855072462,57.23057571658619,61.2487039291465,72.91113014492753,74.84689714975838,100.0,28
00:05:16.549010,2278900.0,2843688,3121343.0,3901940,8479287.0,10599816,291830.0,364156,726488.0,906536,1435348.0,1791076,10.000667,22.49850741157556,65.81395577170419,66.68069546623789,76.01222093247587,79.21543781350485,100.0,29
00:05:28.381677,1781795.0,2635572,2668076.0,3946308,8208997.0,12141792,265763.0,393108,632569.0,935676,1197141.0,1770772,11.832667,37.944026505636074,78.96031853462163,76.32972293075689,85.46469217391305,85.81068439613523,100.0,30
00:05:39.748344,1571307.0,2232500,2274524.0,3231720,8366517.0,11887428,239500.0,340280,565141.0,802948,1024690.0,1455872,11.366667,36.884871046698954,83.296570595813,80.96056032206094,89.34422009661827,89.38781334943626,100.0,31
00:05:50.048011,385795.0,496696,455741.0,586748,8413764.0,10832372,129523.0,166756,206186.0,265456,321253.0,413600,10.299667,46.14082639291481,86.31409518518527,83.68275125603886,90.60299847020916,90.73935307568493,100.0,32
00:06:01.631678,771851.0,1115968,1009100.0,1461136,8417266.0,12187852,161495.0,233496,309988.0,448192,553272.0,799940,11.583667,33.42363447665053,72.1387852012882,73.69531724637693,83.6980759259259,84.77355966183579,100.0,33
00:06:11.631345,2069134.0,2586504,2791968.0,3489844,8434111.0,10542288,281389.0,351748,688658.0,860852,1377918.0,1722456,9.999667,20.879067439613546,68.21153977455711,69.63535418679551,81.39835900161037,82.34981576489534,100.0,34
00:06:21.631012,2009277.0,2511680,2794374.0,3492852,8434261.0,10542476,286352.0,357952,694674.0,868372,1385739.0,1732232,9.999667,56.74259209339799,80.28663879226963,81.14127466988667,87.446235925926,88.05367702093363,100.0,35
00:06:31.630679,713473.0,891872,928450.0,1160524,8396810.0,10495664,159418.0,199280,291315.0,364156,519464.0,649352,9.999667,51.54670711755242,74.77448669887288,78.59557283413832,85.504028679549,87.05995537842199,100.0,36
00:06:41.631346,1011406.0,1264300,1060550.0,1325776,8364539.0,10456372,202431.0,253048,452237.0,565316,679334.0,849196,10.000667,17.22490929146539,62.66436536231885,63.99897636070847,77.05719497584542,79.46985489533002,100.0,37
00:06:51.632013,1294148.0,1617740,1328394.0,1660604,8360027.0,10450732,231457.0,289332,556160.0,695224,857853.0,1072352,10.000667,15.507289114331712,61.36958909822878,63.260955152978966,76.15023578099849,78.84112938808373,100.0,38
00:07:01.631680,1683822.0,2104848,1975569.0,2469380,8569325.0,10711300,254317.0,317908,622033.0,777568,1081490.0,1351908,9.999667,9.242982624798715,39.35582041867958,44.386423107890494,53.73720766505642,60.65782977455719,100.0,39
00:07:11.982347,2364106.0,3058760,3275021.0,4237332,8482158.0,10974500,282908.0,366036,715625.0,925900,1428635.0,1848416,10.350667,12.895330660225445,26.537575684380013,33.80207946859901,37.458223510466965,47.32555091787437,100.0,40
00:07:22.416014,2332234.0,3036764,3381152.0,4409728,8213018.0,10711488,285158.0,371300,713401.0,928908,1449037.0,1886768,10.433667,11.740868599033812,22.35314210950082,26.95500040257648,30.446690531400915,46.290251400966206,100.0,41
00:07:32.465681,2385008.0,2995968,3438213.0,4319112,8511425.0,10692124,286003.0,359268,724362.0,909920,1453514.0,1825856,10.049667,11.740868599033812,22.35314210950082,26.95500040257648,30.446690531400915,46.290251400966206,100.0,42
00:07:42.565348,2364563.0,2985064,3437721.0,4339980,8474798.0,10699080,285034.0,359832,718244.0,906724,1454210.0,1835820,10.099667,2.9073665056360714,21.70043666666669,25.35217368760064,31.300177294686012,45.717486296296336,100.0,43
00:07:53.715015,2384342.0,3318012,3415733.0,4760536,8322022.0,11598472,286407.0,398560,724935.0,1008808,1456085.0,2026264,11.149666999999999,4.567717214170695,15.282975169082132,18.80210550724638,22.174645942028985,41.540887745571645,100.0,44
