delta_t_s,1280x720x30_bitrate,1280x720x30_size_byte,1280x720x59_bitrate,1280x720x59_size_byte,1920x1080x59_bitrate,1920x1080x59_size_byte,284x160x30_bitrate,284x160x30_size_byte,640x360x30_bitrate,640x360x30_size_byte,852x480x30_bitrate,852x480x30_size_byte,seg_len_s,284x160x30_vmaf_score,640x360x30_vmaf_score,852x480x30_vmaf_score,1280x720x30_vmaf_score,1280x720x59_vmaf_score,1920x1080x59_vmaf_score,segment_mapper
00:00:10.030667,2248203.0,2819060,2944375.0,3691756,8420640.0,10558080,277820.0,348364,683232.0,856716,1412942.0,1771712,10.030667,0.09711912013536378,57.67482908629432,57.46867730964463,72.50969639593902,73.98817752961081,100.0,0
00:00:20.031334,2329317.0,2911744,3171724.0,3964920,8445299.0,10557328,280486.0,350620,707909.0,884916,1438678.0,1798408,10.000667,0.09711912013536378,57.67482908629432,57.46867730964463,72.50969639593902,73.98817752961081,100.0,1
00:00:30.032001,2339093.0,2923964,3147662.0,3934840,8448006.0,10560712,281539.0,351936,707157.0,883976,1453116.0,1816456,10.000667,0.037883045685279185,57.80086947546529,57.797951489001726,73.55276431472079,74.62490596610171,100.0,2
00:00:40.031668,2347966.0,2935056,3115038.0,3893668,8444037.0,10554696,284246.0,355320,708661.0,885856,1458380.0,1823036,9.999667,0.022476745762711862,58.079865576271146,57.974838288135615,73.71341179661025,75.0153226903554,100.0,3
00:00:50.032335,2367066.0,2958932,3173980.0,3967740,8449359.0,10562404,281990.0,352500,713473.0,891872,1454319.0,1817960,10.000667,0.03133717428087986,58.34482098138757,58.064726023688706,73.86064441624363,74.94181074450076,100.0,4
00:01:00.032002,2344507.0,2930732,3133989.0,3917356,8447948.0,10559584,281539.0,351936,707458.0,884352,1457327.0,1821720,9.999667,0.035964906937394264,57.97433270727585,57.78936923857865,73.0994293401015,74.38767754237287,100.0,5
00:01:10.032668,2347365.0,2934304,3155933.0,3945180,8446502.0,10558832,284547.0,355696,709713.0,887172,1460335.0,1825480,10.000667,0.005325322033898306,57.484851593220284,57.31289354237293,72.71208837288131,74.18475510998309,100.0,6
00:01:20.032335,2310367.0,2888056,3100148.0,3875056,8445692.0,10556764,287555.0,359456,710315.0,887924,1451161.0,1814012,9.999667,0.010614805414551606,56.879734957698794,57.08633563451775,72.56432368866325,74.14321282571919,100.0,7
00:01:30.033002,2355486.0,2944456,3200749.0,4001204,8260770.0,10326652,285900.0,357388,709713.0,887172,1461388.0,1826796,10.000667,0.030968849407783418,56.975247495769885,56.952005431472045,71.96845062605745,73.46162967796606,100.0,8
00:01:40.033670,2351425.0,2939380,3122697.0,3903632,8442892.0,10554320,289811.0,362276,710014.0,887548,1458530.0,1823224,10.000667,0.0585573220338983,58.021334932203395,57.66594489830511,73.00665066101695,74.24599424703898,100.0,9
00:01:50.034337,2320444.0,2900652,3123750.0,3904948,8445900.0,10558080,285750.0,357200,708661.0,885856,1440182.0,1800288,10.000667,0.01963470389170897,57.191067935702144,57.244681302876494,72.38110769881561,73.99000504230123,100.0,10
00:02:00.035004,2351124.0,2939004,3149466.0,3937096,8445148.0,10557140,286803.0,358516,711669.0,889616,1454018.0,1817584,10.000667,0.060162250423011814,56.59426598984773,56.62230219966162,71.50648969543144,72.89471866101694,100.0,11
00:02:10.035671,2019654.0,2524652,2794696.0,3493604,6822440.0,8528620,257175.0,321480,623537.0,779448,1264370.0,1580516,10.000667,0.05440406779661018,50.645933762711955,49.9944189152543,64.06653150847464,65.23466289340101,100.0,12
00:02:20.036338,2345409.0,2931860,3132021.0,3915288,8373111.0,10467088,283945.0,354944,704149.0,880216,1445446.0,1806868,10.000667,0.06206602368866326,56.718370067681896,56.47156389170897,71.35257742808794,73.15915551607452,100.0,13
00:02:30.037005,2334731.0,2918512,3148564.0,3935968,8457029.0,10571992,286502.0,358140,705653.0,882096,1438227.0,1797844,10.000667,0.015563401015228425,56.01371360406094,56.14687874788494,71.40330267343484,73.16737940677962,100.0,14
00:02:40.037672,2325106.0,2906480,3183454.0,3979584,8431613.0,10540220,287705.0,359644,707157.0,883976,1437926.0,1797468,10.000667,0.09278817258883253,55.79468450084603,55.85633790186122,70.5081254145517,72.8703842978003,100.0,15
00:02:50.038339,2334431.0,2918136,3152925.0,3941420,8444847.0,10556764,285750.0,357200,709112.0,886420,1436723.0,1795964,10.000667,0.03231969491525425,55.942588457627174,55.904177898305065,70.39511727118641,72.71073192893405,100.0,16
00:03:00.039006,2307359.0,2884296,3154579.0,3943488,8445449.0,10557516,287404.0,359268,710315.0,887924,1439881.0,1799912,10.000667,0.03645072758037223,55.4616358714044,55.34030554991538,70.14364526226728,72.42412738983055,100.0,17
00:03:10.038673,2311270.0,2889184,3165122.0,3956272,8448249.0,10559960,287856.0,359832,709563.0,886984,1448153.0,1810252,9.999667,0.05296472081218274,56.002417715736,55.50165397631134,70.37311211505934,72.72606648054132,100.0,18
00:03:20.039340,2286605.0,2858352,3109312.0,3886900,8445599.0,10557704,287104.0,358892,705954.0,882472,1428752.0,1786000,10.000667,0.016862271186440674,56.31072574576263,56.329758203389815,71.07691867796613,73.33177678511005,100.0,19
00:03:30.039007,2297734.0,2872264,3120302.0,3900248,8446895.0,10558268,285750.0,357200,706254.0,882848,1441385.0,1801792,9.999667,0.1067837225042301,56.48827859560064,56.30596275803725,71.13368098138737,73.0682484915255,100.0,20
00:03:40.039674,2323602.0,2904600,3140593.0,3926004,8443945.0,10555636,287104.0,358892,709713.0,887172,1432512.0,1790700,10.000667,0.11526368866328256,56.10213962774964,55.931770270727604,70.54286670050756,72.8811410829103,100.0,21
00:03:50.039341,2309164.0,2886552,3129477.0,3911716,8446444.0,10557704,286051.0,357576,702795.0,878524,1429504.0,1786940,9.999667,0.2032041525423729,56.075871576271155,56.22525584745761,71.09846774576272,73.32480690355328,100.0,22
00:04:00.040008,2336536.0,2920768,3152023.0,3940292,8444396.0,10556200,287705.0,359644,704600.0,880780,1443491.0,1804424,10.000667,0.06533424703891708,56.3286276142132,56.13201642978001,70.88781379018613,72.92122037288128,100.0,23
00:04:10.040675,2275777.0,2844816,3133224.0,3916792,8444095.0,10555824,287104.0,358892,714677.0,893376,1442287.0,1802920,10.000667,0.03481654822335025,55.94117776649743,55.94253203045679,70.99303280879866,73.0073584263959,100.0,24
00:04:20.041342,2341048.0,2926408,3138939.0,3923936,8444998.0,10556952,286803.0,358516,704600.0,880780,1433565.0,1792016,10.000667,0.037640864406779655,55.680620898305094,55.66035377966104,70.13001293220343,72.57242780033847,100.0,25
00:04:30.042009,2348718.0,2935996,3173077.0,3966612,8447404.0,10559960,288457.0,360584,713624.0,892060,1449055.0,1811380,10.000667,0.09705587140439928,55.59347255499152,55.655078934010106,70.15817216582059,72.49907959322023,100.0,26
00:04:40.042676,2345109.0,2931484,3150068.0,3937848,8447103.0,10559584,287705.0,359644,708661.0,885856,1440032.0,1800100,10.000667,0.04407291032148898,54.88650803722509,54.85971385786806,69.38434937394238,72.03368099830789,100.0,27
00:04:50.043343,2307059.0,2883920,3121494.0,3902128,8446802.0,10559208,288307.0,360396,706104.0,882660,1446499.0,1808184,10.000667,0.03307594915254238,55.17297738983052,55.29324832203393,69.82229727118643,72.5656514043993,100.0,28
00:05:00.044010,2335784.0,2919828,3167814.0,3960032,8445599.0,10557704,287856.0,359832,705502.0,881908,1425744.0,1782240,10.000667,0.016091269035533002,53.93982896785109,54.32051580372249,68.80282045685277,71.93054867796606,100.0,29
00:05:10.044677,2312322.0,2890500,3150669.0,3938600,8445750.0,10557892,285148.0,356448,712421.0,890556,1439129.0,1798972,10.000667,0.0394882233502538,55.43410912013535,55.327057918781776,69.81728340101516,72.68353038917093,100.0,30
00:05:20.045344,2313526.0,2892004,3170822.0,3963792,8445299.0,10557328,288006.0,360020,706104.0,882660,1435971.0,1795024,10.000667,0.08899634517766501,55.527419949238606,55.59378556683584,69.96591470389171,72.86854893401015,100.0,31
00:05:30.613011,2321262.0,3065904,3105015.0,4101596,8446461.0,11157424,291083.0,384460,716249.0,946016,1450575.0,1915908,10.567667,0.0,33.6078745854484,35.999356362098105,49.05265634517771,57.22793211505928,100.0,32
00:05:40.612678,2318570.0,2898020,3052620.0,3815648,8458928.0,10573308,288035.0,360020,704821.0,880968,1452660.0,1815704,9.999667,0.0014779357021996616,41.24197648054146,42.78414377326568,56.46626299492386,61.968245651438274,100.0,33
00:05:50.612345,2292320.0,2865496,3062396.0,3827868,8432607.0,10540408,291315.0,364156,703096.0,878900,1439881.0,1799912,9.999667,0.0,39.073672423728794,41.4266857118644,55.63238408474575,61.42638974576274,100.0,34
00:06:00.612012,2305484.0,2881664,3036677.0,3795720,8446745.0,10558080,292096.0,365096,710085.0,887548,1451155.0,1813824,9.999667,0.00044798646362098133,43.013330456852806,44.4526703384095,58.930444179357,63.801521810490684,100.0,35
00:06:10.611679,2306758.0,2883544,3061945.0,3827304,8447046.0,10558456,287856.0,359832,704901.0,881156,1446198.0,1807808,9.999667,0.0005938747884940779,40.48389084602369,41.90410505922164,55.8396341962775,61.71608223350256,100.0,36
00:06:20.611346,2303078.0,2878656,3040286.0,3800232,8447798.0,10559396,288787.0,360960,707077.0,883788,1450704.0,1813260,9.999667,0.0,36.689716677966096,39.614243271186425,54.03251005084746,60.24276340677965,100.0,37
00:06:30.611013,2316765.0,2895764,3033067.0,3791208,8447346.0,10558832,288787.0,360960,702715.0,878336,1444688.0,1805740,9.999667,0.008127952622673434,42.24599184433162,44.06424896785109,58.52869829103214,63.77179494077839,100.0,38
00:06:40.610680,2281720.0,2851960,2962978.0,3703600,8445090.0,10556012,290893.0,363592,705122.0,881344,1447997.0,1809876,9.999667,0.0,38.781014653130256,41.39037416243657,56.2547542301185,62.292756835871394,100.0,39
00:06:50.610347,2271565.0,2839552,2966889.0,3708488,8443887.0,10554508,287555.0,359456,708510.0,885668,1449506.0,1811944,9.999667,0.13533213559322038,43.763604220338955,45.61663101694918,60.299969559321994,64.71825057627117,100.0,40
00:07:00.610014,2262166.0,2827520,2881308.0,3601516,8445542.0,10556576,288787.0,360960,706325.0,882848,1431151.0,1788820,9.999667,0.006715296108291032,43.061820000000026,44.94176326565144,59.25931192893403,64.57742316412859,100.0,41
00:07:10.609681,2296681.0,2870948,3072172.0,3840088,8447346.0,10558832,291465.0,364344,712721.0,890932,1450710.0,1813448,9.999667,0.002649712351945855,42.06858570219968,44.91547096446696,59.99612130287643,64.41386316412864,100.0,42
00:07:20.609348,2293373.0,2866812,2961324.0,3701532,8446294.0,10557516,289059.0,361336,708811.0,886044,1455071.0,1818900,9.999667,0.0,42.29274510169493,44.27033823728807,58.18606218644063,63.22290376271186,100.0,43
00:07:30.609015,2282695.0,2853464,2998023.0,3747404,8446594.0,10557892,288457.0,360584,703698.0,879652,1443039.0,1803860,9.999667,0.007517072758037224,41.43481079526225,43.97079089678506,58.65271642978003,62.83065538071064,100.0,44
00:07:40.608682,2282845.0,2853652,2970498.0,3713000,8445542.0,10556576,289359.0,361712,705051.0,881344,1444995.0,1806304,9.999667,0.0,41.272817614213174,43.522332605752986,58.06905456852786,62.58927052453473,100.0,45
00:07:50.609349,2280065.0,2849892,2968998.0,3711496,8452668.0,10566540,292096.0,365096,717004.0,896196,1450403.0,1812884,10.000667,0.0,28.472235,30.374065,43.47913,48.71987,100.0,46
