delta_t_s,1280x720x29_bitrate,1280x720x29_size_byte,1280x720x59_bitrate,1280x720x59_size_byte,1920x1080x59_bitrate,1920x1080x59_size_byte,284x160x29_bitrate,284x160x29_size_byte,640x360x29_bitrate,640x360x29_size_byte,852x480x29_bitrate,852x480x29_size_byte,seg_len_s,284x160x29_vmaf_score,640x360x29_vmaf_score,852x480x29_vmaf_score,1280x720x29_vmaf_score,1280x720x59_vmaf_score,1920x1080x59_vmaf_score,segment_mapper
00:00:10.029667,2282465.0,2861736,3220436.0,4037488,7412731.0,9293404,288794.0,362088,702193.0,880404,1433325.0,1797092,10.029667,1.2549669491525424,44.03364889830515,49.06571605084743,62.47980883050843,65.22216100000003,100.0,0
00:00:20.029334,2350974.0,2938816,3297930.0,4122276,7406694.0,9258060,289660.0,362088,711969.0,889992,1458831.0,1823600,9.999667,1.4241760169491529,43.79882152542369,48.86103230508471,62.33894698305086,64.3029847288136,100.0,1
00:00:30.029001,2369473.0,2961940,3291312.0,4114004,7367739.0,9209368,287254.0,359080,711217.0,889052,1455823.0,1819840,9.999667,1.604409745762711,46.516012847457645,52.175670593220346,65.81879455932206,67.9623370677966,100.0,2
00:00:40.028668,2364209.0,2955360,3277024.0,4096144,7451515.0,9314084,290412.0,363028,710014.0,887548,1469058.0,1836384,9.999667,1.5571410847457616,45.271541728813546,49.83914876271182,63.317793711864454,64.98563552542369,100.0,3
00:00:50.028335,2404515.0,3005744,3359145.0,4198792,7474376.0,9342660,290563.0,363216,716180.0,895256,1476578.0,1845784,9.999667,1.1832337118644072,49.18330598305087,53.23060718644071,67.13402818644067,68.54475367796607,100.0,4
00:01:00.028002,2330821.0,2913624,3209943.0,4012296,7391202.0,9238696,287404.0,359268,705202.0,881532,1438528.0,1798220,9.999667,0.4424717118644068,47.87547730508477,52.05586725423733,65.96386635593224,67.77097313559324,100.0,5
00:01:10.027669,2360750.0,2951036,3296576.0,4120584,7367589.0,9209180,291014.0,363780,711819.0,889804,1473118.0,1841460,9.999667,0.4162191694915254,43.63108661016953,47.97816008474578,61.301537949152575,65.3592592033898,100.0,6
00:01:20.028336,2340296.0,2925468,3373547.0,4217216,7373018.0,9216888,286502.0,358140,704450.0,880592,1453116.0,1816456,10.000667,0.3736827627118641,44.67652916949153,48.543930322033894,61.789629305084745,67.57285428813567,100.0,7
00:01:30.029003,2344958.0,2931296,3253085.0,4066628,7399938.0,9250540,288006.0,360020,711067.0,888864,1461989.0,1827548,10.000667,0.5552298813559323,46.77955432203392,50.566194711864384,64.20115810169487,67.73530308474578,100.0,8
00:01:40.029670,2361953.0,2952540,3276395.0,4095768,7446408.0,9308632,288457.0,360584,711067.0,888864,1468005.0,1835068,10.000667,0.4676840677966105,41.295037949152544,46.443324152542374,59.75234764406786,64.40360644067799,100.0,9
00:01:50.030337,2377143.0,2971528,3359260.0,4199356,7352866.0,9191696,289359.0,361712,711518.0,889428,1468005.0,1835068,10.000667,0.6026580338983055,36.93648159322032,41.63628144067789,54.091189271186416,61.00634140677974,100.0,10
00:02:00.031004,2373684.0,2967204,3363922.0,4205184,7424151.0,9280808,287705.0,359644,708811.0,886044,1458229.0,1822848,10.000667,0.5786315423728816,40.27932213559324,44.680839881355936,57.64396484745769,63.93186766101692,100.0,11
00:02:10.031670,2338792.0,2923588,3305571.0,4132240,7338278.0,9173460,288006.0,360020,709112.0,886420,1454169.0,1817772,10.000667,0.06884666101694914,38.15741005084743,43.04365230508473,55.8396444576271,62.00660250847461,100.0,12
00:02:20.032338,2336837.0,2921144,3452803.0,4316292,7417684.0,9272724,289510.0,361900,711518.0,889428,1464997.0,1831308,10.000667,0.4341541694915254,36.438442389830506,41.81394889830509,54.25605189830506,59.85123006779657,100.0,13
00:02:30.033005,2420005.0,3025108,3414754.0,4268728,7507918.0,9385524,291916.0,364908,714075.0,892624,1480037.0,1850108,10.000667,0.4508988644067797,40.815180525423706,44.81153135593217,57.344064338983024,65.29780572881367,100.0,14
00:02:40.033672,2314729.0,2893508,3164656.0,3956084,7359934.0,9200532,288006.0,360020,706706.0,883412,1438828.0,1798596,10.000667,0.5711964576271179,41.500152762711856,45.924789406779645,58.919044559322046,63.386773694915206,100.0,15
00:02:50.034339,2356689.0,2945960,3366178.0,4208004,7458139.0,9323296,289209.0,361524,707307.0,884164,1462290.0,1827924,10.000667,0.4834293559322035,41.313395762711885,46.850447305084714,60.033486644067814,64.74848661016951,100.0,16
00:03:00.035006,2370074.0,2962692,3306624.0,4133556,7257970.0,9073068,287705.0,359644,711969.0,889992,1465599.0,1832060,10.000667,0.35496101694915266,41.50658130508477,45.81281100000001,58.90312291525428,66.26821557627125,100.0,17
00:03:10.035673,2373082.0,2966452,3320008.0,4150288,7442198.0,9303368,289510.0,361900,710616.0,888300,1460485.0,1825668,10.000667,0.7663393898305081,44.50484249152542,49.32136255932208,62.567463169491475,67.48730284745767,100.0,18
00:03:20.036340,2400003.0,3000104,3302262.0,4128104,7399788.0,9250352,291014.0,363780,716782.0,896008,1483345.0,1854244,10.000667,0.27541984745762704,42.40863911864413,46.77709783050845,59.66978450847455,64.88791832203398,100.0,19
00:03:30.037007,2310067.0,2887680,3383924.0,4230188,7373469.0,9217452,287705.0,359644,704450.0,880592,1426346.0,1782992,10.000667,0.572195220338983,46.93262149152546,50.59268423728814,63.81319666101694,70.14164632203395,100.0,20
00:03:40.037674,2294275.0,2867940,3197591.0,3997256,7360837.0,9201660,288457.0,360584,706405.0,883036,1445897.0,1807432,10.000667,0.3047893050847456,43.89543683050845,47.89765922033902,61.1440396779661,66.61444161016956,100.0,21
00:03:50.038341,2384662.0,2980928,3312339.0,4140700,7406405.0,9258624,291315.0,364156,716331.0,895444,1473269.0,1841648,10.000667,0.25259662711864395,44.891110118644036,49.02933279661021,62.53397503389832,66.86979340677968,100.0,22
00:04:00.039008,2374135.0,2967768,3305571.0,4132240,7555742.0,9445308,289359.0,361712,711067.0,888864,1460636.0,1825856,10.000667,6.940169728813558,63.56628501694914,65.11351366101694,77.0485266949152,79.18324847198639,100.0,23
00:04:10.039675,1919641.0,2399632,2842370.0,3553200,7296018.0,9120632,286502.0,358140,678431.0,848068,1386942.0,1733736,10.000667,8.139243779661014,67.27103072881353,67.3024172372881,79.62613669491532,80.87191364406779,100.0,24
00:04:20.039342,2029181.0,2536308,2913495.0,3641748,7402784.0,9253172,290893.0,363592,680906.0,851076,1380012.0,1724900,9.999667,7.984068847457618,67.15899611864415,67.38552513559324,79.83480779661022,80.83574762711872,100.0,25
00:04:30.039009,2020758.0,2525780,2927031.0,3658668,7444897.0,9305812,288937.0,361148,688877.0,861040,1404980.0,1756108,9.999667,8.178395254237287,67.46019505084739,67.56531388135589,79.87256777966104,80.96761440677969,100.0,26
00:04:40.038676,2013238.0,2516380,2934552.0,3668068,7421133.0,9276108,293449.0,366788,673987.0,842428,1392195.0,1740128,9.999667,8.404955830508477,67.80589811864398,67.63075893220338,79.97645928813563,81.11305308474566,100.0,27
00:04:50.038343,2036852.0,2545896,2866719.0,3583280,7419629.0,9274228,286079.0,357576,678800.0,848444,1398512.0,1748024,9.999667,8.208020423728819,67.73200811864403,67.60930028813563,79.95972798305084,81.0225313050848,100.0,28
00:05:00.038010,2013238.0,2516380,2987795.0,3734620,7424141.0,9279868,290291.0,362840,677597.0,846940,1390691.0,1738248,9.999667,7.804690644067802,66.8079339491525,67.16595830508479,79.40246311864402,80.62465715254237,100.0,29
00:05:10.037677,2030084.0,2537436,3069916.0,3837268,7431661.0,9289268,287283.0,359080,677597.0,846940,1405280.0,1756484,9.999667,7.821134135593217,66.31278438983058,66.45519738983059,78.72864461016951,80.46725935593214,100.0,30
00:05:20.037344,1999550.0,2499272,2921767.0,3652088,7422787.0,9278176,287734.0,359644,688727.0,860852,1411447.0,1764192,9.999667,8.012943220338988,66.74600749152542,66.84203032203388,79.163295440678,80.55049716949148,100.0,31
00:05:30.037011,2030986.0,2538564,2984636.0,3730672,7432113.0,9289832,290291.0,362840,685869.0,857280,1396707.0,1745768,9.999667,8.185422847457634,67.45012850847459,67.46215733898306,79.8415164915254,80.74934005084755,100.0,32
00:05:40.036678,2061068.0,2576164,2904621.0,3630656,7417824.0,9271972,288937.0,361148,692638.0,865740,1423330.0,1779044,9.999667,8.108308983050849,67.09923777966107,67.05910837288134,79.39966523728823,80.85282959322028,100.0,33
00:05:50.036345,2042718.0,2553228,2948690.0,3685740,7414816.0,9268212,287583.0,359456,683162.0,853896,1413553.0,1766824,9.999667,7.635443118644072,65.96735203389835,66.37627291525429,78.55705088135593,80.44543844067803,100.0,34
00:06:00.036012,2035198.0,2543828,3024494.0,3780492,7430007.0,9287200,289990.0,362464,698955.0,873636,1416411.0,1770396,9.999667,7.23921494915255,66.03078788135595,66.66564435593214,78.87214972881361,80.09220645762706,100.0,35
00:06:10.035679,2055804.0,2569584,3241227.0,4051400,7418275.0,9272536,286380.0,357952,684967.0,856152,1398963.0,1748588,9.999667,8.063728525423736,66.4563380847458,66.86228538983042,79.20604996610167,80.78736854237283,100.0,36
00:06:20.035346,2021059.0,2526156,3047355.0,3809068,7406995.0,9258436,288336.0,360396,700760.0,875892,1427692.0,1784496,9.999667,8.046352661016961,66.06560910169486,66.55114886440681,78.79924752542362,80.6006191355933,100.0,37
00:06:30.035013,2081825.0,2602108,2919511.0,3649268,7421885.0,9277048,285628.0,357012,703166.0,878900,1441680.0,1801980,9.999667,8.680899677966094,68.16532364406785,67.74229030508471,80.15028393220334,81.08842893220344,100.0,38
00:06:40.034680,2027527.0,2534240,3030059.0,3787448,7433917.0,9292088,291193.0,363968,684816.0,855964,1418667.0,1773216,9.999667,8.317512101694906,66.92039405084739,67.28340345762707,79.69862083050845,80.88369993220341,100.0,39
00:06:50.034347,2014240.0,2517884,2924474.0,3655472,7406093.0,9257308,285600.0,357012,701743.0,877208,1411005.0,1763816,9.999667,7.978163050847456,65.85337003389827,66.09411332203389,78.25963674576273,80.32876608474577,100.0,40
00:07:00.034014,2045071.0,2556424,3002234.0,3752668,7433165.0,9291148,288607.0,360772,683846.0,854836,1398523.0,1748212,9.999667,7.9619273050847585,66.46272271186443,66.8028877457627,78.97678523728813,80.4448095254237,100.0,41
00:07:10.033681,2047176.0,2559056,3032916.0,3791020,7437978.0,9297164,292518.0,365660,690313.0,862920,1427549.0,1784496,9.999667,7.9851720677966105,66.60125027118644,67.03807496610175,79.37202352542374,80.5877123728814,100.0,42
00:07:20.033348,2066427.0,2583120,3117595.0,3896864,7467909.0,9334576,286652.0,358328,706254.0,882848,1442137.0,1802732,9.999667,7.841399237288142,65.27838584745763,66.05351815254234,78.12188266101704,80.32941625423723,100.0,43
00:07:30.033015,2056952.0,2571276,3209041.0,4011168,7332244.0,9165000,289811.0,362276,708059.0,885104,1423338.0,1779232,9.999667,8.173580101694911,66.95888481355934,66.93525154237295,79.25257286440674,80.64693915254242,100.0,44
00:07:40.032682,2055899.0,2569960,2988246.0,3735184,7443393.0,9303932,285449.0,356824,685951.0,857468,1412810.0,1766072,9.999667,8.604661423728821,67.92238145762711,67.787291779661,80.22258347457627,81.10705666101687,100.0,45
00:07:50.032349,2038002.0,2547588,2858296.0,3572752,7431060.0,9288516,288307.0,360396,677078.0,846376,1422135.0,1777728,9.999667,9.76375,68.56566,67.43568,79.51026,81.57784000000001,100.0,46
