delta_t_s,1280x720x29_bitrate,1280x720x29_size_byte,1280x720x59_bitrate,1280x720x59_size_byte,1920x1080x59_bitrate,1920x1080x59_size_byte,284x160x29_bitrate,284x160x29_size_byte,640x360x29_bitrate,640x360x29_size_byte,852x480x29_bitrate,852x480x29_size_byte,seg_len_s,284x160x29_vmaf_score,640x360x29_vmaf_score,852x480x29_vmaf_score,1280x720x29_vmaf_score,1280x720x59_vmaf_score,1920x1080x59_vmaf_score,segment_mapper
00:00:10.003667,2328235.0,2911556,3279923.0,4101408,7392156.0,9243584,288642.0,360960,705822.0,882660,1466366.0,1833752,10.003667,0.004029271186440678,39.93259052542373,46.53156283050844,60.32992593220342,65.51864954237286,100.0,0
00:00:20.003334,2363607.0,2954608,3281536.0,4101784,7445499.0,9306564,287555.0,359456,709563.0,886984,1478683.0,1848416,9.999667,0.006071457627118644,44.05598608474575,50.16656505084745,64.51319361016947,67.46918627118639,100.0,1
00:00:30.003001,2350222.0,2937876,3260028.0,4074900,7327280.0,9158796,291315.0,364156,712421.0,890556,1481240.0,1851612,9.999667,0.057387305084745766,37.68317554237292,45.17932647457621,59.04838357627115,63.592263694915296,100.0,2
00:00:40.002668,2405868.0,3007436,3380502.0,4225488,6691218.0,8363744,288758.0,360960,708059.0,885104,1492971.0,1866276,9.999667,1.965405169491525,51.64363105084739,56.116754050847454,67.62561376271192,70.24596861016951,100.0,3
00:00:50.002335,2272317.0,2840492,3206333.0,4007784,7363077.0,9203540,281689.0,352124,691967.0,864988,1424691.0,1780924,9.999667,1.5156534237288135,34.09306762711865,40.70451864406778,50.63031674576272,52.629367627118604,100.0,4
00:01:00.002001,2330671.0,2913436,3238671.0,4048204,7355406.0,9193952,288758.0,360960,700539.0,875704,1467554.0,1834504,9.999667,2.757565305084748,50.449458491525384,54.154395118644075,65.82440877966107,69.47991652542375,100.0,5
00:01:10.001669,2383760.0,2979800,3387872.0,4234700,7510474.0,9387780,289209.0,361524,713473.0,891872,1485902.0,1857440,9.999667,0.27839508474576274,37.45648950847455,45.260347440677954,58.400975118644105,60.92660730508483,100.0,6
00:01:20.002336,2334130.0,2917760,3259552.0,4074712,7230900.0,9039228,286352.0,357952,703998.0,880028,1466651.0,1833376,10.000667,0.006215474576271186,36.79468269491522,44.49484161016952,59.437703898305074,62.85861954237289,100.0,7
00:01:30.003003,2347064.0,2933928,3281208.0,4101784,7328803.0,9161616,288457.0,360584,714526.0,893188,1466952.0,1833752,10.000667,0.032270457627118644,39.22503513559322,46.15269774576267,60.34795667796614,63.21261369491528,100.0,8
00:01:40.003670,2418050.0,3022664,3449795.0,4312532,7593640.0,9492684,289961.0,362464,707758.0,884728,1480939.0,1851236,10.000667,0.03161077966101695,34.45591116949151,42.943226203389884,57.24052661016943,61.8078700169491,100.0,9
00:01:50.004337,2396243.0,2995404,3343469.0,4179616,6307204.0,7884532,295526.0,369420,725806.0,907288,1505604.0,1882068,10.000667,2.8704515593220354,52.886483322033904,56.69822081355938,68.03256323728819,69.54269076271181,100.0,10
00:02:00.005004,2259684.0,2824700,3173529.0,3967176,7332112.0,9165752,281689.0,352124,681740.0,852204,1418675.0,1773404,10.000667,2.14898113559322,38.81563803389835,45.27581196610162,55.368308762711784,55.06273084745764,100.0,11
00:02:10.005671,2358945.0,2948780,3309632.0,4137316,7423700.0,9280244,290111.0,362652,703998.0,880028,1449506.0,1811944,10.000667,1.3317515084745777,48.7317600677966,52.929508593220326,65.24244396610165,68.03921344067795,100.0,12
00:02:20.006338,2354132.0,2942764,3366930.0,4208944,7591685.0,9490240,286652.0,358328,704901.0,881156,1476277.0,1845408,10.000667,0.3898873559322033,38.95788450847458,45.894007169491566,58.32180135593228,62.820551864406845,100.0,13
00:02:30.007005,2315330.0,2894260,3212179.0,4015492,7361889.0,9202976,290262.0,362840,714526.0,893188,1474322.0,1842964,10.000667,0.04109376271186442,39.932562355932156,47.1883330847458,60.567352169491514,63.73081408474576,100.0,14
00:02:40.007672,2360148.0,2950284,3262559.0,4078472,7377981.0,9223092,288457.0,360584,708210.0,885292,1471765.0,1839768,10.000667,0.0018744067796610173,34.738121864406835,42.03851449152543,56.32290891525425,61.04193467796614,100.0,15
00:02:50.008338,2367066.0,2958932,3159994.0,3950256,6872220.0,8590848,287705.0,359644,706706.0,883412,1467103.0,1833940,10.000667,0.9809977796610172,45.212116457627104,50.847193847457675,65.01033720338978,67.84908830508476,100.0,16
00:03:00.009006,2410681.0,3013452,3436711.0,4296176,6912825.0,8641608,290563.0,363216,717233.0,896572,1492219.0,1865336,10.000667,1.7645347796610171,48.00054396610172,53.17784191525428,64.25686918644075,65.48470301694915,100.0,17
00:03:10.009673,2290515.0,2863240,3245114.0,4056664,7348505.0,9186244,287856.0,359832,701592.0,877020,1462591.0,1828300,10.000667,2.077457745762713,39.16751908474575,45.30300113559321,55.43057976271186,59.15942106779663,100.0,18
00:03:20.010340,2371277.0,2964196,3317602.0,4147280,7502805.0,9379132,290563.0,363216,716481.0,895632,1500039.0,1875112,10.000667,1.4712101355932206,49.5921069152543,53.276080203389796,64.48172691525424,67.23951691525428,100.0,19
00:03:30.011007,2273220.0,2841620,3272636.0,4091068,7396028.0,9245652,287856.0,359832,695276.0,869124,1437926.0,1797468,10.000667,0.303544406779661,30.81021271186441,39.28329147457628,52.73225933898304,58.617091847457644,100.0,20
00:03:40.011674,2340296.0,2925468,3312790.0,4141264,7462049.0,9328184,288156.0,360208,710165.0,887736,1472066.0,1840144,10.000667,0.05173077966101696,38.88504847457627,46.38123606779657,59.39110403389828,64.43816032203388,100.0,21
00:03:50.012341,2431285.0,3039208,3351891.0,4190144,7337376.0,9172332,291164.0,363968,713774.0,892248,1490715.0,1863456,10.000667,0.011728796610169493,40.64660830508477,47.735496694915284,62.21436783050846,66.43637679661022,100.0,22
00:04:00.013008,2350372.0,2938064,3293841.0,4117576,7110738.0,8889016,287254.0,359080,705352.0,881720,1464095.0,1830180,10.000667,0.4232279661016949,44.450331677966076,50.546453135593204,64.12304264406782,69.05348254237299,100.0,23
00:04:10.013675,2323452.0,2904412,3246618.0,4058544,6764691.0,8456428,282141.0,352688,704450.0,880592,1466351.0,1833000,10.000667,1.8858870847457625,44.972670508474614,48.83759389830508,59.10554061016944,63.617408101694956,100.0,24
00:04:20.013342,2285781.0,2857036,3218967.0,4023576,7330138.0,9162368,288185.0,360208,695195.0,868936,1457322.0,1821532,9.999667,3.0495104576271213,40.048817576271205,44.66135281355931,54.576910542372886,58.744923644067754,100.0,25
00:04:30.013009,2356624.0,2945584,3270406.0,4087872,7522807.0,9403196,288185.0,360208,715049.0,893752,1484246.0,1855184,9.999667,1.5135706440677963,46.96586081355933,50.72154357627118,61.54525249152543,65.56024349152544,100.0,26
00:04:40.012676,2302777.0,2878280,3294020.0,4117388,7365634.0,9206736,289238.0,361524,703467.0,879276,1457774.0,1822096,9.999667,0.05451057627118644,33.152819101694895,40.85723806779654,54.597565423728845,60.38195547457627,100.0,27
00:04:50.012343,2360234.0,2950096,3263036.0,4078660,7370146.0,9212376,288937.0,361148,706927.0,883600,1487254.0,1858944,9.999667,0.017843830508474576,40.06319322033902,46.89533332203394,61.12100738983045,66.03622245762712,100.0,28
00:05:00.012010,2369108.0,2961188,3318235.0,4147656,7549880.0,9437036,289238.0,361524,710085.0,887548,1474168.0,1842588,9.999667,0.031410508474576285,39.1840462881356,45.979384779661046,59.256859864406756,63.732243949152505,100.0,29
00:05:10.011677,2375726.0,2969460,3399454.0,4249176,6617970.0,8272188,291494.0,364344,716102.0,895068,1468152.0,1835068,9.999667,1.927898033898304,49.300783932203366,52.47328457627118,64.11375896610176,70.27165854237295,100.0,30
00:05:20.011344,2310899.0,2888432,3278528.0,4098024,7434669.0,9293028,283222.0,354004,701361.0,876644,1457322.0,1821532,9.999667,1.1310364067796614,29.47862672881356,35.332772830508475,43.43525094915257,50.55059259322035,100.0,31
00:05:30.011011,2368506.0,2960436,3211447.0,4014176,7422938.0,9278364,288185.0,360208,703768.0,879652,1463339.0,1829052,9.999667,3.3558591355932212,48.49214986440681,52.08456271186439,62.37694228813557,68.33656377966099,100.0,32
00:05:40.010678,2336168.0,2920016,3301239.0,4126412,7388796.0,9235688,289088.0,361336,711589.0,889428,1483945.0,1854808,9.999667,0.2026222372881356,37.53760700000007,43.70267081355933,56.07477377966104,62.98202647457627,100.0,33
00:05:50.010345,2319924.0,2899712,3217313.0,4021508,7417072.0,9271032,289689.0,362088,707980.0,884916,1474619.0,1843152,9.999667,0.05615750847457626,38.965721389830506,45.98883194915253,59.989081372881316,65.943252779661,100.0,34
00:06:00.010012,2399942.0,2999728,3388925.0,4236016,7223651.0,9029264,289689.0,362088,711439.0,889240,1481538.0,1851800,9.999667,0.07492725423728815,40.12325781355932,47.16807677966101,61.41932466101692,66.33031579661021,100.0,35
00:06:10.009679,2365949.0,2957240,3349669.0,4186948,7239143.0,9048628,289990.0,362464,709183.0,886420,1465896.0,1832248,9.999667,0.31331447457627115,40.367818118644024,47.553299186440704,60.589104728813616,66.1913866949153,100.0,36
00:06:20.009346,2390917.0,2988448,3362303.0,4202740,7021206.0,8776216,288636.0,360772,710536.0,888112,1478079.0,1847476,9.999667,1.929636711864408,41.88682357627117,44.77977832203393,54.398724864406795,62.20264023728817,100.0,37
00:06:30.009013,2289391.0,2861548,3131432.0,3914160,7455275.0,9318784,283823.0,354756,696097.0,870064,1448147.0,1810064,9.999667,3.0582659830508483,36.92654791525426,41.187445372881406,50.47133537288129,59.028481542372845,100.0,38
00:06:40.008680,2321578.0,2901780,3371027.0,4213644,7344276.0,9180040,290592.0,363216,709634.0,886984,1485449.0,1856688,9.999667,0.4238365762711864,43.5472078135593,47.09080703389829,58.17031220338986,64.83802923728817,100.0,39
00:06:50.008347,2283747.0,2854780,3224232.0,4030156,7324723.0,9155600,284547.0,355696,687756.0,859724,1433264.0,1791640,9.999667,0.0,35.823189474576246,42.64970005084746,56.04771293220331,63.54551583050844,100.0,40
00:07:00.008014,2417749.0,3022288,3304247.0,4130172,7500096.0,9374808,291164.0,363968,717384.0,896760,1498234.0,1872856,9.999667,0.006769135593220339,34.27223411864409,40.89305662711861,54.01003723728817,61.523368576271174,100.0,41
00:07:10.007681,2307660.0,2884672,3276121.0,4095016,6517801.0,8146980,285750.0,357200,695576.0,869500,1446499.0,1808184,9.999667,1.9650141355932216,48.71544049152542,52.74453637288139,64.69417203389823,70.46173850847455,100.0,42
00:07:20.007348,2360449.0,2950660,3299284.0,4123968,7468511.0,9335328,285750.0,357200,713473.0,891872,1461839.0,1827360,9.999667,0.7109175932203391,29.375223203389808,33.929126288135585,41.7084513898305,50.6429641525424,100.0,43
00:07:30.007015,2325256.0,2906668,3166927.0,3958528,7376463.0,9220272,287104.0,358892,699035.0,873824,1478533.0,1848228,9.999667,2.3202056610169484,44.121663440677956,48.63526779661022,59.54044757627121,66.79971513559325,100.0,44
00:07:40.006682,2299539.0,2874520,3349068.0,4186196,7346532.0,9182860,288607.0,360772,705803.0,882284,1456274.0,1820404,9.999667,0.22158837288135594,39.869102033898265,45.183700559321956,57.540268050847494,63.57130371186447,100.0,45
00:07:50.006349,2371879.0,2964948,3335832.0,4169652,7351345.0,9188876,289660.0,362088,713173.0,891496,1487406.0,1859320,9.999667,0.0051059661016949155,38.50197054237285,44.57091962711864,59.18337808474576,63.9349764067796,100.0,46
