delta_t_s,1280x720x29_bitrate,1280x720x29_size_byte,1280x720x59_bitrate,1280x720x59_size_byte,1920x1080x59_bitrate,1920x1080x59_size_byte,284x160x29_bitrate,284x160x29_size_byte,640x360x29_bitrate,640x360x29_size_byte,852x480x29_bitrate,852x480x29_size_byte,seg_len_s,284x160x29_vmaf_score,640x360x29_vmaf_score,852x480x29_vmaf_score,1280x720x29_vmaf_score,1280x720x59_vmaf_score,1920x1080x59_vmaf_score,segment_mapper
00:00:10.009656,1696134.0,2122144,2084035.0,2607560,4345522.0,5437148,236358.0,295724,555510.0,695036,1092690.0,1367136,10.009656,21.02016736040608,67.65456605752962,68.11158426395941,78.86839974619295,80.78120719120136,100.0,0
00:00:20.016256,1318813.0,1648572,1615489.0,2019496,4350156.0,5441284,215215.0,269028,460058.0,575092,870937.0,1088708,10.0066,21.31247125423729,69.09482283050848,68.2292314406779,79.45391827118641,80.18178464406779,100.0,1
00:00:30.016923,1564258.0,1955388,1733996.0,2167640,4352285.0,5440720,235819.0,294784,583081.0,728876,1063142.0,1328972,10.000667,20.166545576271197,69.34283281355928,68.17199393220339,79.3286822033898,79.47411942372888,100.0,2
00:00:40.017590,1534179.0,1917788,1701963.0,2127596,4350481.0,5438464,235969.0,294972,580825.0,726056,1040432.0,1300584,10.000667,21.67523174576269,70.21761833898303,69.04449623728814,80.13457727118644,80.36413340677974,100.0,3
00:00:50.024368,1554332.0,1942980,1710836.0,2138688,4347072.0,5437524,228750.0,285948,582329.0,727936,1049757.0,1312240,10.006778,22.39548957627121,71.27791469491528,70.03303405084746,81.12784816949156,81.38371599999992,100.0,4
00:01:00.025035,1350396.0,1688052,1529165.0,1911584,4349127.0,5436772,212658.0,265832,529691.0,662136,934855.0,1168608,10.000667,33.13235003384095,74.25141620981374,73.37361517766495,82.99422661590509,82.99933209813854,100.0,5
00:01:10.025702,1905354.0,2381772,2502188.0,3127944,4351984.0,5440344,263792.0,329752,643991.0,805016,1233088.0,1541412,10.000667,12.420447186440684,58.14514649152537,60.11739181355933,71.56290291525413,73.73053454237291,100.0,6
00:01:20.032668,2309014.0,2886364,3149316.0,3936908,4342632.0,5432072,287104.0,358892,718286.0,897888,1443791.0,1804800,10.006967,3.3612451355932222,53.15972466101693,56.31972805084745,69.79769252542373,71.57340150847463,100.0,7
00:01:30.033335,2285101.0,2856472,3123298.0,3904384,4346570.0,5433576,283945.0,354944,720091.0,900144,1447100.0,1808936,10.000667,2.267068305084747,52.87753738983055,55.79878723728816,69.6668688983051,71.08152511864402,100.0,8
00:01:40.034003,2261188.0,2826580,3106906.0,3883892,4350180.0,5438088,285900.0,357388,711819.0,889804,1444092.0,1805176,10.000667,2.97950625423729,54.57863920338989,57.00880149152536,70.70675005084746,72.27127838983046,100.0,9
00:01:50.041148,2297584.0,2872076,3146308.0,3933148,4339398.0,5428124,285900.0,357388,722647.0,903340,1455673.0,1819652,10.007145,4.336403406779662,54.52381898305086,56.911199779661025,70.08713611864414,71.42975288135592,100.0,10
00:02:00.041815,2352628.0,2940884,3288727.0,4111184,4347322.0,5434516,284998.0,356260,716782.0,896008,1447551.0,1809500,10.000667,2.4672318104906936,49.35080189509304,52.61187473773264,65.21915235194591,67.20190526226736,100.0,11
00:02:10.042482,2293373.0,2866812,3186161.0,3982968,4343262.0,5429440,285148.0,356448,714526.0,893188,1443190.0,1804048,10.000667,2.1137757627118643,50.454719220338966,53.69915647457631,66.75635874576264,68.477636440678,100.0,12
00:02:20.050271,2300334.0,2875648,3184208.0,3980712,4353847.0,5446548,288744.0,360960,723817.0,904844,1455003.0,1818900,10.007789,2.4803349830508457,52.10927179661015,55.40174147457628,69.01752337288134,70.92480628813563,100.0,13
00:02:30.050938,2312322.0,2890500,3131871.0,3915100,4329727.0,5412520,280035.0,350056,715128.0,893940,1430857.0,1788632,10.000667,1.5494074237288156,50.13643783050849,53.526808915254314,67.82432047457623,69.32418472881352,100.0,14
00:02:40.051605,2319842.0,2899900,3168566.0,3960972,4346721.0,5433764,282592.0,353252,715579.0,894504,1445747.0,1807244,10.000667,2.5556817288135574,51.52018372881357,54.39040033898304,69.26633801694912,70.67785066101702,100.0,15
00:02:50.059405,2349853.0,2937500,3270135.0,4088060,4341368.0,5430944,284388.0,355508,716461.0,895632,1452773.0,1816080,10.0078,0.4206583050847457,43.087812423728806,47.01887444067791,59.293501915254275,61.561550898305065,100.0,16
00:03:00.060072,2366014.0,2957616,3340913.0,4176420,4361158.0,5451812,287555.0,359456,720692.0,900896,1444844.0,1806116,10.000667,0.10580201353637902,42.008604467005064,45.39005362098143,57.487017783417905,59.76954536379015,100.0,17
00:03:10.060739,2347665.0,2934680,3209923.0,4012672,4330178.0,5413084,284547.0,355696,723399.0,904280,1442739.0,1803484,10.000667,1.5628837796610149,48.26400106779663,51.584238474576274,64.08247447457624,65.96951484745766,100.0,18
00:03:20.068528,2341626.0,2927160,3197409.0,3997068,4341824.0,5431508,284995.0,356260,715722.0,894692,1454756.0,1818524,10.007789,2.4187830508474573,50.535542355932215,53.30498645762711,66.00778476271186,68.07514047457623,100.0,19
00:03:30.069195,2318038.0,2897644,3183154.0,3979208,4345367.0,5432072,283344.0,354192,716632.0,895820,1444694.0,1805928,10.000667,1.9553352542372884,50.371599610169476,53.357977898305094,66.31656605084747,67.94190449152535,100.0,20
00:03:40.069862,2280138.0,2850268,3122697.0,3903632,4349729.0,5437524,285600.0,357012,715128.0,893940,1443190.0,1804048,10.000667,0.8346161864406778,49.044232322033885,52.05248964406778,66.03414210169493,67.98778496610161,100.0,21
00:03:50.077729,2298185.0,2872828,3156685.0,3946120,4335779.0,5423988,283795.0,354756,711969.0,889992,1446499.0,1808184,10.007867,0.9033140847457636,50.529740457627156,53.894869491525405,67.46742098305086,69.34935677966105,100.0,22
00:04:00.078396,2323301.0,2904224,3183755.0,3979960,4347322.0,5434516,287705.0,359644,724452.0,905596,1448303.0,1810440,10.000667,1.2462164297800342,47.57981483925544,50.95822510998313,64.07423822335025,66.01231436548223,100.0,23
00:04:10.079063,2367066.0,2958932,3326626.0,4158560,4381912.0,5477756,284848.0,356072,714376.0,893000,1450860.0,1813636,10.000667,0.5788957627118647,41.21477513559317,44.94134752542371,57.254779101694915,59.37553286440678,100.0,24
00:04:20.087119,2366615.0,2958368,3315346.0,4144460,4309248.0,5390900,284848.0,356072,724603.0,905784,1449807.0,1812320,10.008056,0.456167152542373,39.826697406779644,43.266205525423686,54.978426220339024,57.425565,100.0,25
00:04:30.087786,2354583.0,2943328,3225413.0,4032036,4344766.0,5431320,283795.0,354756,715428.0,894316,1452214.0,1815328,10.000667,1.3826425423728828,45.37805881355936,48.961086186440646,61.204112864406774,63.635751355932186,100.0,26
00:04:40.088453,2302547.0,2878280,3215788.0,4020004,4346871.0,5433952,286953.0,358704,717083.0,896384,1447100.0,1808936,10.000667,0.6095369322033897,46.91384325423735,49.87388999999999,63.1064436101695,65.07255471186448,100.0,27
00:04:50.096686,2295177.0,2869068,3138638.0,3923560,4341181.0,5430944,284246.0,355320,720392.0,900520,1442889.0,1803672,10.008233,0.714917152542373,49.342100457627105,52.32297198305081,65.97513338983038,67.77498416949147,100.0,28
00:05:00.097353,2314428.0,2893132,3172326.0,3965672,4349277.0,5436960,284697.0,355884,712571.0,890744,1444995.0,1806304,10.000667,0.6358720135363791,48.383824280879935,51.42443798646365,64.76948187817261,66.66600808798648,100.0,29
00:05:10.098020,2337589.0,2922084,3186613.0,3983532,4338900.0,5423988,284547.0,355696,716481.0,895632,1449807.0,1812320,10.000667,0.9412407457627116,48.091802203389776,51.17857464406782,64.0482210847458,66.0833971016949,100.0,30
00:05:20.106431,2365713.0,2957240,3282712.0,4103664,4348918.0,5440720,285600.0,357012,722798.0,903528,1454620.0,1818336,10.008411,0.08046886440677965,39.71962252542371,44.07827216949151,55.823075830508486,58.071490661016924,100.0,31
00:05:30.107098,2363607.0,2954608,3283313.0,4104416,4337848.0,5422672,284848.0,356072,715278.0,894128,1446348.0,1807996,10.000667,0.73840779661017,43.442680050847436,46.68278381355934,58.61178796610167,60.71224052542377,100.0,32
00:05:40.107898,2338942.0,2923776,3245716.0,4057416,4403961.0,5505392,284697.0,355884,721595.0,902024,1454620.0,1818336,10.0008,1.1686633728813556,38.79969427118644,41.959541423728794,52.35348393220335,55.655194474576334,100.0,33
00:05:50.116498,2307961.0,2885048,3140142.0,3925440,4322388.0,5407632,284697.0,355884,718737.0,898452,1442739.0,1803484,10.0086,0.0417371186440678,32.583126677966106,35.94444162711865,45.359275372881356,48.51612281355935,100.0,34
00:06:00.117165,2320293.0,2900464,3174431.0,3968304,4311530.0,5389772,282441.0,353064,715579.0,894504,1442287.0,1802920,10.000667,0.07697636209813873,32.82668766497459,36.5256068189509,45.99530878172593,49.17322680203043,100.0,35
00:06:10.118143,2354583.0,2943328,3233685.0,4042376,4342676.0,5428876,284697.0,355884,721143.0,901460,1446198.0,1807808,10.000978,0.0891772542372881,35.2589551016949,37.966609406779696,48.17241635593215,50.592134000000016,100.0,36
00:06:20.126921,2434142.0,3042780,3353696.0,4192400,4493316.0,5621576,289510.0,361900,739341.0,924208,1502445.0,1878120,10.008778,0.3142931355932203,37.721383084745725,40.36796511864413,50.95248113559322,53.179260864406785,100.0,37
00:06:30.127588,2122223.0,2652868,3046299.0,3808128,4195128.0,5244260,274621.0,343288,685801.0,857280,1379122.0,1723960,10.000667,0.4359623389830509,45.47124740677965,49.30326854237282,62.38054174576267,64.44794022033902,100.0,38
00:06:40.128744,2321346.0,2901780,3172927.0,3966424,4344253.0,5430944,284246.0,355320,720542.0,900708,1440032.0,1800100,10.001156,0.5427992542372879,49.03135030508481,52.00637767796612,65.87915140677968,67.29373903389832,100.0,39
00:06:50.137700,2316082.0,2895200,3229323.0,4036924,4340867.0,5430944,284547.0,355696,719339.0,899204,1447702.0,1809688,10.008956,0.2974886949152541,43.857320033898276,47.79711659322033,60.334522220339,62.418036576271284,100.0,40
00:07:00.138367,2333679.0,2917196,3291886.0,4115132,4363715.0,5455008,285750.0,357200,718587.0,898264,1446198.0,1807808,10.000667,0.03527153976311336,36.20527272419624,40.17318998307949,52.13221379018609,54.74272791878173,100.0,41
00:07:10.139712,2364660.0,2955924,3343920.0,4180180,4328080.0,5410828,283945.0,354944,717083.0,896384,1449506.0,1811944,10.001345,0.12744862711864405,37.15606688135594,40.17074979661015,51.906373864406795,54.142060627118596,100.0,42
00:07:20.148856,2364660.0,2955924,3297600.0,4122276,4341687.0,5432072,283494.0,354380,720993.0,901272,1446950.0,1808748,10.009144000000001,0.8458698983050855,42.840171898305066,45.832897745762736,57.82885072881349,59.73411644067801,100.0,43
00:07:30.149523,2411734.0,3014768,3364373.0,4205748,4446730.0,5558784,290111.0,362652,736033.0,920072,1489662.0,1862140,10.000667,2.294315101694914,44.45300150847457,47.39891183050853,59.294299474576206,61.84066399999997,100.0,44
00:07:40.151046,2257278.0,2821692,3113222.0,3891788,4241987.0,5303292,277027.0,346296,702344.0,877960,1402583.0,1753288,10.001522999999999,0.3928557118644067,44.16359116949153,48.07806696610167,61.090662000000016,63.060273779661046,100.0,45
00:07:50.160368,2290666.0,2863428,3176988.0,3971500,4341309.0,5431696,283795.0,354756,713774.0,892248,1451462.0,1814388,10.009322000000001,0.07427,47.876059999999995,50.452690000000004,65.77486,70.56385,100.0,46
