delta_t_s,640x360_size_byte,640x360_bitrate,seg_len_s,426x240_size_byte,426x240_bitrate,1920x1080_size_byte,1920x1080_bitrate,1280x720_size_byte,1280x720_bitrate,960x540_size_byte,960x540_bitrate,426x240_vmaf_score,640x360_vmaf_score,960x540_vmaf_score,1280x720_vmaf_score,1920x1080_vmaf_score
00:00:06.006000,21823,508000.0,6.006,14913,317000.0,62983,4989000.0,44878,2549000.0,33108,1335000.0,39.05800979166666,85.3385385416667,96.82922333333343,100.0,100.0
00:00:12.012000,298448,508000.0,6.006,199407,317000.0,2039272,4989000.0,1338426,2549000.0,619789,1335000.0,67.18974034722223,87.01244805555554,95.77057229166672,99.57599159722224,100.0
00:00:18.018000,408302,508000.0,6.006,256881,317000.0,3761127,4989000.0,2078052,2549000.0,1091839,1335000.0,71.62221499999998,87.02998354166668,97.80862048611114,99.93837270833333,100.0
00:00:24.024000,372039,508000.0,6.006,234299,317000.0,2780779,4989000.0,1502609,2549000.0,853457,1335000.0,35.877661388888896,89.393380625,97.68016763888889,99.96818888888886,100.0
00:00:30.030000,399663,508000.0,6.006,254543,317000.0,4007369,4989000.0,2162863,2549000.0,1033264,1335000.0,24.151234652777774,82.4184836111111,95.4676009722222,99.57449722222222,100.0
00:00:36.036000,360510,508000.0,6.006,237675,317000.0,3427239,4989000.0,1753714,2549000.0,917636,1335000.0,22.81502111111111,80.69853798611113,93.67861979166673,99.53983006944446,100.0
00:00:42.042000,377596,508000.0,6.006,223779,317000.0,4466565,4989000.0,1934479,2549000.0,964321,1335000.0,10.948127777777778,83.85107479166669,96.58229423611118,99.78995729166668,100.0
00:00:48.048000,431296,508000.0,6.006,257874,317000.0,4361233,4989000.0,2230948,2549000.0,1246312,1335000.0,7.806851250000004,86.72842173611109,96.59297506944449,98.58826083333335,100.0
00:00:54.054000,382203,508000.0,6.006,243326,317000.0,3754276,4989000.0,1891264,2549000.0,1115223,1335000.0,5.418933958333334,84.5219884722222,97.44619430555558,99.89517041666667,100.0
00:01:00.060000,437177,508000.0,6.006,268689,317000.0,4116862,4989000.0,2215629,2549000.0,1212767,1335000.0,2.9398843750000005,84.28839416666668,97.65333006944445,99.96114909722223,100.0
00:01:06.066000,398688,508000.0,6.006,236205,317000.0,4201011,4989000.0,1979855,2549000.0,1131669,1335000.0,5.532870694444446,74.71318437500003,92.52085201388893,97.60171756944445,100.0
00:01:12.072000,398353,508000.0,6.006,240405,317000.0,4189652,4989000.0,1913819,2549000.0,1087662,1335000.0,10.288948055555558,91.37133430555551,97.71934673611113,99.81295298611111,100.0
00:01:18.078000,432949,508000.0,6.006,250168,317000.0,3529854,4989000.0,1850955,2549000.0,978882,1335000.0,1.6984979861111116,77.6660861111111,89.27764236111109,99.66823312499999,100.0
00:01:24.084000,385643,508000.0,6.006,236497,317000.0,3804966,4989000.0,2238160,2549000.0,1015897,1335000.0,0.0,78.03912951388888,91.82598763888889,99.72738895833334,100.0
00:01:30.090000,400567,508000.0,6.006,244445,317000.0,4266963,4989000.0,2048567,2549000.0,1141039,1335000.0,1.3968360416666668,86.08184458333335,94.36514979166662,99.34771874999997,100.0
00:01:36.096000,389238,508000.0,6.006,241798,317000.0,4513026,4989000.0,2235037,2549000.0,1017883,1335000.0,0.5090743055555556,86.07557937500002,96.2774390277778,99.80509152777779,100.0
00:01:42.102000,409077,508000.0,6.006,264226,317000.0,3303219,4989000.0,1880205,2549000.0,1023905,1335000.0,5.815280902777777,85.7256177083333,94.96585173611116,99.84232618055555,100.0
00:01:48.108000,398334,508000.0,6.006,239977,317000.0,3610184,4989000.0,2044332,2549000.0,1040114,1335000.0,0.34711270833333335,64.23473222222223,91.65145805555552,97.93629340277775,100.0
00:01:54.114000,394502,508000.0,6.006,240236,317000.0,5004648,4989000.0,2275964,2549000.0,1201251,1335000.0,3.648962708333334,75.5637376388889,93.53861680555559,98.21199381944444,100.0
00:02:00.120000,396205,508000.0,6.006,251652,317000.0,3463246,4989000.0,1785292,2549000.0,1099648,1335000.0,6.074988251748252,85.17699342657343,96.21547258741259,99.63307874125877,100.0
00:02:06.126000,396120,508000.0,6.006,235575,317000.0,3231617,4989000.0,1767823,2549000.0,901563,1335000.0,2.479736319444445,88.28572263888886,97.61299569444449,99.96621673611111,100.0
00:02:12.132000,385470,508000.0,6.006,239395,317000.0,3279627,4989000.0,1673249,2549000.0,903615,1335000.0,5.5155594444444445,90.05513743055558,98.47041965277778,99.92050798611112,100.0
00:02:18.138000,401802,508000.0,6.006,241406,317000.0,4708605,4989000.0,2198020,2549000.0,1071429,1335000.0,1.9498211111111117,78.00650284722225,95.77037361111114,99.64831020833331,100.0
00:02:24.144000,398575,508000.0,6.006,248055,317000.0,4597994,4989000.0,2172951,2549000.0,1108721,1335000.0,30.735944791666682,76.62558486111112,94.79607756944446,99.38716972222223,100.0
00:02:30.150000,345780,508000.0,6.006,205152,317000.0,3713752,4989000.0,1887736,2549000.0,1025413,1335000.0,14.874793194444445,89.46755229166672,98.48702618055555,99.95000381944445,100.0
00:02:36.156000,410334,508000.0,6.006,249327,317000.0,3950550,4989000.0,2027275,2549000.0,1146071,1335000.0,2.3293248611111115,83.94422784722222,96.92182041666666,99.76182625000001,100.0
00:02:42.162000,367844,508000.0,6.006,236840,317000.0,3436134,4989000.0,1861001,2549000.0,978402,1335000.0,1.5916180555555557,89.92752215277774,99.1201241666667,99.98651833333334,100.0
00:02:48.168000,417007,508000.0,6.006,256019,317000.0,3852725,4989000.0,2054033,2549000.0,1124027,1335000.0,4.3761518750000015,90.90595520833334,99.34089881944448,100.0,100.0
00:02:54.174000,400122,508000.0,6.006,244679,317000.0,3162410,4989000.0,1768790,2549000.0,984308,1335000.0,7.245060555555556,82.37337513888896,95.52283937499999,99.4959407638889,100.0
00:03:00.180000,381715,508000.0,6.006,243327,317000.0,3931785,4989000.0,1986926,2549000.0,1002886,1335000.0,14.23688395833333,78.11134770833337,97.4589955555556,99.71615555555559,100.0
00:03:06.186000,394953,508000.0,6.006,246457,317000.0,4587923,4989000.0,2127559,2549000.0,1134983,1335000.0,4.674876713286712,83.26913846153845,97.6062755244755,99.8848702097902,100.0
00:03:12.192000,435990,508000.0,6.006,262618,317000.0,4322857,4989000.0,2218099,2549000.0,1256207,1335000.0,3.4144890277777775,88.19048520833334,98.0744882638889,99.94863458333333,100.0
00:03:18.198000,352063,508000.0,6.006,220040,317000.0,3571650,4989000.0,1689341,2549000.0,938569,1335000.0,3.021575416666666,88.9571803472222,97.80041868055564,99.94068583333336,100.0
00:03:24.204000,373298,508000.0,6.006,236703,317000.0,3492375,4989000.0,1866175,2549000.0,918170,1335000.0,2.1953639583333335,76.77314243055554,94.47920520833333,99.68811986111112,100.0
00:03:30.210000,421378,508000.0,6.006,271938,317000.0,4636068,4989000.0,2242929,2549000.0,1097738,1335000.0,0.2624847222222222,83.29180034722225,96.3566575694444,99.74549722222224,100.0
00:03:36.216000,351389,508000.0,6.006,225750,317000.0,3802437,4989000.0,1803843,2549000.0,962812,1335000.0,1.8442690972222222,88.05037076388885,97.62556347222215,99.93346034722222,100.0
00:03:42.222000,365785,508000.0,6.006,234172,317000.0,2813238,4989000.0,1632643,2549000.0,849925,1335000.0,3.064612430555556,90.57237479166668,97.47870673611112,99.9967682638889,100.0
00:03:48.228000,399866,508000.0,6.006,247335,317000.0,3134363,4989000.0,1539322,2549000.0,813800,1335000.0,0.0,87.06309180555557,97.00287798611112,99.99961875000001,100.0
00:03:54.234000,362854,508000.0,6.006,238890,317000.0,3022060,4989000.0,1507078,2549000.0,806488,1335000.0,0.0545975,80.38041618055554,95.09686131944447,99.34683034722224,100.0
00:04:00.240000,415318,508000.0,6.006,258492,317000.0,4035421,4989000.0,1992375,2549000.0,1012320,1335000.0,5.297811805555557,77.05711208333334,92.86262590277778,99.05175312499999,100.0
00:04:06.246000,385909,508000.0,6.006,243587,317000.0,4189594,4989000.0,2040163,2549000.0,1020215,1335000.0,11.893547342657342,85.16050811188808,96.09479762237761,99.1792725174825,100.0
00:04:12.252000,353002,508000.0,6.006,220715,317000.0,2594298,4989000.0,1478823,2549000.0,826637,1335000.0,0.941657777777778,77.75253326388886,91.67782604166668,99.18842326388892,100.0
00:04:18.258000,356399,508000.0,6.005999999999972,244292,317000.0,3602042,4989000.0,2023209,2549000.0,953127,1335000.0,0.0698411111111111,75.69020756944444,91.75814597222218,98.96510284722218,100.0
00:04:24.264000,400429,508000.0,6.006000000000029,247531,317000.0,4132243,4989000.0,2094560,2549000.0,1052840,1335000.0,1.276778888888889,74.43636590277781,92.55922090277784,98.98757770833336,100.0
00:04:30.270000,386774,508000.0,6.005999999999972,244683,317000.0,3621108,4989000.0,2050487,2549000.0,1008597,1335000.0,6.071623263888889,79.99022465277777,93.71850597222223,99.71221395833332,100.0
00:04:36.276000,380135,508000.0,6.006000000000029,233769,317000.0,3761136,4989000.0,2034567,2549000.0,1021411,1335000.0,5.684888125,77.20730430555551,90.55752527777776,98.98956902777776,100.0
00:04:42.282000,403843,508000.0,6.005999999999972,255084,317000.0,4069189,4989000.0,2150161,2549000.0,1099290,1335000.0,7.235532708333333,72.73340819444446,90.81952298611117,98.16521541666661,100.0
00:04:48.288000,363667,508000.0,6.006000000000029,223087,317000.0,4338089,4989000.0,1901949,2549000.0,1018228,1335000.0,7.437946597222222,67.6548873611111,88.49718097222215,97.4316396527778,100.0
00:04:54.294000,340390,508000.0,6.005999999999972,221381,317000.0,3798284,4989000.0,1909757,2549000.0,920803,1335000.0,9.790495833333333,58.327815694444475,85.09051298611108,96.1671717361111,100.0
00:05:00.300000,365255,508000.0,6.006000000000029,244772,317000.0,4534750,4989000.0,2177725,2549000.0,1035425,1335000.0,19.052199583333334,72.27788993055557,92.59193291666666,98.48554875000005,100.0
00:05:06.306000,412476,508000.0,6.005999999999972,263753,317000.0,4874722,4989000.0,2304609,2549000.0,1212270,1335000.0,26.027217986111097,78.9617428472222,92.26226118055558,99.05453451388887,100.0
00:05:12.312000,392717,508000.0,6.006000000000029,229552,317000.0,3868730,4989000.0,1961261,2549000.0,1115846,1335000.0,50.885676223776215,85.05253951048954,93.87891069930066,99.65373601398602,100.0
00:05:18.151145,295632,508000.0,5.839145833333305,181460,317000.0,3015643,4989000.0,1722677,2549000.0,862329,1335000.0,100.0,100.0,100.0,100.0,100.0
