delta_t_s,640x360_size_byte,640x360_bitrate,seg_len_s,426x240_size_byte,426x240_bitrate,960x540_size_byte,960x540_bitrate,1920x1080_size_byte,1920x1080_bitrate,1280x720_size_byte,1280x720_bitrate,426x240_vmaf_score,640x360_vmaf_score,960x540_vmaf_score,1280x720_vmaf_score,1920x1080_vmaf_score
00:00:06.080000,343411,489000.0,6.08,227396,295000.0,972785,1353000.0,3618675,5116000.0,2039025,2468000.0,32.15045730263158,52.17656921052634,77.4256420394737,90.96595092105262,100.0
00:00:12.160000,281807,489000.0,6.08,149651,295000.0,726179,1353000.0,2820394,5116000.0,1230848,2468000.0,54.135537615894016,84.10826086092716,92.73624390728476,98.39128986754962,100.0
00:00:18.240000,265742,489000.0,6.079999999999998,146534,295000.0,610214,1353000.0,2876308,5116000.0,1192248,2468000.0,33.934467434210525,73.42749322368424,91.69089789473685,97.29815973684212,100.0
00:00:24.320000,354221,489000.0,6.080000000000002,230574,295000.0,980579,1353000.0,3774857,5116000.0,1988568,2468000.0,42.79295225165564,78.43273066225163,92.31349774834433,98.26820927152315,100.0
00:00:30.400000,382174,489000.0,6.079999999999998,242071,295000.0,986430,1353000.0,3989582,5116000.0,1978160,2468000.0,67.70360980132449,85.38658443708607,92.77779980132453,98.44628609271524,100.0
00:00:36.480000,278302,489000.0,6.079999999999998,148310,295000.0,718539,1353000.0,3124625,5116000.0,1256472,2468000.0,20.22099302631579,69.52669960526315,88.20538578947362,96.39719888157893,100.0
00:00:42.560000,338407,489000.0,6.080000000000005,221841,295000.0,956965,1353000.0,4087054,5116000.0,2089646,2468000.0,47.823856490066234,89.02681615894043,96.31923105960257,99.64717125827809,100.0
00:00:48.640000,290393,489000.0,6.079999999999998,158826,295000.0,721892,1353000.0,2645260,5116000.0,1126622,2468000.0,59.33698251655629,86.35875695364237,91.60555562913905,98.9536251655629,100.0
00:00:54.720000,326063,489000.0,6.079999999999998,160127,295000.0,694462,1353000.0,2488763,5116000.0,978533,2468000.0,75.91067052980131,91.07789443708606,94.73167278145698,99.50160708609275,100.0
00:01:00.800000,205573,489000.0,6.079999999999998,96351,295000.0,385838,1353000.0,1838253,5116000.0,664429,2468000.0,72.03425355263154,87.36979111842103,93.01372138157893,99.63422815789468,100.0
00:01:06.880000,175187,489000.0,6.079999999999998,88159,295000.0,367845,1353000.0,1653739,5116000.0,568307,2468000.0,15.754903245033105,82.01387642384104,93.00130920529796,98.36670437086093,100.0
00:01:12.960000,369387,489000.0,6.079999999999998,217167,295000.0,859537,1353000.0,3939599,5116000.0,1723845,2468000.0,13.500919403973509,75.97795993377484,92.6543141059603,98.3500432450331,100.0
00:01:19.040000,359854,489000.0,6.0800000000000125,227816,295000.0,1025498,1353000.0,4691755,5116000.0,2260336,2468000.0,7.713064342105265,63.63460203947371,86.5175192105263,92.32172250000002,100.0
00:01:25.120000,429017,489000.0,6.079999999999998,273715,295000.0,1229638,1353000.0,3824914,5116000.0,2038200,2468000.0,5.6014860927152315,75.33688125827811,92.1736032450331,97.30004523178806,100.0
00:01:31.200000,361154,489000.0,6.079999999999998,208025,295000.0,1046496,1353000.0,4007862,5116000.0,1939328,2468000.0,6.27205178807947,74.32537264900661,91.29389463576155,97.75641019867551,100.0
00:01:37.280000,398810,489000.0,6.079999999999998,243804,295000.0,1076124,1353000.0,4691702,5116000.0,2324789,2468000.0,8.175143618421048,61.077890657894756,88.40436671052635,95.78819835526309,100.0
00:01:43.360000,439012,489000.0,6.079999999999998,269515,295000.0,1281027,1353000.0,4274758,5116000.0,2182430,2468000.0,16.448777086092715,78.01426986754969,92.63058430463573,97.49110059602648,100.0
00:01:49.440000,391739,489000.0,6.079999999999998,238455,295000.0,1201290,1353000.0,4164530,5116000.0,2062190,2468000.0,15.056797814569533,82.46750569536418,93.65031675496685,98.602709602649,100.0
00:01:55.520000,397036,489000.0,6.079999999999998,237331,295000.0,1135567,1353000.0,3974050,5116000.0,1987443,2468000.0,0.5649898013245033,67.95251384105963,89.21321152317887,96.34443854304631,100.0
00:02:01.600000,402777,489000.0,6.079999999999998,246885,295000.0,1203104,1353000.0,4327554,5116000.0,2176605,2468000.0,2.926591249999999,62.69071940789473,85.55630519736843,93.7613049342105,100.0
00:02:07.680000,421383,489000.0,6.0800000000000125,246037,295000.0,1216574,1353000.0,4230818,5116000.0,2097163,2468000.0,3.427997152317883,53.82050708609273,82.0962162251655,91.9316219205298,100.0
00:02:13.760000,411953,489000.0,6.079999999999984,258119,295000.0,1275323,1353000.0,4266690,5116000.0,2139228,2468000.0,1.4555511258278142,56.58827993377485,83.20271887417222,92.40020874172183,100.0
00:02:19.840000,416718,489000.0,6.0800000000000125,246711,295000.0,1166851,1353000.0,4006037,5116000.0,2002753,2468000.0,2.222212697368421,58.95052723684214,85.5012355921053,93.91076434210524,100.0
00:02:25.920000,412084,489000.0,6.079999999999984,253723,295000.0,1199999,1353000.0,4159748,5116000.0,2097165,2468000.0,1.3319021854304633,51.070522052980124,80.85694781456958,91.3879154304636,100.0
00:02:32,416104,489000.0,6.0800000000000125,251274,295000.0,1218605,1353000.0,4118427,5116000.0,2086459,2468000.0,6.805468278145695,56.56141920529801,81.9388037086093,91.77989801324502,100.0
00:02:38.080000,385650,489000.0,6.0800000000000125,227686,295000.0,999218,1353000.0,3722522,5116000.0,1773094,2468000.0,5.362247236842106,82.1799434868421,95.2614445394737,99.77501032894737,100.0
00:02:44.160000,410545,489000.0,6.079999999999984,249058,295000.0,1032304,1353000.0,4064291,5116000.0,1927977,2468000.0,18.225111390728472,69.75445006622515,88.56641629139074,97.13542105960266,100.0
00:02:50.240000,424586,489000.0,6.0800000000000125,266529,295000.0,1187851,1353000.0,4909096,5116000.0,2482840,2468000.0,19.53791900662252,84.39552523178807,95.21088589403968,99.06625496688739,100.0
00:02:56.320000,368638,489000.0,6.079999999999984,219993,295000.0,877546,1353000.0,3694334,5116000.0,1562708,2468000.0,39.821692119205316,83.71595357615894,95.2118469536424,99.67517920529804,100.0
00:03:02.400000,249683,489000.0,6.0800000000000125,162598,295000.0,584114,1353000.0,3021871,5116000.0,1249647,2468000.0,4.774985855263157,87.07244407894737,96.42410276315792,99.8063719736842,100.0
00:03:08.480000,348679,489000.0,6.079999999999984,195743,295000.0,820549,1353000.0,4219505,5116000.0,1563761,2468000.0,0.0,73.96536596026489,90.17374947019869,96.61207086092719,100.0
00:03:14.560000,379238,489000.0,6.0800000000000125,238890,295000.0,1045733,1353000.0,4078362,5116000.0,2167000,2468000.0,9.85039490066225,55.85359370860928,80.7440770860927,93.83966450331124,100.0
00:03:20.640000,345301,489000.0,6.079999999999984,206468,295000.0,939661,1353000.0,3826450,5116000.0,1810485,2468000.0,20.37621684210526,85.58629493421049,97.67869361842114,99.92767164473685,100.0
00:03:26.720000,398284,489000.0,6.0800000000000125,240968,295000.0,1099796,1353000.0,4584028,5116000.0,2191638,2468000.0,0.2638059602649007,72.17161364238412,90.77739966887418,96.36422437086094,100.0
00:03:32.800000,413258,489000.0,6.0800000000000125,250832,295000.0,1211276,1353000.0,4620820,5116000.0,2219327,2468000.0,8.081239999999998,68.78889814569538,88.21640370860925,94.49074066225162,100.0
00:03:38.880000,385402,489000.0,6.079999999999984,232680,295000.0,1143961,1353000.0,3690647,5116000.0,1901863,2468000.0,4.860519276315785,52.95433980263156,82.39194710526313,93.62242565789472,100.0
00:03:44.960000,411217,489000.0,6.0800000000000125,252461,295000.0,1199546,1353000.0,4313184,5116000.0,2187168,2468000.0,2.8695680132450323,46.34083423841059,78.28755072847679,89.3239639735099,100.0
00:03:51.040000,412056,489000.0,6.079999999999984,254209,295000.0,1234190,1353000.0,4384202,5116000.0,2148689,2468000.0,11.853463046357614,67.73962708609272,87.70716993377488,95.08485721854298,100.0
00:03:57.120000,391325,489000.0,6.0800000000000125,239329,295000.0,1128763,1353000.0,4035222,5116000.0,1993867,2468000.0,0.1867603973509934,55.88043662251659,84.15992476821185,93.64889357615893,100.0
00:04:03.200000,422088,489000.0,6.079999999999984,251568,295000.0,1203472,1353000.0,4153272,5116000.0,2117842,2468000.0,1.6170761842105261,65.34832967105265,88.14079809210526,96.12394335526317,100.0
00:04:09.280000,392600,489000.0,6.0800000000000125,244473,295000.0,1154934,1353000.0,3965407,5116000.0,2059691,2468000.0,3.319157350993377,64.26645278145695,86.60065629139073,95.22645675496686,100.0
00:04:15.360000,387524,489000.0,6.0800000000000125,240472,295000.0,1071492,1353000.0,4457383,5116000.0,2092213,2468000.0,1.5602783443708617,51.538549735099345,81.66911649006623,92.68701006622516,100.0
00:04:21.440000,406208,489000.0,6.079999999999984,252520,295000.0,1202783,1353000.0,4361762,5116000.0,2222959,2468000.0,0.6096856578947369,54.665271513157904,82.98445493421049,92.1470167763159,100.0
00:04:27.520000,410001,489000.0,6.079999999999984,258065,295000.0,1187239,1353000.0,4067910,5116000.0,2045036,2468000.0,0.5238766887417219,58.622867748344355,82.48041013245033,92.26184158940396,100.0
00:04:33.600000,402928,489000.0,6.080000000000041,248963,295000.0,1118167,1353000.0,3708761,5116000.0,1905691,2468000.0,5.905476158940398,66.83548490066225,86.48899079470199,95.38667947019873,100.0
00:04:39.680000,406251,489000.0,6.079999999999984,248919,295000.0,1180837,1353000.0,4318683,5116000.0,2157700,2468000.0,3.1820727631578953,61.11711434210527,86.78356269736845,94.68067539473682,100.0
00:04:45.760000,415577,489000.0,6.079999999999984,252913,295000.0,1242365,1353000.0,4413621,5116000.0,2200284,2468000.0,2.1337535099337743,63.017954304635765,85.9019535099338,93.46352887417217,100.0
00:04:51.840000,424765,489000.0,6.079999999999984,245461,295000.0,1179716,1353000.0,4245435,5116000.0,2059203,2468000.0,1.024568344370861,69.63298682119206,89.96810721854304,96.13947251655628,100.0
00:04:57.920000,408576,489000.0,6.080000000000041,253975,295000.0,1183660,1353000.0,4182609,5116000.0,2156336,2468000.0,0.36280450331125835,52.048693708609264,80.63914655629137,91.21074251655628,100.0
00:05:04,402486,489000.0,6.079999999999984,247936,295000.0,1237285,1353000.0,4266131,5116000.0,2109815,2468000.0,0.9293534868421055,50.31213138157893,77.6878432894737,89.76882282894738,100.0
00:05:10.080000,430558,489000.0,6.079999999999984,251909,295000.0,1223357,1353000.0,4243233,5116000.0,2055682,2468000.0,0.3170834437086092,46.21825039735098,76.59790920529798,89.6007090066225,100.0
00:05:16.160000,405731,489000.0,6.080000000000041,251676,295000.0,1211927,1353000.0,4035781,5116000.0,2050776,2468000.0,1.2542865562913907,63.48185099337747,85.86493377483436,93.76264072847685,100.0
00:05:22.240000,390242,489000.0,6.079999999999984,240476,295000.0,1083433,1353000.0,3894653,5116000.0,1989858,2468000.0,0.0,36.70994559210526,63.73226006578947,79.47437934210527,100.0
00:05:28.320000,386376,489000.0,6.079999999999984,252686,295000.0,1144759,1353000.0,4479860,5116000.0,2217262,2468000.0,1.9192856953642392,59.585304437086045,82.43135403973504,91.85542503311257,100.0
00:05:34.400000,407856,489000.0,6.079999999999984,242157,295000.0,1091492,1353000.0,3920105,5116000.0,2001475,2468000.0,4.599236423841059,49.793786821192036,79.38367019867553,91.2397813907285,100.0
00:05:40.480000,424033,489000.0,6.080000000000041,258317,295000.0,1200426,1353000.0,4283951,5116000.0,2096552,2468000.0,0.3724708552631579,69.59455618421053,89.67235243421052,97.18721269736841,100.0
00:05:46.560000,391543,489000.0,6.079999999999984,237794,295000.0,1103771,1353000.0,4260450,5116000.0,2192189,2468000.0,1.9977045033112584,49.05068728476823,76.81765688741717,88.94569735099338,100.0
00:05:52.640000,376416,489000.0,6.079999999999984,236335,295000.0,1043968,1353000.0,3710811,5116000.0,1945266,2468000.0,0.22819139072847686,44.061603178807964,75.57601801324502,87.97056039735101,100.0
00:05:58.720000,404708,489000.0,6.080000000000041,249680,295000.0,1180231,1353000.0,4337479,5116000.0,2138521,2468000.0,2.540866158940398,47.180774635761594,73.81439245033113,87.60711046357615,100.0
00:06:04.800000,413841,489000.0,6.079999999999984,255266,295000.0,1177300,1353000.0,4513817,5116000.0,2170107,2468000.0,3.6107193421052632,49.35579967105263,75.4764744736842,88.75870921052635,100.0
00:06:10.880000,406620,489000.0,6.079999999999984,239038,295000.0,1026140,1353000.0,3735093,5116000.0,1805894,2468000.0,0.46465807947019877,85.19410317880791,95.61271609271525,99.62069298013245,100.0
00:06:16.960000,425275,489000.0,6.079999999999984,240162,295000.0,1133782,1353000.0,4395737,5116000.0,1947873,2468000.0,26.902624768211922,85.29488960264902,96.20121582781456,99.6495182781457,100.0
00:06:23.040000,356536,489000.0,6.080000000000041,196496,295000.0,998258,1353000.0,4208298,5116000.0,1830937,2468000.0,54.71750085526313,91.11264842105263,98.58730986842106,100.0,100.0
00:06:28.080000,65784,489000.0,5.039999999999964,23818,295000.0,181672,1353000.0,1739711,5116000.0,386608,2468000.0,68.16645298013246,91.72025337748337,98.37099562913907,99.95867913907286,100.0
00:06:33.400000,52378,489000.0,5.319999999999993,22560,295000.0,158976,1353000.0,1407910,5116000.0,321656,2468000.0,68.16645298013246,91.72025337748337,98.37099562913907,99.95867913907286,100.0
