delta_t_s,480x270_size_byte,480x270_bitrate,seg_len_s,1920x1080_size_byte,1920x1080_bitrate,1280x720_size_byte,1280x720_bitrate,720x406_size_byte,720x406_bitrate,320x180_size_byte,320x180_bitrate,320x180_vmaf_score,480x270_vmaf_score,720x406_vmaf_score,1280x720_vmaf_score,1920x1080_vmaf_score
00:00:04,259064,518128.0,4.0,1796152,3533413.0,746360,1468249.0,349304,687155.0,186872,373744.0,5.845067049180331,29.38224885245903,66.91134166666667,87.01974274999999,100.0
00:00:08.006178,225976,451255.0,4.006178,1787128,3510328.0,704248,1383304.0,307192,603395.0,156792,313100.0,5.2574726229508215,31.24603057377049,66.75323358333337,86.31534766666667,100.0
00:00:12.018522,259064,516533.0,4.012344,2060856,4041873.0,836600,1640789.0,340280,667377.0,174840,348604.0,4.681907622950818,25.761015983606562,66.39812675,86.33039400000004,100.0
00:00:16.037033,198904,395975.0,4.018511,1720952,3370138.0,586936,1149396.0,259064,507324.0,141752,282198.0,12.619595491803269,34.553901967213115,70.96715524999999,88.44136016666668,100.0
00:00:20.038489,253048,505911.0,4.001456,1940536,3816081.0,710264,1396740.0,298168,586350.0,174840,349552.0,8.04163237704918,26.05049672131149,68.40045125,87.62199700000001,100.0
00:00:24.046111,225976,451092.0,4.007622,1826232,3585866.0,632056,1241062.0,295160,579556.0,156792,312987.0,9.824904754098359,29.435108114754108,70.37446650000003,88.02978733333335,100.0
00:00:28.059900,250040,498362.0,4.013789,1742008,3415320.0,698232,1368929.0,313208,614064.0,177848,354474.0,4.5895502459016395,19.917100983606556,68.97847616666662,87.79991866666673,100.0
00:00:32.079856,304184,605347.0,4.019956,2075896,4063787.0,860664,1684841.0,385400,754461.0,207928,413791.0,0.2601391803278688,13.106963524590158,71.31032616666668,89.36816025000005,100.0
00:00:36.082767,313208,625960.0,4.002911,2199224,4323247.0,953912,1875205.0,412472,810839.0,216952,433588.0,2.5830336885245897,13.749862049180331,70.16948291666667,88.69277791666663,100.0
00:00:40.091845,379384,757049.0,4.009078,2569208,5042921.0,1260728,2474596.0,559864,1098918.0,280120,558971.0,10.121766311475412,11.373071065573768,70.07242983333336,86.27936075000001,100.0
00:00:44.107089,439544,875750.0,4.015244,2803832,5495135.0,1453240,2848156.0,662136,1297698.0,319224,636024.0,18.241028852459014,18.40033008196721,83.55940741666669,95.55392000000002,100.0
00:00:48.128500,394424,784647.0,4.021411,2409784,4715729.0,1275768,2496562.0,583928,1142694.0,298168,593160.0,23.82575475409838,25.969006721311477,80.73141449999996,93.26584066666668,100.0
00:00:52.132856,207928,415403.0,4.004356,1639736,3222258.0,598968,1177036.0,268088,526821.0,150776,301223.0,8.862755409836069,25.719273114754113,68.21480433333333,87.38379208333332,100.0
00:00:56.143378,165816,330761.0,4.010522,1384056,2715706.0,505720,992291.0,228984,449297.0,120696,240758.0,7.667862950819671,28.063713442622944,73.10963783333335,90.07829883333338,100.0
00:01:00.160078,219960,438090.0,4.0167,1218616,2387472.0,574904,1126333.0,265080,519336.0,165816,330253.0,6.282394754098361,10.003769098360653,78.90129200000003,88.71358408333332,100.0
00:01:04.182945,177848,353674.0,4.022867,1275768,2495674.0,556856,1089329.0,241016,471478.0,132728,263947.0,6.719459508196722,8.392144836065572,84.91181650000001,90.95751575000001,100.0
00:01:08.188756,292152,583456.0,4.005811,1916472,3764728.0,917816,1802963.0,400440,786626.0,204920,409245.0,8.932720000000002,15.761825000000005,79.64207658333335,90.32199016666664,100.0
00:01:12.200734,225976,450602.0,4.011978,1760056,3452236.0,671160,1316437.0,304184,596637.0,162808,324643.0,5.893493852459017,19.63208475409836,68.84821499999998,88.05098275000006,100.0
00:01:16.218878,225976,449911.0,4.018144,1745016,3417570.0,671160,1314450.0,301176,589845.0,162808,324145.0,3.9986410655737705,16.64409057377049,69.48037891666668,87.992014,100.0
00:01:20.219967,307192,614216.0,4.001089,2214264,4354762.0,920824,1810971.0,412472,811203.0,207928,415742.0,0.3611616393442624,14.75627491803279,71.91448158333337,89.81608766666663,100.0
00:01:24.227234,280120,559224.0,4.007267,1904440,3739756.0,821560,1613300.0,358328,703650.0,192888,385076.0,11.654847459016395,22.128090245901635,73.49162266666667,88.91526383333334,100.0
00:01:28.240667,171832,342513.0,4.013433,1215608,2383486.0,538808,1056460.0,238008,466670.0,129720,258571.0,13.070896393442617,18.371483852459015,80.29682974999999,89.23684716666662,100.0
00:01:32.260267,198904,395868.0,4.0196,1302840,2550670.0,568888,1113755.0,253048,495411.0,144760,288108.0,6.728423196721312,13.14747672131148,77.27342791666665,87.60897008333332,100.0
00:01:36.262811,280120,559883.0,4.002544,1612664,3170470.0,770424,1514640.0,301176,592106.0,189880,379518.0,14.972859586776861,22.71563966942149,74.9297791666667,86.08147483333333,100.0
00:01:40.271522,201912,402946.0,4.008711,1696888,3331004.0,644088,1264349.0,268088,526258.0,141752,282887.0,8.255297868852459,30.110329262295103,66.85943908333336,86.26543533333333,100.0
00:01:44.286400,228984,456270.0,4.014878,2024760,3968614.0,809528,1586708.0,325240,637484.0,153784,306428.0,0.6405937704918032,18.51467385245902,66.06217174999999,86.45477049999998,100.0
00:01:48.307444,192888,383757.0,4.021044,1835256,3591752.0,689208,1348838.0,277112,542331.0,135736,270051.0,0.8597603278688526,18.838676475409834,66.57661533333335,86.45628299999997,100.0
00:01:52.311444,216952,433470.0,4.004,1877368,3689553.0,695224,1366309.0,298168,585983.0,150776,301250.0,1.137198360655738,4.815427459016393,66.01638074999997,86.10299833333336,100.0
00:01:56.321611,340280,678834.0,4.010167,2307512,4528047.0,1041144,2043044.0,442552,868422.0,222968,444805.0,0.18331688524590165,7.314352704918031,65.21780233333337,86.473407,100.0
00:02:00.337944,292152,581927.0,4.016333,2364664,4633189.0,1008056,1975128.0,412472,808174.0,195896,390198.0,0.29015926229508193,11.241899180327863,66.44399600000001,86.70758550000004,100.0
00:02:04.360444,289144,575053.0,4.0225,2078904,4067144.0,854648,1672023.0,370360,724568.0,195896,389600.0,0.4996187704918032,10.796301229508193,68.068884,87.69864941666668,100.0
00:02:08.365888,207928,415290.0,4.005444,1732984,3404590.0,632056,1241726.0,277112,544409.0,147768,295134.0,0.6370284426229508,13.045502868852457,72.30380316666668,89.36367533333333,100.0
00:02:12.377499,337272,672591.0,4.011611,1934520,3794778.0,956920,1877105.0,439544,862214.0,228984,456642.0,0.06710401639344261,0.2578189344262295,72.26409266666666,86.59797049999997,100.0
00:02:16.395277,400440,797336.0,4.017778,2036792,3989363.0,1182520,2316143.0,547832,1073011.0,283128,563750.0,0.1627517213114754,0.2743273770491803,67.02264275000002,82.14703791666665,100.0
00:02:20.396010,198904,397735.0,4.000733,983992,1935372.0,508728,1000595.0,253048,497709.0,147768,295481.0,1.8864809836065575,3.393224426229509,80.26300966666668,89.42947075000004,100.0
00:02:24.402910,210936,421145.0,4.0069,1173496,2304606.0,586936,1152672.0,295160,579659.0,156792,313043.0,3.395648278688525,8.804726803278689,76.39192825000003,87.97302525000008,100.0
00:02:28.415977,165816,330552.0,4.013067,1522424,2985339.0,499704,979875.0,219960,431322.0,120696,240606.0,5.826066967213116,17.45813163934426,70.91459183333335,88.71260125,100.0
00:02:32.435210,256056,509661.0,4.019233,1784120,3493223.0,767416,1502564.0,349304,683920.0,180856,359981.0,2.7050661475409847,13.509132704918041,71.88537533333334,89.9908634166667,100.0
00:02:36.437388,204920,409616.0,4.002178,1504376,2957843.0,626040,1230894.0,271096,533018.0,147768,295375.0,4.40794606557377,6.285989344262296,74.53082874999998,88.32160525,100.0
00:02:40.445744,171832,342947.0,4.008356,1366008,2681718.0,577912,1134544.0,238008,467252.0,129720,258899.0,0.01596385245901639,0.8000670491803278,77.36508174999999,88.01760733333334,100.0
00:02:44.460266,213944,426340.0,4.014522,1537464,3013757.0,623032,1221275.0,271096,531405.0,153784,306455.0,3.937647131147541,12.895822786885246,74.55241483333333,90.48997583333328,100.0
00:02:48.480955,313208,623192.0,4.020689,2274424,4451628.0,1023096,2002460.0,460600,901511.0,219960,437656.0,3.663503852459017,4.387567377049178,68.43485949999999,86.944173,100.0
00:02:52.484588,403448,806163.0,4.003633,2731640,5368921.0,1344952,2643445.0,589944,1159509.0,301176,601805.0,10.687596967213114,11.722818852459016,58.21075566666669,81.33488675000002,100.0
00:02:56.494388,403448,804923.0,4.0098,2379704,4670130.0,1308856,2568608.0,598968,1175464.0,289144,576874.0,20.71648327868853,22.228568196721305,75.86368666666668,89.5197959166667,100.0
00:03:00.510355,222968,444163.0,4.015967,1910456,3743575.0,779448,1527343.0,328248,643208.0,162808,324321.0,1.3681394262295083,5.215011721311477,63.697437916666686,84.440724,100.0
00:03:04.532487,207928,413567.0,4.022133,1696888,3320070.0,626040,1224887.0,274104,536302.0,147768,293909.0,2.591257377049181,7.132820573770492,69.57839408333331,87.86300933333335,100.0
00:03:08.537577,250040,499444.0,4.005089,2184184,4291384.0,881720,1732363.0,370360,727666.0,168824,337218.0,7.980202809917356,22.66178479338843,74.34919841666664,90.03824641666662,100.0
00:03:12.548833,247032,492677.0,4.011256,2136056,4190478.0,866680,1700238.0,367352,720664.0,162808,324702.0,7.527952786885248,19.670228114754092,74.21161516666666,89.59908624999998,100.0
00:03:16.566255,225976,449992.0,4.017422,2048824,4013279.0,785464,1538583.0,325240,637086.0,150776,300244.0,7.20469909836066,20.22889557377049,73.28710816666666,89.2556286666667,100.0
00:03:20.566622,274104,548157.0,4.000367,2304504,4533041.0,935864,1840877.0,397432,781762.0,177848,355663.0,10.737356721311478,26.13711729508197,73.91677316666666,89.80171000000003,100.0
00:03:24.573155,216952,433196.0,4.006533,2039800,4006284.0,752376,1477709.0,307192,603342.0,138744,277035.0,9.828151475409832,24.749204262295084,73.27982541666665,89.11872066666665,100.0
00:03:28.585855,289144,576457.0,4.0127,2487992,4879172.0,1023096,2006381.0,436536,856085.0,183864,366564.0,5.987141393442622,16.099942622950824,73.50461391666668,89.9269633333333,100.0
00:03:32.604722,319224,635450.0,4.018867,2259384,4424163.0,1038136,2032803.0,445560,872463.0,210936,419891.0,0.14324361344537814,0.20532245901639345,76.01281325,90.7651113333334,100.0
00:03:36.606544,253048,505865.0,4.001822,1263736,2484924.0,656120,1290149.0,331256,651359.0,186872,373573.0,1.7385531967213113,3.4161196721311478,82.37183999999999,91.53631483333335,100.0
00:03:40.614533,247032,493079.0,4.007989,1218616,2392576.0,629048,1235045.0,313208,614938.0,177848,354987.0,1.1775802459016393,3.2837222950819682,79.45873558333334,92.1882160833333,100.0
00:03:44.628689,256056,510306.0,4.014156,1095288,2147190.0,620024,1215488.0,337272,661184.0,183864,366431.0,0.0,0.0,75.99284091666668,89.25857566666664,100.0
00:03:48.649011,292152,581350.0,4.020322,1465272,2868169.0,788472,1543379.0,382392,748506.0,210936,419739.0,0.25203590163934425,1.9089595901639345,72.43143499999998,87.96106200000007,100.0
00:03:52.652278,250040,499671.0,4.003267,2166136,4257830.0,881720,1733138.0,358328,704341.0,168824,337372.0,0.12453024590163932,12.40756090163934,66.04187975,85.96116100000002,100.0
00:03:56.661711,231992,462892.0,4.009433,2021752,3968012.0,800504,1571117.0,322232,632431.0,159800,318848.0,0.0,0.0,66.43946525000003,85.51318824999998,100.0
00:04:00.677322,231992,462180.0,4.015611,1651768,3236953.0,698232,1368318.0,298168,584316.0,159800,318357.0,0.0,0.0,72.38836608333332,86.52856641666668,100.0
00:04:04.699100,192888,383687.0,4.021778,1471288,2878919.0,629048,1230879.0,274104,536348.0,138744,275985.0,0.0,0.0002674590163934426,73.79146383333331,86.77985300000002,100.0
00:04:08.703822,201912,403347.0,4.004722,1462264,2873248.0,632056,1241946.0,271096,532685.0,144760,289178.0,0.36983204918032786,0.8837474590163935,74.87147991666667,87.54904599999999,100.0
00:04:12.714711,225976,450725.0,4.010889,1546488,3034146.0,656120,1287280.0,295160,579091.0,162808,324731.0,2.2992713114754095,9.101800737704922,72.74213583333334,87.42081024999996,100.0
00:04:16.731767,238008,473994.0,4.017056,1708920,3347768.0,695224,1361941.0,322232,631251.0,171832,342204.0,3.595615573770493,22.91885967213116,75.75311191666668,92.10639149999999,100.0
00:04:20.731767,198904,397808.0,4.0,1540472,3030436.0,589944,1160545.0,268088,527386.0,147768,295536.0,4.543056311475411,25.380200573770495,75.0066669166667,91.2368411666667,100.0
00:04:24.737945,207928,415214.0,4.006178,1540472,3025839.0,614008,1206052.0,280120,550219.0,150776,301086.0,3.9344686885245896,22.31972221311477,75.53833999999996,91.68447791666664,100.0
00:04:28.750289,204920,408579.0,4.012344,1573560,3086159.0,614008,1204229.0,277112,543488.0,147768,294626.0,3.5901308196721318,23.03133213114754,75.65414241666669,91.6039220833333,100.0
00:04:32.768800,192888,383998.0,4.018511,1501368,2940127.0,568888,1114052.0,259064,507324.0,141752,282198.0,1.9368268032786888,20.030366393442627,75.45235174999998,91.13415141666664,100.0
00:04:36.770256,186872,373608.0,4.001456,1498360,2946538.0,562872,1106892.0,256056,503536.0,138744,277387.0,2.624398360655739,20.391437049180325,75.24110958333331,91.30670233333338,100.0
00:04:40.777878,225976,451092.0,4.007622,1663800,3266925.0,674168,1323750.0,304184,597275.0,162808,324996.0,1.8224345454545456,18.704271570247933,75.2223105,91.4824765833334,100.0
00:04:44.791667,201912,402436.0,4.013789,1543480,3026093.0,595960,1168418.0,271096,531501.0,147768,294520.0,2.5715144262295087,17.87207614754098,75.1975078333333,91.17790891666665,100.0
00:04:48.811623,204920,407805.0,4.019956,1564536,3062745.0,614008,1201986.0,280120,548364.0,150776,300055.0,0.0,0.0,74.95833600000002,91.21257691666672,100.0
00:04:52.814534,238008,475669.0,4.002911,1729976,3400796.0,668152,1313457.0,295160,580227.0,168824,337402.0,0.0,1.8153868032786888,65.33666491666663,86.20394483333332,100.0
00:04:56.823612,301176,600988.0,4.009078,2136056,4192717.0,878712,1724763.0,397432,780091.0,204920,408911.0,0.08199122950819673,12.227743524590165,71.40483075,89.65802166666667,100.0
00:05:00.838856,271096,540133.0,4.015244,1982648,3885725.0,797496,1562985.0,355320,696379.0,186872,372325.0,0.0,10.134803770491802,71.27447058333335,89.58922749999998,100.0
00:05:04.860267,313208,623080.0,4.021411,2229304,4362546.0,929848,1819628.0,415480,813056.0,210936,419625.0,0.0,0.0,71.43925658333333,90.11565616666671,100.0
00:05:08.864623,195896,391365.0,4.004356,1651768,3245902.0,592952,1165214.0,268088,526821.0,141752,283195.0,10.165465819672132,28.16718647540984,68.45225425000002,87.30032033333333,100.0
00:05:12.875145,171832,342762.0,4.010522,1549496,3040322.0,520760,1021802.0,231992,455199.0,126712,252759.0,3.7510850000000002,11.886649508196722,71.0548715,88.53249241666666,100.0
00:05:16.891845,238008,474036.0,4.0167,1793144,3513069.0,701240,1373846.0,313208,613626.0,168824,336244.0,0.0,0.0,68.616279,87.83879558333335,100.0
00:05:20.914712,274104,545091.0,4.022867,1955576,3825523.0,806520,1577724.0,361336,706850.0,186872,371619.0,0.0,0.02252295081967213,69.01927383333332,83.70078199999999,100.0
00:05:24.920523,334264,667558.0,4.005811,1988664,3906543.0,977976,1921141.0,451576,887078.0,225976,451296.0,0.0,0.02252295081967213,69.01927383333332,83.70078199999999,100.0
00:05:28.932501,241016,480592.0,4.011978,1507384,2956636.0,701240,1375437.0,316216,620237.0,171832,342637.0,22.192332049180333,24.79191967213115,79.88968866666669,88.21448474999998,100.0
00:05:32.950645,144760,288212.0,4.018144,1122360,2198113.0,472632,925637.0,201912,395439.0,114680,228324.0,18.90751491803279,33.204342704918034,79.08129266666666,87.50633524999994,100.0
00:05:36.951734,186872,373642.0,4.001089,1263736,2485372.0,571896,1124740.0,247032,485834.0,141752,283426.0,18.90751491803279,33.204342704918034,79.08129266666666,87.50633524999994,100.0
00:05:40.959001,231992,463142.0,4.007267,1829240,3592085.0,773432,1518791.0,313208,615047.0,159800,319020.0,0.8293120491803277,15.932821967213112,65.66260733333337,86.39728233333331,100.0
00:05:44.972434,186872,372493.0,4.013433,1850296,3627942.0,674168,1321865.0,268088,525649.0,135736,270563.0,0.14510303278688524,16.52784057377049,67.22493733333334,86.65417683333335,100.0
00:05:48.992034,210936,419814.0,4.0196,1886392,3693135.0,713272,1396427.0,295160,577857.0,150776,300081.0,0.10600311475409836,14.705988934426237,66.46177583333335,86.37444616666663,100.0
00:05:52.994578,225976,451664.0,4.002544,2021752,3974730.0,800504,1573777.0,322232,633502.0,156792,313384.0,0.10600311475409836,14.705988934426237,66.46177583333335,86.37444616666663,100.0
00:05:57.003289,228984,456972.0,4.008711,2015736,3956906.0,782456,1535967.0,319224,626639.0,159800,318905.0,0.20139090163934428,15.404801721311472,66.43316491666666,86.53701408333333,100.0
00:06:01.018167,201912,402327.0,4.014878,1883384,3691511.0,713272,1398043.0,289144,566734.0,144760,288447.0,0.3832917213114753,17.013053852459027,67.11013099999998,86.76420158333326,100.0
00:06:05.039211,195896,389741.0,4.021044,1871352,3662395.0,674168,1319404.0,280120,548218.0,138744,276035.0,0.0,0.0,66.58603183333334,86.47991300000004,100.0
00:06:09.043211,207928,415440.0,4.004,1904440,3742757.0,707256,1389955.0,301176,591895.0,150776,301250.0,0.0,0.0,66.58603183333334,86.47991300000004,100.0
00:06:13.053378,238008,474809.0,4.010167,1910456,3748901.0,704248,1381950.0,310200,608707.0,165816,330791.0,1.9935165289256196,6.219203966942147,66.21996766666668,86.24220575,100.0
00:06:17.069711,195896,390198.0,4.016333,1582584,3100825.0,577912,1132328.0,259064,507595.0,138744,276359.0,1.2164234426229508,16.43643508196721,75.41873341666668,91.41373750000005,100.0
00:06:21.092211,201912,401565.0,4.0225,1543480,3019646.0,601976,1177699.0,274104,536253.0,147768,293882.0,1.3320385245901645,16.270568196721317,75.42367383333335,91.6626384166667,100.0
00:06:25.097655,228984,457345.0,4.005444,1702904,3345496.0,695224,1365825.0,313208,615323.0,162808,325173.0,2.829312868852459,20.038131967213108,75.32497475,91.82257758333337,100.0
00:06:29.109266,241016,480636.0,4.011611,1729976,3393542.0,716280,1405063.0,328248,643895.0,171832,342669.0,2.5436863114754096,19.534600163934428,76.3524174166667,91.82965891666666,100.0
00:06:33.127043,186872,372090.0,4.017778,1501368,2940655.0,568888,1114252.0,265080,519199.0,144760,288238.0,5.505284098360657,28.165645081967213,76.08120600000002,91.95664108333332,100.0
00:06:37.127777,195896,391720.0,4.000733,1516408,2982559.0,589944,1160336.0,271096,533207.0,144760,289466.0,3.224949098360655,19.04180204918033,75.85890733333335,91.84648250000001,100.0
00:06:41.134677,210936,421145.0,4.0069,1606648,3155265.0,641080,1259004.0,295160,579659.0,156792,313043.0,0.0,0.0,75.55215241666666,91.73473633333333,100.0
00:06:45.147744,210936,420498.0,4.013067,1585592,3109206.0,629048,1233507.0,286136,561087.0,153784,306566.0,1.9455805737704919,5.328747622950819,70.71517791666669,88.83944174999996,100.0
00:06:49.166977,207928,413866.0,4.019233,1684856,3298868.0,638072,1249314.0,286136,560240.0,150776,300109.0,0.0,0.0,71.68087733333331,88.85120349999997,100.0
00:06:53.169155,144760,289362.0,4.002178,1474296,2898701.0,454584,893784.0,201912,396991.0,111672,223222.0,0.0,0.0,76.41111099999998,87.53372191666661,100.0
00:06:57.177511,244024,487030.0,4.008356,1573560,3089180.0,704248,1382564.0,322232,632599.0,180856,360957.0,0.0,0.728422786885246,81.08090883333334,88.17141916666661,100.0
00:07:01.192033,162808,324438.0,4.014522,1218616,2388747.0,511736,1003111.0,222968,437064.0,129720,258501.0,0.0,0.01385672131147541,80.60170516666668,88.21448425000003,100.0
00:07:05.212722,192888,383790.0,4.020689,1504376,2944448.0,632056,1237095.0,268088,524716.0,141752,282045.0,1.2545531967213117,7.368198606557373,69.96773075630253,87.77285697478995,100.0
00:07:09.216355,292152,583773.0,4.003633,2048824,4026875.0,863672,1697510.0,370360,727926.0,204920,409468.0,0.0,0.09414655737704918,71.20070641666668,89.509623,100.0
00:07:13.226155,295160,588877.0,4.0098,2060856,4044396.0,854648,1677232.0,379384,744534.0,201912,402837.0,0.4659558196721311,2.2458412295081964,70.67851291666669,88.90206233333333,100.0
00:07:17.242122,289144,575988.0,4.015967,2057848,4032392.0,851640,1668804.0,379384,743410.0,192888,384242.0,4.681665491803279,16.48289196721311,73.58542216666662,89.37976108333336,100.0
00:07:21.264255,222968,443482.0,4.022133,2030776,3973343.0,758392,1483842.0,316216,618696.0,144760,287926.0,5.3905221311475415,16.661007540983608,73.61190591666669,89.16217258333329,100.0
00:07:25.269344,228984,457386.0,4.005089,2099960,4125905.0,803512,1578703.0,331256,650836.0,153784,307177.0,0.0,0.0,73.56832150000001,89.65572966666672,100.0
00:07:29.280600,280120,558667.0,4.011256,2460920,4827791.0,1005048,1971686.0,421496,826883.0,180856,360696.0,0.0,0.0,74.80185758333333,89.53193900000001,100.0
00:07:33.298022,228984,455981.0,4.017422,1540472,3017509.0,668152,1308790.0,304184,595842.0,165816,330193.0,0.0,0.0,77.10788791666666,90.89687941666666,100.0
00:07:37.298389,144760,289493.0,4.000367,469624,923767.0,265080,521421.0,168824,332082.0,120696,241369.0,0.0426727868852459,0.22490188524590163,71.42142258333335,88.41568016666663,100.0
00:07:41.304922,235000,469233.0,4.006533,1035128,2033051.0,550840,1081881.0,304184,597434.0,171832,343103.0,0.0,0.0,71.75654008333335,88.13962175000002,100.0
00:07:45.317622,250040,498497.0,4.0127,1023096,2006381.0,586936,1151033.0,331256,649622.0,180856,360567.0,1.8838830327868852,2.2060368852459016,73.05626008333334,88.0646053333333,100.0
00:07:49.336489,244024,485756.0,4.018867,980984,1920892.0,547832,1072725.0,319224,625081.0,180856,360013.0,1.5999913114754098,6.603322131147539,69.73517474999998,87.93887891666664,100.0
00:07:53.338311,295160,590051.0,4.001822,2169144,4265257.0,980984,1928940.0,415480,816971.0,201912,403640.0,9.522608442622948,28.71130188524589,70.53250949999999,88.35374616666668,100.0
00:07:57.346300,216952,433039.0,4.007989,1711928,3361123.0,620024,1217327.0,280120,549975.0,156792,312958.0,17.8816,45.65603,68.50375,86.87448,100.0
