delta_t_s,480x270_size_byte,480x270_bitrate,seg_len_s,1920x1080_size_byte,1920x1080_bitrate,1280x720_size_byte,1280x720_bitrate,720x406_size_byte,720x406_bitrate,320x180_size_byte,320x180_bitrate,320x180_vmaf_score,480x270_vmaf_score,720x406_vmaf_score,1280x720_vmaf_score,1920x1080_vmaf_score
00:00:04,180856,361712.0,4.0,325240,639816.0,225976,444542.0,165816,326195.0,132728,265456.0,18.157100737704916,35.091784836065585,74.75547591666665,89.44369475000005,100.0
00:00:08.006178,253048,505315.0,4.006178,598968,1176510.0,340280,668387.0,222968,437960.0,168824,337127.0,11.812134380165288,33.80548471074381,73.04168749999998,89.99873575000001,100.0
00:00:12.018522,228984,456559.0,4.012344,917816,1800075.0,481656,944652.0,247032,484493.0,159800,318616.0,19.218356475409838,35.630705163934415,73.21708361344538,89.96139537815127,100.0
00:00:16.037033,244024,485799.0,4.018511,1287800,2521897.0,638072,1249535.0,310200,607464.0,168824,336092.0,22.127035163934426,33.96307967213113,72.89386949579831,88.8232554621849,100.0
00:00:20.038489,195896,391649.0,4.001456,908792,1787147.0,466616,917604.0,231992,456214.0,144760,289414.0,0.0,0.13203884297520663,80.92850258333334,93.19483124999995,100.0
00:00:24.046111,262072,523147.0,4.007622,971960,1908475.0,481656,945747.0,259064,508680.0,186872,373033.0,8.31262270491803,21.034235,71.15085210084032,88.67179126050421,100.0
00:00:28.059900,265080,528338.0,4.013789,1353976,2654558.0,767416,1504569.0,367352,720217.0,159800,318502.0,9.12946743801653,19.080723057851237,74.53406958333332,90.68974100000005,100.0
00:00:32.079856,265080,527528.0,4.019956,1429176,2797764.0,848632,1661287.0,403448,789792.0,171832,341957.0,2.7375533606557374,3.768970901639343,75.6800443697479,90.64871285714285,100.0
00:00:36.082767,316216,631972.0,4.002911,1353976,2661653.0,710264,1396241.0,400440,787187.0,228984,457634.0,5.959865950413223,7.457903471074379,71.81796524999999,86.46566341666676,100.0
00:00:40.091845,244024,486942.0,4.009078,1396088,2740285.0,623032,1222906.0,307192,602966.0,180856,360892.0,2.1188614754098363,6.754282459016393,68.21116865546219,86.37965378151262,100.0
00:00:44.107089,189880,378318.0,4.015244,1432184,2806889.0,487672,955771.0,235000,460568.0,138744,276434.0,16.504288925619832,25.136221487603308,71.3378425833333,88.36002091666668,100.0
00:00:48.128500,207928,413641.0,4.021411,1128376,2208130.0,511736,1001421.0,244024,477532.0,150776,299946.0,8.725623442622949,16.267297704918036,67.24024277310922,84.90235722689074,100.0
00:00:52.132856,225976,451460.0,4.004356,1447224,2843951.0,692216,1360279.0,313208,615487.0,153784,307233.0,2.184496694214876,5.541005702479338,64.80039691666666,84.9758670833333,100.0
00:00:56.143378,222968,444766.0,4.010522,1603640,3146560.0,731320,1434949.0,316216,620458.0,150776,300760.0,14.05345581967213,19.627993278688535,72.48595483333332,88.98404374999997,100.0
00:01:00.160078,274104,545928.0,4.0167,1125368,2204784.0,586936,1149905.0,286136,560588.0,198904,396154.0,11.451479669421486,21.164228760330573,68.9426242857143,86.6909337815126,100.0
00:01:04.182945,153784,305819.0,4.022867,920824,1801327.0,424504,830420.0,201912,394982.0,117688,234038.0,38.375445737704915,45.90728631147541,71.87789916666664,89.16768583333334,100.0
00:01:08.188756,171832,343165.0,4.005811,899768,1767509.0,439544,863442.0,219960,432090.0,132728,265070.0,5.861086198347106,9.230996033057846,68.72252352941179,86.35327697478992,100.0
00:01:12.200734,343288,684526.0,4.011978,1778104,3487636.0,911800,1788437.0,436536,856237.0,219960,438606.0,2.1582913114754096,4.890327295081968,69.68043333333331,86.27065183333335,100.0
00:01:16.218878,213944,425955.0,4.018144,1056184,2068509.0,559864,1096479.0,274104,536825.0,147768,294201.0,0.3248355371900826,0.48756528925619835,74.73910487394956,87.51533411764704,100.0
00:01:20.219967,174840,349584.0,4.001089,965944,1899708.0,481656,947266.0,225976,444423.0,135736,271398.0,23.94038377049181,31.808126393442624,71.65406858333331,87.85995541666665,100.0
00:01:24.227234,195896,391081.0,4.007267,1305848,2564298.0,604984,1188009.0,265080,520538.0,144760,288994.0,10.50550066115703,14.897147272727269,74.11459974789916,89.28855302521004,100.0
00:01:28.240667,207928,414464.0,4.013433,890744,1746514.0,457592,897217.0,244024,478466.0,150776,300542.0,1.2820020491803281,2.3549567213114746,69.62328191666668,85.99846224999997,100.0
00:01:32.260267,247032,491654.0,4.0196,1341944,2627227.0,644088,1260980.0,316216,619080.0,168824,336001.0,9.413895289256198,12.013626942148761,74.22177840336134,89.68351697478992,100.0
00:01:36.262811,304184,607981.0,4.002544,1369016,2691462.0,782456,1538295.0,373368,734035.0,210936,421603.0,5.038888770491804,6.029760327868852,75.75859758333331,89.6744565,100.0
00:01:40.271522,298168,595040.0,4.008711,1296824,2545676.0,734328,1441491.0,364344,715210.0,213944,426958.0,2.155800909090909,3.388708016528927,73.06879302521007,87.2621800840336,100.0
00:01:44.286400,250040,498226.0,4.014878,1263736,2476975.0,671160,1315501.0,313208,613900.0,168824,336396.0,1.9092405737704914,5.456550081967214,65.769053,82.75715466666665,100.0
00:01:48.307444,219960,437617.0,4.021044,1326904,2596864.0,644088,1260535.0,292152,571766.0,147768,293989.0,13.977474462809916,20.641627520661157,65.30618841666663,84.93879633333334,100.0
00:01:52.311444,228984,457510.0,4.004,1402104,2755526.0,668152,1313105.0,307192,603718.0,156792,313270.0,2.6464104918032785,3.9003337704918035,61.946430588235295,83.05381605042018,100.0
00:01:56.321611,367352,732841.0,4.010167,2048824,4020421.0,1050168,2060752.0,463608,909741.0,241016,480809.0,18.621189421487603,31.097290413223142,62.89652000000002,84.17664716666665,100.0
00:02:00.337944,180856,360241.0,4.016333,1035128,2028171.0,505720,990879.0,238008,466339.0,126712,252393.0,8.90553918032787,12.328267459016391,63.36558890756304,84.30945865546221,100.0
00:02:04.360444,316216,628894.0,4.0225,1387064,2713636.0,728312,1424861.0,337272,659835.0,207928,413529.0,2.028319752066115,3.387071652892561,67.5979498333333,86.22494699999999,100.0
00:02:08.365888,379384,757736.0,4.005444,2133048,4190549.0,996024,1956771.0,427512,839882.0,225976,451337.0,2.333440655737705,3.189072213114754,66.24532823529411,84.4517697478991,100.0
00:02:12.377499,379384,756571.0,4.011611,1714936,3364039.0,866680,1700090.0,421496,826811.0,241016,480636.0,1.0349635537190083,2.201232396694215,69.31776191666667,87.58466808333331,100.0
00:02:16.395277,307192,611665.0,4.017778,1254712,2457542.0,650104,1273326.0,301176,589898.0,204920,408026.0,7.932656229508194,17.944073524590166,66.2494957983193,85.05848865546221,100.0
00:02:20.396010,171832,343601.0,4.000733,974968,1917624.0,460600,905934.0,222968,438546.0,126712,253377.0,0.7741973553719009,8.072298181818184,66.08484599999998,84.94766733333334,100.0
00:02:24.402910,171832,343072.0,4.0069,1044152,2050590.0,475640,934100.0,225976,443789.0,123704,246981.0,22.82137073770492,34.022661475409826,67.63187487394958,85.78434411764701,100.0
00:02:28.415977,238008,474466.0,4.013067,1266744,2483973.0,617016,1209914.0,298168,584681.0,168824,336548.0,10.970215702479338,14.944260578512395,63.299100333333314,82.39666358333335,100.0
00:02:32.435210,307192,611444.0,4.019233,1711928,3351874.0,878712,1720476.0,382392,748705.0,201912,401891.0,0.0,0.6722741803278688,70.27034890756302,86.87166151260506,100.0
00:02:36.437388,292152,583986.0,4.002178,1663800,3271296.0,839608,1650803.0,382392,751843.0,189880,379553.0,4.046392396694214,8.712370165289258,78.13605091666668,91.59132108333334,100.0
00:02:40.445744,153784,306926.0,4.008356,701240,1376659.0,325240,638504.0,189880,372768.0,117688,234885.0,10.802266033057851,26.25442247933883,72.9754728333333,90.00405574999999,100.0
00:02:44.460266,108664,216541.0,4.014522,481656,944148.0,210936,413479.0,123704,242486.0,90616,180576.0,33.202424098360666,44.65457762295084,73.18901478991594,89.98332478991598,100.0
00:02:48.480955,156792,311970.0,4.020689,683192,1337181.0,361336,707226.0,192888,377531.0,123704,246134.0,1.7645684297520663,3.0498347107438013,78.48017383333335,90.00503250000001,100.0
00:02:52.484588,225976,451541.0,4.003633,1059192,2081796.0,499704,982146.0,247032,485530.0,165816,331331.0,25.175519098360642,37.09763729508196,76.04069739495796,88.98764420168065,100.0
00:02:56.494388,159800,318818.0,4.0098,761400,1494235.0,364344,715019.0,186872,366733.0,123704,246803.0,0.05998727272727272,0.8465208264462809,73.88679516666666,88.18251558333333,100.0
00:03:00.510355,168824,336305.0,4.015967,902776,1769006.0,406456,796458.0,207928,407438.0,129720,258408.0,7.322994180327869,10.552782377049182,75.37866521008401,88.84264672268908,100.0
00:03:04.532487,244024,485362.0,4.022133,1369016,2678567.0,617016,1207231.0,295160,577499.0,174840,347755.0,9.569571487603302,17.475824462809914,74.32583574999998,90.41566450000002,100.0
00:03:08.537577,111672,223060.0,4.005089,478648,940425.0,210936,414437.0,123704,243047.0,93624,187010.0,35.20616762295081,63.322530737704945,67.95419697478997,88.28194025210084,100.0
00:03:12.548833,219960,438685.0,4.011256,977976,1918576.0,475640,933102.0,247032,484623.0,162808,324702.0,1.615862644628099,2.0041165289256195,60.424876750000024,90.00024608333337,100.0
00:03:16.566255,397432,791416.0,4.017422,1591608,3117675.0,869688,1703563.0,496696,972938.0,283128,563800.0,1.0132445081967214,4.410710737704919,69.6095617647059,87.3657588235294,100.0
00:03:20.566622,162808,325586.0,4.000367,917816,1805376.0,421496,829097.0,207928,409001.0,123704,247385.0,0.2328877685950413,2.2330805785123964,71.34639025000001,88.12945383333333,100.0
00:03:24.573155,159800,319078.0,4.006533,869688,1708117.0,397432,780579.0,201912,396566.0,120696,240998.0,0.0,0.0,70.64233621848737,87.76980117647062,100.0
00:03:28.585855,168824,336579.0,4.0127,845624,1658343.0,394424,773500.0,204920,401866.0,123704,246624.0,3.112256528925619,6.332588842975206,74.78940899999999,89.46541224999993,100.0
00:03:32.604722,126712,252234.0,4.018867,692216,1355447.0,307192,601521.0,162808,318798.0,102648,204332.0,5.94037950819672,13.056767704918032,72.58487141666666,88.47033700000003,100.0
00:03:36.606544,162808,325467.0,4.001822,827576,1627289.0,379384,745994.0,195896,385196.0,123704,247295.0,5.3755770247933885,5.932810495867768,71.12630815126049,86.40799924369749,100.0
00:03:40.614533,195896,391011.0,4.007989,1107320,2174063.0,538808,1057871.0,262072,514540.0,141752,282938.0,4.531844344262295,4.9489593442622954,69.90596600000002,87.12771783333338,100.0
00:03:44.628689,195896,390410.0,4.014156,1131384,2217952.0,535800,1050376.0,259064,507866.0,141752,282504.0,12.872546363636365,23.8169870247934,70.52560260504205,87.22970478991597,100.0
00:03:48.649011,201912,401782.0,4.020322,1248696,2444236.0,565880,1107671.0,268088,524763.0,144760,288056.0,4.168899590163935,9.236388934426232,71.56817441666666,87.1274359166667,100.0
00:03:52.652278,171832,343383.0,4.003267,947896,1863216.0,457592,899458.0,222968,438273.0,129720,259228.0,5.134911983471075,10.023080743801655,73.41743058823529,87.85028151260502,100.0
00:03:56.661711,159800,318848.0,4.009433,776440,1523888.0,376376,738698.0,198904,390381.0,123704,246825.0,11.357435819672121,21.145506147540978,71.94810041666668,87.72247200000001,100.0
00:04:00.677322,153784,306372.0,4.015611,797496,1562845.0,379384,743475.0,192888,378000.0,120696,240453.0,6.609707107438014,14.0285861983471,71.53525453781515,87.30685042016806,100.0
00:04:04.699100,153784,305902.0,4.021778,782456,1531058.0,364344,712924.0,186872,365658.0,117688,234101.0,16.47003467213115,27.78070573770492,72.30151524999998,87.78852250000001,100.0
00:04:08.703822,162808,325232.0,4.004722,875704,1720698.0,400440,786837.0,201912,396743.0,126712,253125.0,20.1753826446281,25.296772561983477,75.94780092436974,90.15848294117644,100.0
00:04:12.714711,135736,270734.0,4.010889,650104,1275477.0,313208,614501.0,165816,325324.0,111672,222737.0,2.251766721311476,3.80987762295082,72.44019908333331,88.65779433333334,100.0
00:04:16.731767,180856,360176.0,4.017056,1014072,1986563.0,499704,978918.0,222968,436793.0,135736,270319.0,20.90238942148761,32.694933966942145,70.15122462184874,87.8306112605042,100.0
00:04:20.731767,235000,470000.0,4.0,1390072,2734567.0,704248,1385405.0,316216,622064.0,165816,331632.0,21.855209836065573,34.424217540983605,70.26598358333332,86.63514366666668,100.0
00:04:24.737945,219960,439241.0,4.006178,1311864,2576801.0,632056,1241502.0,289144,567945.0,156792,313100.0,10.100269504132235,15.388005123966947,68.37167275000002,85.65392766666668,100.0
00:04:28.750289,271096,540523.0,4.012344,1525432,2991768.0,776440,1522800.0,370360,726372.0,189880,378591.0,0.23701360655737708,0.5879630327868853,72.13806352941177,86.9916747058824,100.0
00:04:32.768800,238008,473823.0,4.018511,1254712,2457101.0,632056,1237754.0,301176,589792.0,165816,330104.0,4.70865603305785,9.112683801652897,76.00565624999997,90.35546450000001,100.0
00:04:36.770256,126712,253331.0,4.001456,565880,1112808.0,268088,527197.0,147768,290587.0,105656,211235.0,1.7028614754098361,2.795214344262295,76.20730428571427,90.56037369747897,100.0
00:04:40.777878,141752,282964.0,4.007622,665144,1306032.0,313208,614994.0,168824,331491.0,111672,222919.0,8.37777479338843,14.018839338842971,72.22009108333333,88.74858808333332,100.0
00:04:44.791667,150776,300516.0,4.013789,770424,1510466.0,364344,714320.0,183864,360477.0,114680,228572.0,23.459146393442634,36.46970131147542,71.49041268907568,89.33524638655456,100.0
00:04:48.811623,186872,371888.0,4.019956,1134392,2220693.0,553848,1084216.0,259064,507145.0,132728,264138.0,14.343380991735533,21.545331322314077,73.59239241666666,88.17927725,100.0
00:04:52.814534,216952,433588.0,4.002911,935864,1839726.0,514744,1011886.0,268088,527008.0,159800,319367.0,3.792118360655737,7.52960475409836,73.45843983193275,89.04815680672263,100.0
00:04:56.823612,171832,342885.0,4.009078,920824,1807422.0,442552,868654.0,219960,431744.0,126712,252850.0,12.636132892561985,20.37721512396694,74.35444433333332,88.683765,100.0
00:05:00.838856,250040,498181.0,4.015244,896760,1757529.0,502712,985248.0,268088,525416.0,174840,348352.0,0.37414918032786887,0.6055149999999999,76.44422361344537,90.13776218487394,100.0
00:05:04.860267,289144,575209.0,4.021411,1248696,2443585.0,665144,1301626.0,325240,636465.0,201912,401673.0,0.9361665289256198,1.2734821487603307,72.81511108333332,89.12664266666665,100.0
00:05:08.864623,174840,349299.0,4.004356,1080248,2122804.0,448568,881484.0,222968,438156.0,129720,259157.0,7.2987936065573775,12.042394344262295,77.3854940336134,90.41446663865543,100.0
00:05:12.875145,159800,318761.0,4.010522,719288,1411340.0,391416,768011.0,204920,402080.0,120696,240758.0,8.49202958677686,14.273746033057853,66.09080358333334,85.09205616666667,100.0
00:05:16.891845,174840,348226.0,4.0167,929848,1821728.0,454584,890606.0,222968,436831.0,129720,258361.0,3.6793891803278695,4.87919286885246,74.93318691666667,89.5226516666667,100.0
00:05:20.914712,210936,419473.0,4.022867,965944,1889592.0,481656,942221.0,231992,453825.0,153784,305819.0,2.9657525619834706,7.2136461983471065,73.17557201680674,88.14675067226892,100.0
00:05:24.920523,120696,241041.0,4.005811,553848,1087982.0,265080,520724.0,144760,284367.0,102648,204998.0,4.8271426446281005,8.851861818181817,73.38885400000001,88.70556691666665,100.0
00:05:28.932501,129720,258665.0,4.011978,713272,1399037.0,316216,620237.0,162808,319337.0,105656,210681.0,1.6192585245901643,6.628765409836067,72.07372000000004,88.20561092436978,100.0
00:05:32.950645,120696,240301.0,4.018144,644088,1261430.0,280120,548608.0,147768,289399.0,99640,198380.0,2.1963656198347103,5.372546859504135,70.53156675000004,87.17074625000002,100.0
00:05:36.951734,180856,361613.0,4.001089,956920,1881961.0,448568,882192.0,222968,438508.0,132728,265383.0,2.48134,6.5513458196721395,67.55546344537817,85.69721504201678,100.0
00:05:40.959001,162808,325025.0,4.007267,920824,1808225.0,421496,827693.0,207928,408309.0,123704,246959.0,7.420291322314048,13.958300247933883,67.09810008333335,85.5313860833333,100.0
00:05:44.972434,135736,270563.0,4.013433,746360,1463415.0,340280,667199.0,174840,342815.0,105656,210604.0,3.7757068032786885,7.019175000000001,69.2137511764706,86.23423268907561,100.0
00:05:48.992034,135736,270148.0,4.0196,791480,1549541.0,361336,707415.0,180856,354075.0,114680,228241.0,0.009119421487603306,0.7620338842975205,81.85118583333335,92.78646300000004,100.0
00:05:52.994578,159800,319396.0,4.002544,580920,1142078.0,319224,627588.0,192888,379214.0,165816,331421.0,0.0,0.0,77.89215571428569,90.95867445378148,100.0
00:05:57.003289,192888,384937.0,4.008711,869688,1707204.0,445560,874637.0,231992,455402.0,144760,288890.0,7.826932892561984,15.483773223140496,70.95961866666667,88.47671475,100.0
00:06:01.018167,117688,234503.0,4.014878,481656,944066.0,244024,478297.0,138744,271944.0,99640,198541.0,18.516269836065582,27.613150737704927,70.05500932773106,88.66885605042019,100.0
00:06:05.039211,165816,329896.0,4.021044,875704,1713827.0,409464,801356.0,204920,401045.0,126712,252097.0,2.8518027272727275,4.261802892561984,73.41410175,90.04711308333334,100.0
00:06:09.043211,268088,535640.0,4.004,1023096,2010669.0,556856,1094377.0,298168,585983.0,210936,421450.0,0.0,0.0026942622950819673,77.30973450000002,89.31566458333332,100.0
00:06:13.053378,244024,486810.0,4.010167,1086264,2131583.0,550840,1080917.0,280120,549681.0,186872,372796.0,5.3318000826446275,8.801781652892561,70.60354966386558,87.46719546218486,100.0
00:06:17.069711,198904,396190.0,4.016333,1071224,2098895.0,469624,920154.0,235000,460445.0,147768,294334.0,8.212464180327869,10.744372622950818,63.47290350000001,82.1331475,100.0
00:06:21.092211,280120,557106.0,4.0225,1600632,3131458.0,719288,1407206.0,334264,653950.0,198904,395582.0,0.01024694214876033,0.05614842975206611,68.63436084033614,85.54250294117645,100.0
00:06:25.097655,256056,511415.0,4.005444,1636728,3215487.0,716280,1407191.0,328248,644870.0,180856,361220.0,8.951169016393441,13.073743114754098,75.70356266666664,90.01822775000005,100.0
00:06:29.109266,165816,330672.0,4.011611,923832,1812200.0,388408,761905.0,192888,378371.0,126712,252690.0,0.0,0.0,75.66728470588237,89.94071907563023,100.0
00:06:33.127043,195896,390058.0,4.017778,1059192,2074586.0,499704,978745.0,228984,448499.0,138744,276260.0,4.859118114754098,4.8591264754098376,71.4357790833333,89.37409750000003,100.0
00:06:35.627777,204920,655551.0,2.500733,1218616,3797198.0,692216,2156940.0,355320,1107174.0,114680,366868.0,4.859118114754098,4.8591264754098376,71.4357790833333,89.37409750000003,100.0
