delta_t_s,480x270_size_byte,480x270_bitrate,seg_len_s,1920x1080_size_byte,1920x1080_bitrate,1280x720_size_byte,1280x720_bitrate,720x406_size_byte,720x406_bitrate,320x180_size_byte,320x180_bitrate,320x180_vmaf_score,480x270_vmaf_score,720x406_vmaf_score,1280x720_vmaf_score,1920x1080_vmaf_score
00:00:04,310200,620400.0,4.0,1450232,2852915.0,782456,1539257.0,367352,722659.0,174840,349680.0,15.5177893442623,29.372622459016398,69.95855533333336,89.199413,100.0
00:00:08.006178,210936,421221.0,4.006178,1131384,2222297.0,547832,1076067.0,265080,520677.0,147768,295080.0,18.81469942622951,42.645488688524594,71.76887783333335,89.25032425000005,100.0
00:00:12.018522,186872,372594.0,4.012344,1053176,2065551.0,466616,915155.0,228984,449097.0,135736,270636.0,17.884716475409835,34.909009262295086,71.76612583333332,87.58953908333336,100.0
00:00:16.037033,256056,509752.0,4.018511,1504376,2946018.0,719288,1408580.0,331256,648698.0,177848,354057.0,6.851044016393441,16.644818278688525,69.50189733333336,85.99713041666668,100.0
00:00:20.038489,250040,499898.0,4.001456,2081912,4094098.0,812536,1597859.0,349304,686909.0,171832,343538.0,2.0204,21.221604754098365,68.26506450000001,86.20900733333333,100.0
00:00:24.046111,259064,517142.0,4.007622,2063864,4052464.0,803512,1577722.0,343288,674057.0,177848,355019.0,0.15620057377049176,24.187948606557374,70.97224124999998,88.27454325,100.0
00:00:28.059900,231992,462390.0,4.013789,1895416,3716086.0,728312,1427903.0,313208,614064.0,159800,318502.0,4.689629426229508,23.407623688524602,68.85433524999998,86.37731883333336,100.0
00:00:32.079856,210936,419777.0,4.019956,2012728,3940129.0,716280,1402194.0,304184,595472.0,144760,288082.0,10.642521475409838,24.624643688524593,70.45128583333334,86.83001458333328,100.0
00:00:36.082767,192888,385495.0,4.002911,1793144,3524972.0,650104,1277978.0,277112,544748.0,135736,271274.0,10.745322131147542,26.47519237704918,69.71656466666668,86.89225258333335,100.0
00:00:40.091845,379384,757049.0,4.009078,2352632,4617819.0,1152440,2262045.0,511736,1004451.0,271096,540964.0,0.3855688524590164,0.8681927868852459,64.79803841666661,86.06958683333336,100.0
00:00:44.107089,304184,606058.0,4.015244,2223288,4357347.0,938872,1840063.0,409464,802494.0,213944,426263.0,4.768899836065573,10.825945983606553,68.6610581666667,85.50630041666666,100.0
00:00:48.128500,391416,778664.0,4.021411,2424824,4745161.0,1158456,2266993.0,535800,1048512.0,262072,521353.0,1.1594938524590166,1.5462381147540982,69.39866108333334,83.68409616666665,100.0
00:00:52.132856,361336,721885.0,4.004356,2286456,4493133.0,1056184,2075515.0,484664,952417.0,247032,493526.0,0.9722001639344261,1.2360669672131148,71.37548908333333,85.16777258333332,100.0
00:00:56.143378,241016,480767.0,4.010522,1919480,3766281.0,752376,1476264.0,322232,632263.0,168824,336762.0,9.864307950819663,22.346850983606547,71.23367458333334,86.90666658333335,100.0
00:01:00.160078,192888,384172.0,4.0167,1266744,2481763.0,559864,1096867.0,259064,507549.0,138744,276334.0,2.465704672131147,5.448024098360658,72.26508241666667,86.31455716666666,100.0
00:01:04.182945,201912,401528.0,4.022867,929848,1818980.0,502712,983411.0,256056,500900.0,147768,293856.0,4.057552049180328,8.583188770491802,72.9384148333333,85.98580316666661,100.0
00:01:08.188756,198904,397230.0,4.005811,1925496,3782455.0,656120,1288886.0,277112,544360.0,144760,289100.0,11.190843196721307,24.88116967213116,73.55182708333331,88.52700174999997,100.0
00:01:12.200734,262072,522579.0,4.011978,2160120,4236936.0,848632,1664537.0,355320,696937.0,177848,354634.0,7.37219573770492,17.59411852459017,72.80428758333338,88.15335599999999,100.0
00:01:16.218878,274104,545732.0,4.018144,1248696,2445539.0,740344,1449945.0,364344,713558.0,192888,384034.0,0.5375668852459017,0.7880931967213113,71.84364,87.92831233333337,100.0
00:01:20.219967,376376,752547.0,4.001089,2102968,4135878.0,1152440,2266487.0,529784,1041918.0,256056,511972.0,9.395609836065578,14.90490860655738,70.1830146666667,86.93362400000007,100.0
00:01:24.227234,228984,457137.0,4.007267,1702904,3343999.0,743352,1459723.0,334264,656395.0,153784,307010.0,0.8146415573770491,1.6082843442622952,58.76502033333335,78.60113491666668,100.0
00:01:28.240667,280120,558364.0,4.013433,1546488,3032255.0,893752,1752411.0,397432,779259.0,186872,372493.0,1.6980940163934426,3.3875322950819675,64.24591849999997,83.13819016666667,100.0
00:01:32.260267,162808,324028.0,4.0196,1763064,3451686.0,562872,1101977.0,225976,442410.0,123704,246201.0,17.348073852459013,35.252908934426245,74.0224753333333,88.53876666666669,100.0
00:01:36.262811,192888,385530.0,4.002544,1829240,3596254.0,638072,1254438.0,262072,515229.0,141752,283323.0,13.04491305785123,27.860019256198353,74.53659441666666,88.83876758333331,100.0
00:01:40.271522,180856,360925.0,4.008711,1877368,3685288.0,617016,1211207.0,250040,490830.0,132728,264879.0,11.633688278688524,25.70279754098361,74.6596829166667,88.9464316666667,100.0
00:01:44.286400,222968,444283.0,4.014878,2033784,3986302.0,746360,1462897.0,319224,625692.0,153784,306428.0,5.938374344262297,14.81839885245901,70.38842933333332,86.47063574999999,100.0
00:01:48.307444,186872,371788.0,4.021044,1934520,3786021.0,647096,1266422.0,271096,530558.0,132728,264066.0,6.662797950819672,16.448073852459018,72.24225775000004,88.44980441666667,100.0
00:01:52.311444,430520,860179.0,4.004,2818872,5539872.0,1417144,2785084.0,626040,1230343.0,283128,565690.0,15.068230819672134,15.95747975409836,70.51465616666664,83.08719266666668,100.0
00:01:56.321611,283128,564820.0,4.010167,2060856,4044032.0,950904,1865965.0,421496,827104.0,192888,384797.0,23.254822786885267,34.64945868852459,71.63748458333333,83.81985833333333,100.0
00:02:00.337944,198904,396190.0,4.016333,1826232,3578216.0,641080,1256096.0,271096,531170.0,141752,282351.0,9.596527377049181,22.769093606557387,74.48129575,88.69557166666665,100.0
00:02:04.360444,219960,437459.0,4.0225,1874360,3666976.0,698232,1366013.0,301176,589217.0,153784,305847.0,1.3474746721311475,3.260896885245902,69.16896241666664,85.74558591666667,100.0
00:02:08.365888,168824,337189.0,4.005444,1748024,3434138.0,568888,1117627.0,231992,455767.0,126712,253079.0,14.011777131147541,30.16441663934426,74.86995216666666,89.09971941666667,100.0
00:02:12.377499,186872,372662.0,4.011611,1850296,3629563.0,607992,1192644.0,253048,496382.0,135736,270686.0,10.40893901639344,23.927874672131153,74.45912191666667,88.85547624999998,100.0
00:02:16.395277,201912,402037.0,4.017778,1931512,3783156.0,662136,1296892.0,277112,542765.0,147768,294228.0,9.226800819672134,22.214991967213106,74.01358116666663,88.48377541666666,100.0
00:02:20.396010,219960,439839.0,4.000733,2045816,4023830.0,704248,1385156.0,298168,586454.0,156792,313526.0,11.034245245901642,24.74051172131147,74.07994283333332,88.75577716666666,100.0
00:02:24.402910,201912,403128.0,4.0069,1928504,3787351.0,653112,1282634.0,274104,538307.0,147768,295027.0,9.453501803278686,22.37933032786885,74.37191016666662,88.65370916666666,100.0
00:02:28.415977,189880,378523.0,4.013067,1895416,3716744.0,623032,1221711.0,256056,502103.0,135736,270588.0,7.673072459016393,20.023968688524583,74.29429258333334,88.89278100000001,100.0
00:02:32.435210,228984,455776.0,4.019233,1922488,3764141.0,698232,1367105.0,301176,589688.0,162808,324057.0,6.372219672131145,17.66248581967213,74.19106150000003,88.69160091666664,100.0
00:02:36.437388,228984,457718.0,4.002178,1895416,3726690.0,716280,1408321.0,310200,609902.0,159800,319426.0,2.4138136885245904,5.978462213114754,71.59690783333332,87.15693250000001,100.0
00:02:40.445744,265080,529054.0,4.008356,2145080,4211176.0,845624,1660111.0,364344,715272.0,180856,360957.0,2.478154672131147,5.825178852459017,70.04437300000004,87.00983741666666,100.0
00:02:44.460266,207928,414351.0,4.014522,1865336,3656455.0,701240,1374579.0,304184,596265.0,144760,288472.0,10.057679098360657,24.09811565573771,68.97920475,86.87523800000002,100.0
00:02:48.480955,195896,389775.0,4.020689,1874360,3668601.0,647096,1266532.0,277112,542378.0,138744,276060.0,10.367504754098366,26.362496393442623,72.37253500000001,88.59124008333339,100.0
00:02:52.484588,189880,379415.0,4.003633,1901432,3737183.0,638072,1254103.0,274104,538739.0,132728,265215.0,11.385602459016392,27.653932213114736,72.16546983333333,88.56177849999997,100.0
00:02:56.494388,216952,432843.0,4.0098,2087928,4097524.0,740344,1452913.0,319224,626471.0,147768,294813.0,9.021552786885245,23.67997573770492,72.45349458333337,88.46625400000003,100.0
00:03:00.510355,219960,438170.0,4.015967,2075896,4067758.0,713272,1397670.0,310200,607842.0,147768,294360.0,7.9102248360655745,20.030214508196718,72.03770041666664,88.38512516666667,100.0
00:03:04.532487,210936,419550.0,4.022133,1934520,3785012.0,710264,1389677.0,304184,595155.0,147768,293909.0,6.289352786885245,13.518935081967212,71.72221825,87.65030658333332,100.0
00:03:08.537577,141752,283143.0,4.005089,1537464,3020738.0,475640,934515.0,198904,390797.0,108664,217051.0,15.080875867768599,32.64638603305786,75.61986841666666,89.24621508333334,100.0
00:03:12.548833,165816,330701.0,4.011256,1645752,3228608.0,535800,1051123.0,228984,449216.0,123704,246713.0,15.042671803278688,32.18560991803281,75.26414958333332,88.89000091666664,100.0
00:03:16.566255,138744,276284.0,4.017422,1516408,2970372.0,463608,908125.0,192888,377833.0,108664,216385.0,15.847384016393445,33.49392155737704,75.80041741666665,89.35059399999994,100.0
00:03:20.566622,162808,325586.0,4.000367,1687864,3320088.0,529784,1042103.0,219960,432669.0,120696,241369.0,10.36099278688525,24.184964836065568,75.39515166666665,89.13041000000001,100.0
00:03:24.573155,216952,433196.0,4.006533,1952568,3834956.0,695224,1365460.0,301176,591527.0,156792,313072.0,2.406963032786885,6.1414629508196725,74.33072433333338,88.53107083333335,100.0
00:03:28.585855,180856,360567.0,4.0127,944888,1853009.0,433528,850186.0,219960,431361.0,135736,270612.0,0.0,0.0,64.16183358333332,85.01898999999997,100.0
00:03:32.604722,180856,360013.0,4.018867,1314872,2574688.0,523768,1025604.0,231992,454270.0,132728,264209.0,7.349284672131145,17.73164475409836,69.04166041666667,86.29627966666663,100.0
00:03:36.606544,180856,361547.0,4.001822,1751032,3443110.0,595960,1171855.0,247032,485746.0,132728,265335.0,8.088065737704923,21.126017295081972,73.84613449999999,88.55225958333334,100.0
00:03:40.614533,171832,342978.0,4.007989,1799160,3532391.0,571896,1122835.0,235000,461388.0,126712,252918.0,10.108285573770495,24.408263606557373,74.48822166666666,89.07064941666664,100.0
00:03:44.628689,168824,336457.0,4.014156,1723960,3379632.0,565880,1109344.0,235000,460691.0,123704,246535.0,9.406665655737703,23.124236557377046,74.87434149999999,88.85095041666672,100.0
00:03:48.649011,192888,383825.0,4.020322,1805176,3533507.0,617016,1207766.0,262072,512987.0,138744,276085.0,11.246460901639345,26.075891885245902,74.46813566666664,88.98194608333328,100.0
00:03:52.652278,153784,307316.0,4.003267,1633720,3211295.0,523768,1029536.0,216952,426448.0,114680,229172.0,14.28507483606557,30.331810655737712,75.20990925000001,89.25028750000003,100.0
00:03:56.661711,165816,330851.0,4.009433,1600632,3141497.0,538808,1057497.0,225976,443514.0,123704,246825.0,2.820958770491803,6.876806311475408,74.72776991666665,89.14756025000001,100.0
00:04:00.677322,204920,408246.0,4.015611,1859320,3643691.0,677176,1327055.0,289144,566632.0,141752,282401.0,2.375945655737705,6.312125327868854,68.01264524999998,86.25338683333328,100.0
00:04:04.699100,225976,449504.0,4.021778,2066872,4044319.0,773432,1513400.0,328248,642294.0,156792,311885.0,5.193324426229507,13.241882377049178,70.50980525000001,86.76372375,100.0
00:04:08.703822,189880,379312.0,4.004722,1898424,3730272.0,653112,1283320.0,277112,544506.0,132728,265142.0,10.517965327868852,26.51710483606556,72.25685866666667,88.46683691666668,100.0
00:04:12.714711,210936,420726.0,4.010889,2124024,4167249.0,734328,1440721.0,310200,608599.0,141752,282734.0,3.992074918032787,10.24961213114754,71.96638025000003,88.35959974999996,100.0
00:04:16.731767,225976,450033.0,4.017056,1528440,2994208.0,710264,1391404.0,325240,637144.0,153784,306262.0,0.0,0.0,72.35121891666667,87.86812283333337,100.0
00:04:20.731767,262072,524144.0,4.0,1483320,2918006.0,803512,1580679.0,367352,722659.0,180856,361712.0,0.07362581967213114,0.6164160655737706,71.6007536666667,86.24710358333326,100.0
00:04:24.737945,289144,577396.0,4.006178,2127032,4177977.0,887736,1743716.0,385400,757013.0,210936,421221.0,1.1616177049180325,1.490631475409836,70.39688825,86.42032600000003,100.0
00:04:28.750289,382392,762431.0,4.012344,2415800,4738011.0,1140408,2236636.0,529784,1039044.0,256056,510536.0,4.611346475409835,6.954562213114755,70.48316858333331,84.23142458333332,100.0
00:04:32.768800,216952,431905.0,4.018511,1892408,3705900.0,695224,1361456.0,292152,572120.0,153784,306151.0,6.971825737704916,19.50069598360656,73.06492533333332,88.2575975833333,100.0
00:04:36.770256,268088,535980.0,4.001456,2190200,4307047.0,863672,1698418.0,361336,710570.0,180856,361580.0,9.415464508196717,22.376325491803282,72.22478858333331,88.03209850000003,100.0
00:04:40.777878,216952,433078.0,4.007622,2075896,4076089.0,725304,1424158.0,298168,585462.0,150776,300978.0,11.603273305785125,25.87595545454547,73.731707,88.40753866666668,100.0
00:04:44.791667,207928,414427.0,4.013789,1991672,3904802.0,680184,1333545.0,283128,555090.0,147768,294520.0,12.557974836065577,27.796171557377047,73.66434583333333,88.39640858333335,100.0
00:04:48.811623,171832,341957.0,4.019956,1793144,3510270.0,583928,1143101.0,235000,460037.0,126712,252165.0,10.512867704918031,25.27393950819672,74.39906849999997,88.76932508333333,100.0
00:04:52.814534,204920,409541.0,4.002911,1877368,3690540.0,674168,1325283.0,280120,550661.0,147768,295321.0,4.731491639344262,10.870130409836065,73.60827999999998,88.53590983333333,100.0
00:04:56.823612,265080,528959.0,4.009078,2036792,3997879.0,791480,1553541.0,346296,679720.0,183864,366895.0,0.5633747540983607,0.9596674590163929,69.28938891666667,85.3394924166667,100.0
00:05:00.838856,424504,845784.0,4.015244,2554168,5005827.0,1266744,2482648.0,601976,1179792.0,292152,582085.0,1.0441310655737706,1.8484095901639346,69.54091716666666,85.63511158333336,100.0
00:05:04.860267,394424,784647.0,4.021411,2545144,4980617.0,1248696,2443585.0,574904,1125035.0,283128,563241.0,1.1692478688524592,2.040350901639344,69.19000816666667,86.00560208333333,100.0
00:05:08.864623,153784,307233.0,4.004356,1627704,3198614.0,511736,1005616.0,216952,426334.0,111672,223101.0,0.0,0.0,72.29875883333331,88.56851200000004,100.0
00:05:12.875145,189880,378763.0,4.010522,1760056,3453469.0,626040,1228375.0,259064,508318.0,135736,270759.0,0.0,0.0,70.54489550000002,86.82742108333332,100.0
00:05:16.891845,198904,396154.0,4.0167,947896,1857087.0,550840,1079187.0,271096,531122.0,147768,294307.0,1.0313754918032785,2.466730245901639,74.81317741666665,86.83409366666667,100.0
00:05:20.914712,168824,335728.0,4.022867,890744,1742485.0,463608,906916.0,238008,465594.0,129720,257965.0,0.9138102459016393,2.0670081967213116,68.96462625000001,87.02167000000004,100.0
00:05:24.920523,204920,409245.0,4.005811,1627704,3197471.0,644088,1265250.0,271096,532542.0,144760,289100.0,0.9138102459016393,2.0670081967213116,68.96462625000001,87.02167000000004,100.0
00:05:28.932501,310200,618547.0,4.011978,1928504,3782636.0,905784,1776637.0,406456,797237.0,198904,396620.0,1.1893736885245902,2.6845348360655734,67.18367466666666,85.67347999999997,100.0
00:05:32.950645,238008,473866.0,4.018144,2115000,4142174.0,788472,1544202.0,325240,636974.0,168824,336123.0,0.38544901639344264,0.9452045081967213,73.71094875000001,88.4956016666667,100.0
00:05:36.951734,238008,475886.0,4.001089,2127032,4183204.0,797496,1568424.0,331256,651476.0,168824,337556.0,0.38544901639344264,0.9452045081967213,73.71094875000001,88.4956016666667,100.0
00:05:40.959001,247032,493168.0,4.007267,1576568,3095912.0,707256,1388841.0,328248,644581.0,174840,349045.0,0.5993179508196721,1.2135831147540983,72.36222191666668,85.8845443333333,100.0
00:05:44.972434,286136,570356.0,4.013433,1474296,2890705.0,809528,1587270.0,379384,743871.0,195896,390480.0,6.401367868852462,7.5663233606557405,68.18119533333336,83.98092641666669,100.0
00:05:48.992034,186872,371921.0,4.0196,1627704,3186681.0,629048,1231535.0,274104,536634.0,129720,258174.0,0.5712613114754098,1.3792158196721314,72.54446716666666,88.41180458333334,100.0
00:05:52.994578,168824,337433.0,4.002544,1684856,3312398.0,556856,1094769.0,238008,467919.0,120696,241238.0,0.5712613114754098,1.3792158196721314,72.54446716666666,88.41180458333334,100.0
00:05:57.003289,195896,390940.0,4.008711,1579576,3100720.0,626040,1228921.0,277112,543973.0,138744,276885.0,0.0,0.0,73.24887516666668,87.22451558333336,100.0
00:06:01.018167,207928,414314.0,4.014878,1561528,3060660.0,671160,1315501.0,304184,596213.0,150776,300434.0,0.014775819672131148,0.21608319672131146,73.10824875,85.58683525000001,100.0
00:06:05.039211,216952,431633.0,4.021044,1522424,2979513.0,668152,1307630.0,301176,589427.0,153784,305958.0,0.7569359836065573,1.873151967213115,70.4986363333333,87.24089999999998,100.0
00:06:09.043211,207928,415440.0,4.004,1853304,3642261.0,680184,1336751.0,298168,585983.0,144760,289230.0,0.7569359836065573,1.873151967213115,70.4986363333333,87.24089999999998,100.0
00:06:13.053378,213944,426803.0,4.010167,1901432,3731193.0,680184,1334729.0,292152,573291.0,153784,306788.0,1.865290413223141,4.738731404958679,74.33577258333335,88.88049508333332,100.0
00:06:17.069711,177848,354249.0,4.016333,1612664,3159762.0,565880,1108753.0,244024,478126.0,129720,258384.0,0.06865934426229507,0.596305081967213,68.11105908333333,83.28115658333337,100.0
00:06:21.092211,231992,461388.0,4.0225,1594616,3119688.0,689208,1348358.0,301176,589217.0,156792,311829.0,0.2515283606557377,0.7964442622950821,66.79065808333328,83.88087516666661,100.0
00:06:25.097655,265080,529439.0,4.005444,1838264,3611422.0,839608,1649479.0,373368,733512.0,174840,349204.0,7.0964877868852465,17.025353770491805,74.42859041666667,88.95205799999995,100.0
00:06:29.109266,183864,366663.0,4.011611,1708920,3352238.0,601976,1180843.0,253048,496382.0,135736,270686.0,0.0,0.0,74.93126133333332,88.89538616666665,100.0
00:06:33.127043,171832,342143.0,4.017778,1735992,3400201.0,559864,1096577.0,238008,466174.0,129720,258292.0,0.0,0.0,72.56020983333333,87.78713333333332,100.0
00:06:37.127777,216952,433824.0,4.000733,1359992,2674911.0,665144,1308244.0,304184,598286.0,153784,307511.0,0.0,0.0,72.57846933333333,86.61381741666669,100.0
00:06:41.134677,313208,625337.0,4.0069,1859320,3651482.0,980984,1926535.0,448568,880934.0,210936,421145.0,0.0,0.0,76.23976558333332,87.57616624999999,100.0
00:06:45.147744,262072,522437.0,4.013067,1552504,3044323.0,782456,1534327.0,364344,714446.0,183864,366530.0,0.18248032786885246,0.3367241803278688,67.84141291666668,86.26131341666662,100.0
00:06:49.166977,325240,647367.0,4.019233,1889400,3699356.0,987000,1932499.0,439544,860606.0,216952,431827.0,4.94797762295082,7.127086967213115,78.11785050000003,90.136353,100.0
00:06:53.169155,213944,427655.0,4.002178,1200568,2360508.0,656120,1290036.0,301176,592160.0,153784,307400.0,0.0,0.0,73.39094516666664,87.68834633333334,100.0
00:06:57.177511,225976,451009.0,4.008356,1639736,3219095.0,725304,1423901.0,310200,608978.0,156792,312930.0,2.0469078688524593,3.457873032786886,73.33333733333332,87.71282183333332,100.0
00:07:01.192033,204920,408357.0,4.014522,1633720,3202439.0,638072,1250757.0,277112,543198.0,147768,294466.0,0.4440877868852459,1.8051650819672131,76.43233375000004,87.63745108333335,100.0
00:07:05.212722,241016,479551.0,4.020689,1847288,3615614.0,797496,1560903.0,355320,695452.0,171832,341895.0,1.1129509016393444,3.6814938524590173,73.40713680672269,88.17094092436975,100.0
00:07:09.216355,186872,373404.0,4.003633,1561528,3069116.0,601976,1183157.0,256056,503267.0,135736,271225.0,0.0,0.0,73.96273708333335,88.7888296666667,100.0
00:07:13.226155,171832,342824.0,4.0098,1660792,3259277.0,553848,1086917.0,235000,461183.0,129720,258805.0,0.10602868852459017,0.5317326229508197,68.48006166666664,85.00127058333331,100.0
00:07:17.242122,259064,516067.0,4.015967,1838264,3602113.0,809528,1586285.0,358328,702150.0,171832,342297.0,0.28749811475409837,0.7525431147540985,71.69760991666666,85.24504841666666,100.0
00:07:21.264255,225976,449464.0,4.022133,1660792,3249446.0,725304,1419103.0,328248,642238.0,153784,305875.0,5.118099836065575,13.288501475409833,71.90415058333335,86.64255158333334,100.0
00:07:25.269344,201912,403310.0,4.005089,1522424,2991189.0,629048,1235924.0,274104,538547.0,144760,289152.0,8.32727737704918,21.9479350819672,74.85423266666668,88.97620408333336,100.0
00:07:29.280600,165816,330701.0,4.011256,1654776,3246311.0,538808,1057024.0,225976,443315.0,123704,246713.0,9.600279426229513,23.609548196721313,75.00162625000003,89.233772,100.0
00:07:33.298022,162808,324203.0,4.017422,1636728,3206057.0,526776,1031859.0,216952,424970.0,123704,246335.0,8.109979262295084,20.9073631147541,74.99527358333332,89.08402016666666,100.0
00:07:37.298389,159800,319570.0,4.000367,1534456,3018329.0,517752,1018436.0,219960,432669.0,120696,241369.0,6.487012950819672,16.528701885245898,74.76103249999998,89.19159358333334,100.0
00:07:41.304922,168824,337097.0,4.006533,1666808,3273707.0,538808,1058250.0,225976,443829.0,123704,247004.0,0.0,0.0,74.85618674999999,89.28441975000004,100.0
00:07:45.317622,165816,330582.0,4.0127,1624696,3186172.0,547832,1074347.0,225976,443158.0,123704,246624.0,0.0,0.0,73.73276850000002,87.26780383333332,100.0
00:07:49.336489,207928,413903.0,4.018867,1669816,3269714.0,659128,1290657.0,283128,554400.0,147768,294148.0,0.0,0.0,72.48594325000002,84.55373675,100.0
00:07:53.338311,247032,493839.0,4.001822,1805176,3549575.0,809528,1591800.0,349304,686847.0,168824,337494.0,0.0,0.04659483606557377,72.31261000000002,84.63347550000005,100.0
00:07:57.346300,225976,451051.0,4.007989,1702904,3343406.0,737336,1447653.0,316216,620844.0,153784,306954.0,37.488,62.73191,70.63379,83.82471,100.0
