delta_t_s,480x270_size_byte,480x270_bitrate,seg_len_s,1920x1080_size_byte,1920x1080_bitrate,1280x720_size_byte,1280x720_bitrate,720x406_size_byte,720x406_bitrate,320x180_size_byte,320x180_bitrate,320x180_vmaf_score,480x270_vmaf_score,720x406_vmaf_score,1280x720_vmaf_score,1920x1080_vmaf_score
00:00:04,105656,211312.0,4.0,204920,403121.0,153784,302525.0,120696,237434.0,96632,193264.0,29.41540108333333,45.10120558333334,77.2489551694915,88.3304209322034,100.0
00:00:08.006178,165816,331120.0,4.006178,1901432,3734847.0,436536,857456.0,222968,437960.0,132728,265046.0,13.286804710743802,30.41122925619835,75.43457605042016,87.85815613445378,100.0
00:00:12.018522,195896,390586.0,4.012344,1591608,3121556.0,565880,1109837.0,250040,490393.0,141752,282631.0,9.782421,13.436305166666667,71.70221779661021,86.0385236440678,100.0
00:00:16.037033,262072,521729.0,4.018511,1417144,2775191.0,791480,1549954.0,358328,701713.0,177848,354057.0,1.4280520833333332,3.3775318333333333,73.55858151260503,88.38056168067227,100.0
00:00:20.038489,216952,433746.0,4.001456,1056184,2076995.0,623032,1225197.0,298168,586350.0,150776,301442.0,27.78209446280991,32.531757272727276,79.58727728813557,88.65363059322037,100.0
00:00:24.046111,168824,337005.0,4.007622,761400,1495033.0,424504,833527.0,201912,396460.0,123704,246937.0,29.26060449999999,32.400669916666665,77.27278352941178,87.07449184873948,100.0
00:00:28.059900,150776,300516.0,4.013789,737336,1445595.0,349304,684833.0,180856,354579.0,117688,234567.0,6.526606333333334,9.583983666666665,70.55383118644066,88.01025864406778,100.0
00:00:32.079856,162808,323999.0,4.019956,686200,1343309.0,370360,725019.0,195896,383487.0,126712,252165.0,36.36014909090911,40.62451165289255,81.05621805084743,89.10131838983054,100.0
00:00:36.082767,153784,307344.0,4.002911,701240,1378501.0,364344,716229.0,195896,385093.0,120696,241216.0,14.790536583333333,16.728977416666666,78.92470504201681,88.40119294117642,100.0
00:00:40.091845,228984,456930.0,4.009078,1083256,2126248.0,671160,1317373.0,313208,614774.0,159800,318876.0,24.85414241666666,27.625047000000002,74.55100745762712,86.77333491525422,100.0
00:00:44.107089,150776,300407.0,4.015244,830584,1627833.0,376376,737646.0,192888,378034.0,114680,228489.0,15.025287107438018,18.876452892561982,75.72857932773113,87.03032840336137,100.0
00:00:48.128500,168824,335850.0,4.021411,872696,1707787.0,424504,830716.0,213944,418669.0,129720,258058.0,2.890989499999999,4.904432333333332,74.4617216101695,86.3690402542373,100.0
00:00:52.132856,204920,409394.0,4.004356,1053176,2069604.0,580920,1141570.0,283128,556377.0,147768,295214.0,0.5052460833333333,0.9814358333333331,75.56548537815125,88.02920243697478,100.0
00:00:56.143378,165816,330761.0,4.010522,761400,1493970.0,406456,797522.0,207928,407983.0,126712,252759.0,13.526641570247932,19.088464876033058,74.59061491525419,89.46051483050846,100.0
00:01:00.160078,283128,563901.0,4.0167,1065208,2086920.0,574904,1126333.0,280120,548802.0,207928,414127.0,4.013761249999999,4.575478416666667,62.727160254237305,86.94636127118648,100.0
00:01:04.182945,388408,772400.0,4.022867,2370680,4637555.0,1173496,2295608.0,535800,1048138.0,289144,575000.0,5.139062231404959,5.487701570247934,63.123594369747906,85.18049680672272,100.0
00:01:08.188756,370360,739645.0,4.005811,1958584,3847454.0,962936,1891597.0,451576,887078.0,259064,517376.0,1.5613239166666666,1.7779214166666668,71.42759661016952,88.53401754237288,100.0
00:01:12.200734,225976,450602.0,4.011978,1161464,2278136.0,586936,1151237.0,280120,549437.0,159800,318645.0,0.0,0.0,67.2722324369748,83.57736831932772,100.0
00:01:16.218878,231992,461888.0,4.018144,1206584,2363064.0,656120,1284994.0,310200,607518.0,159800,318156.0,2.6921038016528924,6.829222148760333,75.03686737288137,87.92378889830513,100.0
00:01:20.219967,141752,283426.0,4.001089,635064,1248971.0,304184,598234.0,168824,332023.0,114680,229297.0,0.22000141666666667,2.9535329166666666,70.48702453781513,87.62083100840337,100.0
00:01:24.227234,174840,349045.0,4.007267,806520,1583766.0,376376,739091.0,201912,396495.0,132728,264974.0,1.7676735000000001,7.136101416666667,60.574324745762716,85.1549861864407,100.0
00:01:28.240667,144760,288550.0,4.013433,650104,1274682.0,313208,614118.0,174840,342815.0,114680,228592.0,0.4906864462809916,3.0693018181818186,67.89244680672267,87.26483638655462,100.0
00:01:32.260267,174840,347974.0,4.0196,809528,1584875.0,394424,772194.0,207928,407076.0,132728,264161.0,38.040541452991455,21.22478850574712,74.90655059322033,88.61101822033899,100.0
00:01:36.262811,150776,301360.0,4.002544,698232,1372712.0,325240,639416.0,177848,349646.0,117688,235226.0,0.0,0.0,71.05347822033902,87.34690720338982,100.0
00:01:40.271522,165816,330911.0,4.008711,740344,1453301.0,367352,721114.0,195896,384545.0,129720,258876.0,0.0,0.13054876033057852,71.16833756302523,86.63678773109248,100.0
00:01:44.286400,174840,348384.0,4.014878,842616,1651562.0,409464,802566.0,216952,425235.0,132728,264472.0,6.4278276666666665,12.28336341666667,72.17860805084746,87.6751466101695,100.0
00:01:48.307444,171832,341865.0,4.021044,839608,1643184.0,400440,783695.0,213944,418706.0,129720,258082.0,1.7421437499999999,2.7682191666666665,73.34160478991596,88.20501453781517,100.0
00:01:52.311444,183864,367360.0,4.004,1005048,1975200.0,505720,993881.0,244024,479575.0,132728,265190.0,12.147227355371898,13.906571157024793,76.64116372881361,86.59264152542367,100.0
00:01:56.321611,129720,258782.0,4.010167,701240,1376048.0,325240,638220.0,162808,319479.0,102648,204775.0,8.644332083333332,11.275903499999997,82.37285084033614,90.88260621848741,100.0
00:02:00.337944,120696,240410.0,4.016333,589944,1155903.0,268088,525276.0,147768,289528.0,99640,198469.0,5.829852727272726,7.745111487603308,77.60969449152546,87.51205940677963,100.0
00:02:04.360444,141752,281918.0,4.0225,734328,1436630.0,349304,683374.0,183864,359709.0,111672,222094.0,26.013254583333325,28.141630416666676,77.58023949152543,86.66902830508472,100.0
00:02:08.365888,135736,271103.0,4.005444,704248,1383553.0,328248,644870.0,177848,349397.0,111672,223040.0,10.286233833333334,17.2692375,73.58788554621847,87.77161109243696,100.0
00:02:12.377499,111672,222697.0,4.011611,514744,1009728.0,238008,466879.0,135736,266261.0,93624,186706.0,0.10736355371900826,3.839306776859504,60.49327084745767,83.819025,100.0
00:02:16.395277,138744,276260.0,4.017778,647096,1267434.0,316216,619356.0,171832,336558.0,108664,216366.0,5.5726015,9.413471583333335,59.86447899159663,82.96633655462185,100.0
00:02:20.396010,150776,301496.0,4.000733,710264,1396988.0,346296,681115.0,186872,367550.0,114680,229317.0,8.409602416666665,9.86986616666667,74.34141601694914,87.17888889830506,100.0
00:02:24.402910,180856,361089.0,4.0069,965944,1896998.0,457592,898656.0,235000,461511.0,132728,264998.0,1.3973524793388425,3.8750723140495875,71.95727630252097,86.01051773109243,100.0
00:02:28.415977,183864,366530.0,4.013067,1068216,2094677.0,535800,1050656.0,247032,484408.0,132728,264591.0,5.37844925,7.863009083333333,74.15585288135593,87.40987440677965,100.0
00:02:32.435210,186872,371955.0,4.019233,1041144,2038510.0,538808,1054960.0,253048,495456.0,135736,270172.0,2.159091166666667,2.66936075,75.58078613445379,86.949171092437,100.0
00:02:36.437388,168824,337464.0,4.002178,944888,1857800.0,481656,947012.0,225976,444304.0,123704,247273.0,4.199270578512397,4.655785867768595,78.8829681355932,89.52032966101694,100.0
00:02:40.445744,174840,348951.0,4.008356,875704,1719163.0,430520,845187.0,219960,431820.0,129720,258899.0,0.0,0.0,76.2097827966102,87.78581576271186,100.0
00:02:44.460266,147768,294466.0,4.014522,758392,1486609.0,355320,696502.0,186872,366308.0,117688,234524.0,0.5608414166666668,1.0416990833333335,79.99258983193276,91.4385985714286,100.0
00:02:48.480955,114680,228179.0,4.020689,532792,1042810.0,253048,495279.0,144760,283332.0,99640,198254.0,25.15833917355371,35.86891429752066,83.05631415254234,90.8852292372881,100.0
00:02:52.484588,183864,367394.0,4.003633,911800,1792103.0,439544,863904.0,225976,444146.0,135736,271225.0,1.1572083333333332,3.279497583333333,62.97162697478993,84.89499159663866,100.0
00:02:56.494388,147768,294813.0,4.0098,662136,1299431.0,346296,679600.0,189880,372636.0,114680,228799.0,0.0,0.0,59.49437805084746,83.52834406779661,100.0
00:03:00.510355,117688,234440.0,4.015967,523768,1026333.0,262072,513535.0,144760,283660.0,96632,192495.0,14.434793636363638,16.371318677685952,78.60757857142862,89.40915336134458,100.0
00:03:04.532487,180856,359721.0,4.022133,1092280,2137116.0,517752,1013015.0,241016,471563.0,132728,263995.0,27.374705499999997,30.37239966666666,82.29338830508475,89.01898440677971,100.0
00:03:08.537577,201912,403310.0,4.005089,993016,1951032.0,481656,946335.0,241016,473537.0,147768,295160.0,0.04896537190082645,0.0631892561983471,75.6062193220339,87.67945618644067,100.0
00:03:12.548833,144760,288707.0,4.011256,749368,1470097.0,349304,685258.0,183864,360701.0,114680,228716.0,20.086734416666665,24.92969241666666,79.77077420168072,89.14326731092437,100.0
00:03:16.566255,135736,270294.0,4.017422,728312,1426632.0,334264,654763.0,174840,342480.0,108664,216385.0,14.414932166666667,19.926921333333336,77.31522618644067,89.29903644067795,100.0
00:03:20.566622,186872,373709.0,4.000367,953912,1876378.0,472632,929683.0,235000,462253.0,138744,277462.0,10.153131983471074,11.36574570247934,75.38222655462185,87.43614823529411,100.0
00:03:24.573155,189880,379140.0,4.006533,987000,1938524.0,529784,1040526.0,256056,502908.0,138744,277035.0,0.8665257500000002,0.9134096666666667,74.93902881355929,87.55932381355936,100.0
00:03:28.585855,159800,318588.0,4.0127,749368,1469577.0,385400,755803.0,198904,390068.0,120696,240628.0,2.7499050833333336,4.260328166666667,79.75441722689075,88.6592608403361,100.0
00:03:32.604722,189880,377977.0,4.018867,911800,1785421.0,520760,1019714.0,253048,495500.0,138744,276185.0,22.85574950413223,26.492219173553707,82.24862771186443,90.41379593220341,100.0
00:03:36.606544,183864,367560.0,4.001822,1002040,1970343.0,523768,1029901.0,247032,485746.0,135736,271348.0,13.88425675,18.299703166666657,78.09431203389832,87.74012788135593,100.0
00:03:40.614533,186872,372999.0,4.007989,1089272,2138628.0,520760,1022437.0,253048,496823.0,135736,270930.0,0.0,0.001968,75.10933008403362,89.30992252100843,100.0
00:03:44.628689,210936,420384.0,4.014156,1326904,2601247.0,623032,1221385.0,286136,560937.0,150776,300488.0,1.3163642148760333,1.3651570247933884,76.26352983050845,89.87826796610169,100.0
00:03:48.649011,195896,389811.0,4.020322,911800,1784785.0,481656,942808.0,241016,471772.0,147768,294042.0,0.0,0.0,77.45688168067228,91.0049057983193,100.0
00:03:52.652278,129720,259228.0,4.003267,553848,1088662.0,274104,538788.0,156792,308195.0,105656,211139.0,0.0,0.0,78.6956081355932,91.78501872881358,100.0
00:03:56.661711,150776,300842.0,4.009433,710264,1394007.0,349304,685565.0,189880,372669.0,117688,234822.0,0.0,0.0,80.0318409243697,92.5911602521008,100.0
00:04:00.677322,156792,312364.0,4.015611,764408,1498002.0,361336,708106.0,195896,383895.0,120696,240453.0,0.0,0.0,78.26381644067793,91.1461137288136,100.0
00:04:04.699100,144760,287952.0,4.021778,677176,1325053.0,319224,624636.0,174840,342115.0,114680,228118.0,0.0,0.04828702479338843,79.52789487394955,91.2302373109244,100.0
00:04:08.703822,168824,337249.0,4.004722,671160,1318783.0,367352,721821.0,183864,361280.0,126712,253125.0,4.157642249999999,4.164523666666667,77.08400491525428,90.8686827966102,100.0
00:04:12.714711,141752,282734.0,4.010889,520760,1021710.0,322232,632206.0,174840,343029.0,111672,222737.0,34.782195416666674,35.840639750000015,84.09365491525422,90.14141838983049,100.0
00:04:16.731767,129720,258338.0,4.017056,442552,866957.0,271096,531076.0,156792,307155.0,105656,210414.0,20.01067024793389,22.457333471074385,78.0304935294118,88.3352321848739,100.0
00:04:20.731767,141752,283504.0,4.0,770424,1515588.0,352312,693072.0,180856,355782.0,108664,217328.0,39.905884500000006,47.426720249999995,74.75889957627119,87.2679422881356,100.0
00:04:24.737945,120696,241019.0,4.006178,1402104,2754053.0,391416,768830.0,162808,319792.0,102648,204979.0,35.61951633333334,58.00010833333335,80.43568394957985,90.73365504201682,100.0
00:04:28.750289,114680,228654.0,4.012344,1537464,3015366.0,418488,820763.0,147768,289811.0,102648,204664.0,10.247397024793386,25.51235099173554,77.19992177966104,90.83676728813556,100.0
00:04:32.768800,120696,240280.0,4.018511,1453240,2845878.0,397432,778290.0,150776,295264.0,105656,210338.0,0.4373905833333334,13.071460166666666,75.15567084033614,90.7746781512605,100.0
00:04:36.770256,120696,241304.0,4.001456,1534456,3017521.0,433528,852536.0,156792,308332.0,102648,205221.0,1.3441804166666669,17.44694516666667,78.55591855932201,91.86731262711864,100.0
00:04:40.777878,117688,234928.0,4.007622,1573560,3089736.0,409464,803995.0,153784,301959.0,102648,204905.0,1.704986115702479,15.544024049586774,76.79264127118641,90.20151381355934,100.0
00:04:44.791667,120696,240562.0,4.013789,1729976,3391730.0,421496,826370.0,153784,301503.0,105656,210586.0,11.960422999999999,35.279466250000006,77.47472621848742,90.56084823529409,100.0
00:04:48.811623,111672,222235.0,4.019956,1612664,3156961.0,391416,766238.0,150776,295160.0,99640,198290.0,10.099465,28.038148833333327,76.60316966101696,90.60384991525426,100.0
00:04:52.814534,144760,289309.0,4.002911,1299832,2555217.0,409464,804926.0,156792,308222.0,117688,235204.0,2.180160826446281,2.1789215702479336,77.19029310924373,90.87591268907563,100.0
00:04:52.990279,9400,427892.0,0.175745,15416,508753.0,12408,409484.0,9400,310215.0,6392,290967.0,2.180160826446281,2.1789215702479336,77.19029310924373,90.87591268907563,100.0
