delta_t_s,480x270_size_byte,480x270_bitrate,seg_len_s,1920x1080_size_byte,1920x1080_bitrate,1280x720_size_byte,1280x720_bitrate,720x406_size_byte,720x406_bitrate,320x180_size_byte,320x180_bitrate,320x180_vmaf_score,480x270_vmaf_score,720x406_vmaf_score,1280x720_vmaf_score,1920x1080_vmaf_score
00:00:04,228984,457968.0,4.0,1131384,2225673.0,571896,1125041.0,289144,568807.0,159800,319600.0,15.09656459016394,34.19000270491804,68.20129558333335,87.41996316666663,100.0
00:00:08.006178,228984,457261.0,4.006178,1155448,2269564.0,550840,1081975.0,280120,550219.0,159800,319107.0,10.071714049586777,35.13209760330577,66.71072588235295,85.81177134453779,100.0
00:00:12.018522,198904,396584.0,4.012344,1128376,2213038.0,487672,956451.0,235000,460896.0,144760,288629.0,9.052999338842978,32.81962545454545,71.21093798319329,88.15389605042016,100.0
00:00:16.037033,210936,419928.0,4.018511,1278776,2504225.0,541816,1061037.0,271096,530887.0,150776,300162.0,8.340698099173553,23.7537590909091,67.82333680672272,85.50969563025205,100.0
00:00:20.038489,256056,511925.0,4.001456,1663800,3271877.0,728312,1432232.0,343288,675078.0,177848,355566.0,1.757898925619834,10.757289421487604,68.55420218487396,85.95111630252102,100.0
00:00:24.046111,228984,457097.0,4.007622,1859320,3650835.0,710264,1394626.0,307192,603181.0,162808,324996.0,5.562607438016527,18.613624958677686,68.84275226890756,86.27350319327729,100.0
00:00:28.059900,210936,420422.0,4.013789,1760056,3450704.0,647096,1268673.0,277112,543296.0,150776,300516.0,0.5588882644628099,4.170104628099174,65.82294747899158,84.53887168067223,100.0
00:00:32.079856,313208,623306.0,4.019956,1958584,3834136.0,875704,1714283.0,412472,807457.0,207928,413791.0,3.8517019008264453,10.823005537190086,71.22804067226889,87.5896944537815,100.0
00:00:36.082767,192888,385495.0,4.002911,842616,1656419.0,433528,852231.0,241016,473790.0,138744,277286.0,1.715302892561983,3.0379699999999996,74.84662386554622,88.71746436974792,100.0
00:00:40.091845,189880,378900.0,4.009078,857656,1683434.0,442552,868654.0,225976,443552.0,141752,282862.0,0.36003553719008263,0.5053765289256198,78.41384100840337,90.03994915966386,100.0
00:00:44.107089,198904,396297.0,4.015244,962936,1887225.0,484664,949876.0,247032,484149.0,144760,288420.0,0.08925628099173553,0.3078035537190083,75.1325568067227,88.47645798319328,100.0
00:00:48.128500,210936,419625.0,4.021411,1065208,2084515.0,556856,1089716.0,274104,536396.0,153784,305930.0,5.7062057024793384,7.988308925619834,74.11915991596638,88.83366638655458,100.0
00:00:52.132856,265080,529583.0,4.004356,1353976,2660709.0,722296,1419389.0,340280,668686.0,183864,367327.0,2.655919834710744,13.532341404958673,67.95568025210082,85.75922588235291,100.0
00:00:56.143378,213944,426765.0,4.010522,1609656,3158364.0,650104,1275592.0,283128,555535.0,153784,306761.0,1.496463223140496,6.4258461983471085,68.00479983193279,85.64935084033607,100.0
00:01:00.160078,253048,503991.0,4.0167,1901432,3725223.0,755384,1479923.0,331256,648985.0,177848,354217.0,8.269551322314049,25.729075537190095,72.58613252100841,88.99275529411763,100.0
00:01:04.182945,207928,413492.0,4.022867,1396088,2731045.0,556856,1089329.0,268088,524437.0,153784,305819.0,15.34501702479339,35.3349303305785,76.26921691666664,90.36778650000002,100.0
00:01:08.188756,189880,379209.0,4.005811,1323896,2600669.0,514744,1011166.0,247032,485271.0,138744,277085.0,16.369829090909082,37.37527371900828,76.03128705882351,90.29782462184878,100.0
00:01:12.200734,186872,372628.0,4.011978,1305848,2561336.0,508728,997837.0,244024,478637.0,135736,270661.0,17.54508421487603,39.25091272727272,76.40319226890756,90.46657428571424,100.0
00:01:16.218878,186872,372056.0,4.018144,1320888,2586926.0,508728,996331.0,244024,477914.0,138744,276234.0,17.272840661157023,39.32256710743802,76.32596075630248,90.25749420168064,100.0
00:01:20.219967,186872,373642.0,4.001089,1320888,2597772.0,511736,1006424.0,241016,474002.0,135736,271398.0,18.956942892561973,42.06224933884298,76.1166902521008,90.32770932773106,100.0
00:01:24.227234,177848,355050.0,4.007267,1284792,2522951.0,496696,975363.0,235000,461470.0,132728,264974.0,16.760707190082652,38.360108677685965,75.92521134453777,90.24307949579831,100.0
00:01:28.240667,198904,396476.0,4.013433,1435192,2814032.0,541816,1062358.0,256056,502058.0,144760,288550.0,15.144955454545453,34.923943553719,75.99568336134455,90.20632966386557,100.0
00:01:32.260267,207928,413828.0,4.0196,1456248,2851009.0,568888,1113755.0,271096,530745.0,150776,300081.0,15.217885041322319,35.39002842975206,75.7338361344538,90.10746823529418,100.0
00:01:36.262811,201912,403567.0,4.002544,1441208,2833390.0,562872,1106596.0,268088,527056.0,147768,295348.0,9.154521157024796,24.3582603305785,75.28026697478991,89.85589747899162,100.0
00:01:40.271522,213944,426958.0,4.008711,1441208,2829102.0,574904,1128541.0,274104,538068.0,156792,312902.0,4.727674958677687,6.11401223140496,73.97265764705884,87.49562823529413,100.0
00:01:44.286400,228984,456270.0,4.014878,1573560,3084243.0,698232,1368564.0,316216,619796.0,162808,324409.0,0.02568388429752066,0.101929173553719,77.57253319327727,88.91955537815127,100.0
00:01:48.307444,144760,288004.0,4.021044,990008,1937530.0,397432,777808.0,186872,365724.0,111672,222175.0,0.00017198347107438014,0.06326636363636363,76.41573126050416,87.35609176470578,100.0
00:01:52.311444,171832,343320.0,4.004,1098296,2158459.0,445560,875650.0,201912,396813.0,129720,259180.0,0.0,0.0,74.38564294117647,86.66965210084037,100.0
00:01:56.321611,186872,372796.0,4.010167,1296824,2544766.0,523768,1027793.0,228984,449336.0,138744,276784.0,2.6582388429752055,3.3065153719008267,77.95726025210085,87.35527789915966,100.0
00:02:00.337944,198904,396190.0,4.016333,1317880,2582179.0,538808,1055710.0,235000,460445.0,144760,288342.0,10.94021595041322,13.09286041322314,77.31829319327738,86.74168436974793,100.0
00:02:04.360444,262072,521212.0,4.0225,1618680,3166767.0,773432,1513133.0,340280,665719.0,183864,365671.0,5.594650165289257,17.39275867768595,72.87176411764703,88.97282084033614,100.0
00:02:08.365888,247032,493392.0,4.005444,1606648,3156393.0,650104,1277183.0,316216,621232.0,171832,343196.0,8.563001983471073,23.359894958677696,74.88077116666666,89.77279558333333,100.0
00:02:12.377499,253048,504631.0,4.011611,1633720,3204725.0,695224,1363759.0,334264,655696.0,177848,354666.0,12.930725785123974,30.571106198347103,75.31555168067224,89.87296831932774,100.0
00:02:16.395277,198904,396047.0,4.017778,1426168,2793364.0,541816,1061228.0,256056,501524.0,144760,288238.0,14.868095867768597,34.35966710743803,76.69129529411767,90.37631647058824,100.0
00:02:20.396010,174840,349615.0,4.000733,1233656,2426426.0,481656,947349.0,231992,456295.0,129720,259392.0,8.013886776859508,18.408917520661163,76.6581920168067,90.4372186554622,100.0
00:02:24.402910,186872,373100.0,4.0069,1275768,2505456.0,517752,1016803.0,244024,479234.0,138744,277010.0,3.438822975206612,8.151470247933885,71.72572050420172,88.11590873949582,100.0
00:02:28.415977,207928,414501.0,4.013067,1396088,2737605.0,589944,1156828.0,274104,537493.0,144760,288577.0,0.0,0.0,65.99680361344538,84.9466118487395,100.0
00:02:32.435210,262072,521635.0,4.019233,2030776,3976163.0,785464,1537901.0,340280,666252.0,186872,371955.0,0.027386694214876033,0.5378019008264463,68.15486638655466,86.33859571428573,100.0
00:02:36.437388,277112,553922.0,4.002178,2081912,4093371.0,839608,1650803.0,361336,710444.0,189880,379553.0,0.0,0.2551007438016529,69.27385235294116,86.57391613445378,100.0
00:02:40.445744,256056,511044.0,4.008356,1997688,3921819.0,776440,1524290.0,334264,656220.0,177848,354954.0,2.700844380165289,7.140936942148761,69.74100605042017,87.25008302521006,100.0
00:02:44.460266,250040,498271.0,4.014522,1742008,3414706.0,746360,1463024.0,343288,672917.0,177848,354409.0,0.045297685950413225,0.44117330578512387,71.69000840336138,88.97619394957987,100.0
00:02:48.480955,235000,467581.0,4.020689,1438200,2814924.0,659128,1290081.0,307192,601253.0,165816,329925.0,0.0,0.0,72.91664184873949,87.91732268907565,100.0
00:02:52.484588,165816,331331.0,4.003633,773432,1520147.0,388408,763399.0,207928,408673.0,126712,253194.0,21.854969999999994,28.210918925619833,75.4778048739496,88.83139563025203,100.0
00:02:56.494388,265080,528864.0,4.0098,1287800,2527286.0,638072,1252205.0,298168,585149.0,183864,366829.0,7.359884049586778,16.03110495867769,74.10873672268906,89.47451361344537,100.0
00:03:00.510355,210936,420194.0,4.015967,1399096,2741555.0,611000,1197266.0,280120,548900.0,150776,300353.0,0.8776611570247934,1.7799942148760333,65.74953773109243,86.10863764705884,100.0
00:03:04.532487,271096,539208.0,4.022133,1507384,2949293.0,683192,1336709.0,319224,624582.0,174840,347755.0,0.0,0.0,64.67188042016807,83.57814621848743,100.0
00:03:08.537577,192888,385285.0,4.005089,1248696,2453380.0,565880,1111815.0,256056,503087.0,138744,277135.0,14.842581735537193,18.533876033057847,65.17748134453782,83.7877339495798,100.0
00:03:12.548833,228984,456682.0,4.011256,1293816,2538186.0,641080,1257659.0,301176,590841.0,162808,324702.0,7.340492975206611,20.227579586776862,70.65015537815127,87.51448201680672,100.0
00:03:16.566255,219960,438012.0,4.017422,1555512,3046969.0,607992,1190947.0,286136,560489.0,159800,318214.0,9.434034049586776,25.758872975206614,75.49577166666668,89.77067141666667,100.0
00:03:20.566622,210936,421833.0,4.000367,1462264,2876325.0,574904,1130856.0,271096,533255.0,150776,301524.0,11.48864413223141,28.522645867768603,75.52863605042016,89.89154218487396,100.0
00:03:24.573155,219960,439202.0,4.006533,1474296,2895602.0,589944,1158684.0,283128,556079.0,162808,325085.0,12.843275041322311,30.827499586776852,75.86645075630247,90.0556646218487,100.0
00:03:28.585855,183864,366564.0,4.0127,1332920,2613974.0,502712,985862.0,238008,466754.0,135736,270612.0,9.556776611570251,26.23310520661156,76.48187252100838,90.37732025210082,100.0
00:03:32.604722,183864,366001.0,4.018867,1338936,2621808.0,526776,1031495.0,247032,483720.0,138744,276185.0,10.550900991735544,28.019922727272736,75.67763697478993,90.02097428571427,100.0
00:03:36.606544,204920,409653.0,4.001822,1444216,2839808.0,568888,1118622.0,268088,527150.0,147768,295401.0,10.991686611570245,28.57698099173554,75.3175061344538,89.92346890756303,100.0
00:03:40.614533,250040,499083.0,4.007989,1690872,3319783.0,713272,1400406.0,340280,668090.0,177848,354987.0,11.120824462809917,28.69451181818183,75.20849983193276,89.92592067226893,100.0
00:03:44.628689,228984,456352.0,4.014156,1573560,3084789.0,635064,1244972.0,301176,590422.0,165816,330462.0,13.394586859504136,31.964733140495863,75.73326672268905,89.99441420168068,100.0
00:03:48.649011,189880,377840.0,4.020322,1378040,2697418.0,526776,1031127.0,253048,495324.0,141752,282070.0,13.005091074380166,31.687100578512393,76.05750563025208,90.1142830252101,100.0
00:03:52.652278,192888,385461.0,4.003267,1417144,2785586.0,541816,1065011.0,259064,509224.0,144760,289283.0,11.813079421487599,29.382793553719,75.70179235294117,89.9667811764706,100.0
00:03:56.661711,201912,402873.0,4.009433,1429176,2804987.0,556856,1092919.0,268088,526165.0,150776,300842.0,3.777194462809917,9.264286859504132,75.85702840336133,90.10581865546216,100.0
00:04:00.677322,228984,456187.0,4.015611,1558520,3054216.0,653112,1279897.0,304184,596106.0,159800,318357.0,22.131787107438015,24.785734628099167,69.96704487394959,86.30244932773108,100.0
00:04:04.699100,292152,581139.0,4.021778,1886392,3691167.0,938872,1837122.0,418488,818869.0,192888,383687.0,16.472870661157025,22.119548099173553,61.922472100840345,81.6639885714286,100.0
00:04:08.703822,262072,523525.0,4.004722,1402104,2755038.0,707256,1389709.0,349304,686358.0,171832,343258.0,3.4928776033057853,3.9575671074380168,63.876159579831885,83.83690016806727,100.0
00:04:12.714711,228984,456724.0,4.010889,1624696,3187587.0,722296,1417115.0,316216,620403.0,165816,330731.0,0.08665809917355373,0.31280330578512394,67.84533075630252,85.74844142857141,100.0
00:04:16.731767,289144,575832.0,4.017056,2060856,4037210.0,866680,1697823.0,382392,749104.0,198904,396118.0,0.004087933884297521,0.014092314049586777,68.51643663865543,86.4080413445378,100.0
00:04:20.731767,204920,409840.0,4.0,1441208,2835163.0,571896,1125041.0,271096,533303.0,144760,289520.0,6.501843636363638,16.27026462809917,72.35806775,88.60647624999999,100.0
00:04:24.737945,228984,457261.0,4.006178,1549496,3043564.0,626040,1229685.0,298168,585670.0,162808,325113.0,0.6882494214876033,1.8825512396694215,75.14561134453787,90.0844971428571,100.0
00:04:28.750289,322232,642481.0,4.012344,2015736,3953381.0,884728,1735181.0,409464,803065.0,222968,444564.0,3.2156785123966944,4.05264909090909,64.07447478991598,83.72703016806723,100.0
00:04:32.768800,319224,635507.0,4.018511,2433848,4766202.0,1098296,2150791.0,445560,872539.0,216952,431905.0,3.1771128925619827,4.0038325619834705,68.10526915966383,86.87163142857143,100.0
00:04:36.770256,313208,626188.0,4.001456,1976632,3887064.0,914808,1798978.0,388408,763807.0,213944,427732.0,16.293004710743798,23.35563950413223,71.76687831932773,86.35378647058825,100.0
00:04:40.777878,355320,709288.0,4.007622,2048824,4022933.0,1020088,2002976.0,466616,916215.0,235000,469106.0,11.297787685950412,24.56496710743802,70.18651949579834,88.8011383193277,100.0
00:04:44.791667,228984,456394.0,4.013789,1591608,3120451.0,644088,1262776.0,301176,590475.0,165816,330492.0,11.742216363636361,28.283676694214854,75.49694957983193,90.09295016806719,100.0
00:04:48.811623,213944,425763.0,4.019956,1465272,2868426.0,580920,1137212.0,277112,542476.0,153784,306041.0,13.396606115702474,31.02511636363638,75.65136462184874,90.19008487394954,100.0
00:04:52.814534,256056,511739.0,4.002911,1645752,3235228.0,716280,1408067.0,334264,657098.0,177848,355437.0,13.077016280991733,30.488486611570234,75.5080455462185,90.13845302521008,100.0
00:04:56.823612,192888,384902.0,4.009078,1384056,2716668.0,523768,1028068.0,250040,490786.0,141752,282862.0,9.66199388429752,25.092547107438016,75.81698504201684,90.22921899159662,100.0
00:05:00.838856,213944,426263.0,4.015244,1450232,2842260.0,574904,1126735.0,274104,537207.0,150776,300407.0,1.5980258677685946,5.318052561983472,75.89999453781513,90.22938663865547,100.0
00:05:04.860267,259064,515369.0,4.021411,1705912,3338315.0,725304,1419354.0,349304,683556.0,177848,353802.0,0.09863148760330578,0.10548900826446281,68.80218537815125,87.63211226890753,100.0
00:05:08.864623,358328,715876.0,4.004356,2439864,4794596.0,1140408,2241024.0,463608,911039.0,228984,457469.0,21.752583636363646,24.177219999999995,70.92526285714284,85.7404093277311,100.0
00:05:12.875145,271096,540769.0,4.010522,1714936,3364937.0,770424,1511676.0,334264,655871.0,183864,366763.0,0.33977231404958674,0.9724574380165288,64.05765957983192,84.00934638655463,100.0
00:05:16.891845,277112,551919.0,4.0167,2006712,3931484.0,818552,1603680.0,367352,719704.0,186872,372190.0,12.226695371900824,28.930373884297502,73.11044176470585,89.34848016806725,100.0
00:05:20.914712,219960,437419.0,4.022867,1516408,2966417.0,586936,1148171.0,283128,553858.0,156792,311801.0,2.4528334710743795,6.04996041322314,76.02244470588234,90.25355336134454,100.0
00:05:24.920523,189880,379209.0,4.005811,1311864,2577033.0,505720,993439.0,241016,473453.0,141752,283092.0,0.015525289256198347,0.0830795867768595,70.5183575630252,87.17126579831931,100.0
00:05:28.932501,271096,540573.0,4.011978,2015736,3953736.0,830584,1629137.0,358328,702837.0,189880,378626.0,2.4582095867768605,6.390499917355371,67.64933433333334,86.18362300000003,100.0
00:05:32.950645,189880,378045.0,4.018144,1363000,2669401.0,526776,1031677.0,247032,483805.0,138744,276234.0,11.150044049586775,28.62760256198347,72.21155126050421,88.54774109243697,100.0
00:05:36.951734,192888,385671.0,4.001089,1329912,2615519.0,517752,1018255.0,241016,474002.0,141752,283426.0,0.0966707438016529,0.24317396694214877,73.4039168907563,88.94308529411767,100.0
00:05:40.959001,183864,367061.0,4.007267,1299832,2552485.0,514744,1010804.0,247032,485097.0,135736,270979.0,7.384555950413223,17.52276652892563,73.13587546218488,88.96532403361343,100.0
00:05:44.972434,159800,318530.0,4.013433,1245688,2442465.0,448568,879523.0,216952,425385.0,120696,240584.0,12.8229432231405,30.273991652892573,76.55425756302522,90.49316756302518,100.0
00:05:48.992034,219960,437774.0,4.0196,1522424,2980566.0,617016,1207979.0,292152,571968.0,153784,306068.0,12.989162231404954,30.670929999999995,75.70435243697477,90.12454151260499,100.0
00:05:52.994578,238008,475713.0,4.002544,1564536,3075851.0,644088,1266266.0,313208,615761.0,168824,337433.0,12.39410041322314,29.685690495867764,75.48079974789917,89.94366008403364,100.0
00:05:57.003289,216952,432961.0,4.008711,1459256,2864531.0,580920,1140350.0,277112,543973.0,153784,306899.0,12.817656446280992,30.43728,76.01323478991598,90.20682789915962,100.0
00:06:01.018167,213944,426302.0,4.014878,1453240,2848411.0,580920,1138627.0,277112,543151.0,153784,306428.0,12.411491570247932,29.54706380165289,76.2037658823529,90.32906168067224,100.0
00:06:05.039211,195896,389741.0,4.021044,1359992,2661620.0,526776,1030945.0,253048,495236.0,144760,288004.0,9.453138181818181,24.1460232231405,76.10007983193279,90.25554504201679,100.0
00:06:09.043211,201912,403420.0,4.004,1378040,2708234.0,538808,1058908.0,256056,503221.0,147768,295240.0,2.3292589256198353,6.047291983471074,76.3677545378151,90.3803271428572,100.0
00:06:13.053378,250040,498812.0,4.010167,1648760,3235373.0,689208,1352437.0,322232,632318.0,174840,348793.0,0.0,0.0,71.27967277310927,87.58368672268902,100.0
00:06:17.069711,289144,575936.0,4.016333,1994680,3908263.0,833592,1633293.0,367352,719768.0,198904,396190.0,0.0,0.03495231404958678,68.2162418487395,86.64107747899159,100.0
00:06:21.092211,283128,563088.0,4.0225,2054840,4020065.0,851640,1666138.0,370360,724568.0,195896,389600.0,0.0,0.0011249586776859504,68.545514789916,86.48582067226891,100.0
00:06:25.097655,247032,493392.0,4.005444,1790136,3516870.0,740344,1454467.0,325240,638960.0,174840,349204.0,0.0,0.0,68.92860336134454,86.6914531092437,100.0
00:06:29.109266,274104,546621.0,4.011611,1976632,3877385.0,830584,1629283.0,367352,720602.0,189880,378660.0,1.5993973553719014,7.586158181818185,70.84742857142855,87.60491546218485,100.0
00:06:33.127043,210936,420005.0,4.017778,1462264,2864064.0,580920,1137819.0,277112,542765.0,153784,306207.0,1.2169301652892563,4.423801074380165,74.94680875000002,89.69724866666662,100.0
00:06:37.127777,265080,530062.0,4.000733,1723960,3390785.0,719288,1414737.0,340280,669282.0,186872,373675.0,0.053499918032786885,0.059221557377049185,72.64526420168065,89.16354924369749,100.0
00:06:41.134677,271096,541258.0,4.0069,1408120,2765379.0,692216,1359429.0,343288,674176.0,189880,379106.0,0.0,0.0,74.70539294117648,88.5679208403361,100.0
00:06:45.147744,192888,384519.0,4.013067,953912,1870537.0,487672,956281.0,247032,484408.0,138744,276584.0,3.0106910743801656,4.722203719008264,74.66816100840335,87.31670117647056,100.0
00:06:49.166977,201912,401891.0,4.019233,1071224,2097406.0,547832,1072629.0,265080,519014.0,147768,294121.0,6.004179173553719,9.013382561983471,72.23879823529413,86.80252983193283,100.0
00:06:53.169155,204920,409616.0,4.002178,1020088,2005656.0,487672,958841.0,250040,491618.0,150776,301387.0,0.0,0.0909905785123967,74.32905949579836,88.6086033613445,100.0
00:06:57.177511,228984,457013.0,4.008356,1375032,2699434.0,635064,1246744.0,310200,608978.0,159800,318933.0,5.70110834710744,15.59098950413223,71.38378899159662,87.83850537815125,100.0
00:07:01.192033,225976,450317.0,4.014522,1516408,2972482.0,626040,1227171.0,295160,578576.0,162808,324438.0,9.82680388429752,26.503940082644625,75.39378184873947,89.99274075630255,100.0
00:07:05.212722,198904,395761.0,4.020689,1390072,2720726.0,541816,1060472.0,259064,507054.0,147768,294015.0,9.49807578512397,25.90743107438017,76.25163739495795,90.20107731092442,100.0
00:07:09.216355,159800,319309.0,4.003633,1203576,2365576.0,439544,863904.0,210936,414585.0,123704,247183.0,9.791154380165286,25.433739999999993,76.51197714285716,90.32358739495797,100.0
00:07:13.226155,222968,444846.0,4.0098,1504376,2952313.0,598968,1175464.0,286136,561537.0,162808,324820.0,8.12938859504132,22.9446826446281,75.31123294117646,89.91402991596637,100.0
00:07:17.242122,204920,408210.0,4.015967,1435192,2812286.0,544824,1067593.0,262072,513535.0,147768,294360.0,2.2553165289256203,5.644834049586777,75.65585840336135,90.08633529411765,100.0
00:07:21.264255,201912,401601.0,4.022133,1411128,2760962.0,547832,1071868.0,262072,512760.0,147768,293909.0,0.0,0.0,75.50701168067225,89.91060319327737,100.0
00:07:25.269344,262072,523478.0,4.005089,1835256,3605827.0,785464,1543243.0,346296,680386.0,180856,361252.0,0.0,0.3766942975206612,66.02420193277308,84.97967168067227,100.0
00:07:29.280600,265080,528672.0,4.011256,1982648,3889525.0,785464,1540909.0,337272,661654.0,183864,366696.0,0.0,0.0,68.65626151260506,86.73651764705888,100.0
00:07:33.298022,277112,551820.0,4.017422,1985656,3889545.0,812536,1591612.0,355320,696008.0,192888,384103.0,1.9400631404958675,5.0952715702479345,69.25618890756301,86.85315445378146,100.0
00:07:37.298389,235000,469956.0,4.000367,1588600,3124832.0,641080,1261027.0,304184,598340.0,168824,337617.0,1.154335867768595,2.773856611570248,75.25040361344536,89.9166525210084,100.0
00:07:41.304922,204920,409171.0,4.006533,1411128,2771536.0,544824,1070065.0,262072,514724.0,147768,295054.0,0.0,0.0,75.28301758333333,89.72861308333333,100.0
00:07:45.317622,280120,558466.0,4.0127,1805176,3540110.0,770424,1510869.0,346296,679117.0,192888,384555.0,0.0,0.0,65.86341588235294,84.81614302521008,100.0
00:07:49.336489,174840,348038.0,4.018867,1308856,2562908.0,487672,954924.0,231992,454270.0,126712,252234.0,0.0,0.0,72.93930403361345,88.74301210084029,100.0
00:07:53.338311,352312,704303.0,4.001822,2121016,4170621.0,1128376,2218761.0,427512,840630.0,204920,409653.0,4.14604611570248,4.14604611570248,64.00517109243697,88.91018084033614,100.0
00:07:53.646300,45496,1181756.0,0.307989,304184,6495216.0,186872,3990263.0,72568,1549538.0,24440,634827.0,4.14604611570248,4.14604611570248,64.00517109243697,88.91018084033614,100.0
