delta_t_s,480x270_size_byte,480x270_bitrate,seg_len_s,1920x1080_size_byte,1920x1080_bitrate,1280x720_size_byte,1280x720_bitrate,720x406_size_byte,720x406_bitrate,320x180_size_byte,320x180_bitrate,320x180_vmaf_score,480x270_vmaf_score,720x406_vmaf_score,1280x720_vmaf_score,1920x1080_vmaf_score
00:00:04,117688,235376.0,4.0,283128,554699.0,201912,395582.0,138744,271825.0,99640,199280.0,1.690953917525773,30.173322989690753,69.43374200000001,89.39994273684214,100.0
00:00:08.006178,165816,331120.0,4.006178,851640,1665998.0,415480,812771.0,198904,389100.0,126712,253033.0,3.836958041237113,5.995775360824744,80.40957536842102,92.06700989473681,100.0
00:00:12.018522,253048,504538.0,4.012344,1456248,2844458.0,713272,1393219.0,328248,641159.0,177848,354601.0,1.806434536082474,4.0831081443298975,73.38898031578947,86.50139073684211,100.0
00:00:16.037033,159800,318127.0,4.018511,845624,1649256.0,409464,798594.0,195896,382064.0,120696,240280.0,2.5022878350515465,4.843024639175256,68.95142231578947,86.08735242105259,100.0
00:00:20.038489,364344,728422.0,4.001456,2084920,4083285.0,1107320,2168670.0,460600,902078.0,231992,463815.0,0.1104056701030928,2.0593523711340205,70.4455810526316,85.80430600000001,100.0
00:00:24.046111,201912,403055.0,4.007622,1089272,2130108.0,517752,1012481.0,244024,477197.0,141752,282964.0,7.8035346391752585,16.160585876288653,68.01602642105264,87.39504694736841,100.0
00:00:28.059900,165816,330492.0,4.013789,860664,1680524.0,418488,817135.0,207928,405998.0,126712,252553.0,18.060254639175263,25.36582484536082,73.30586115789477,86.52490221052632,100.0
00:00:32.079856,204920,407805.0,4.019956,1188536,2317235.0,577912,1126729.0,271096,528543.0,150776,300055.0,3.609834536082474,5.759016701030928,69.72820263157897,89.0476429473684,100.0
00:00:36.082767,328248,656018.0,4.002911,2211256,4329170.0,1080248,2114896.0,442552,866423.0,225976,451623.0,0.17713670103092782,0.8743882474226805,69.28797136842103,87.63678526315792,100.0
00:00:40.091845,364344,727037.0,4.009078,2340600,4575493.0,1146424,2241073.0,499704,976840.0,238008,474938.0,0.12725260416666667,0.47883395833333336,69.98133800000002,85.05096063157892,100.0
00:00:44.107089,250040,498181.0,4.015244,1456248,2842446.0,716280,1398104.0,328248,640706.0,168824,336366.0,19.948138865979377,25.337129999999988,64.7931094736842,79.02386778947368,100.0
00:00:48.128500,313208,623080.0,4.021411,1976632,3852385.0,956920,1865003.0,409464,798030.0,201912,401673.0,15.485800618556704,18.37714206185567,72.63324242105264,85.20012063157894,100.0
00:00:52.132856,195896,391365.0,4.004356,1119352,2190679.0,529784,1036838.0,238008,465804.0,138744,277186.0,0.42220329896907216,1.3146929896907216,67.99139357894735,84.24121305263158,100.0
00:00:56.143378,274104,546769.0,4.010522,1435192,2804578.0,743352,1452620.0,313208,612054.0,180856,360763.0,8.209216701030929,10.905737113402063,70.0446687368421,85.6481890526316,100.0
00:01:00.160078,195896,390163.0,4.0167,1014072,1978661.0,487672,951547.0,231992,452663.0,138744,276334.0,1.203419587628866,1.451129175257732,73.95120042105265,89.35974842105267,100.0
00:01:04.182945,153784,305819.0,4.022867,692216,1348625.0,322232,627796.0,171832,334775.0,120696,240019.0,22.060432371134027,27.333696185567014,76.12819200000001,87.10537894736842,100.0
00:01:08.188756,216952,433274.0,4.005811,1284792,2513566.0,638072,1248323.0,295160,577450.0,150776,301114.0,5.2057418556701025,7.186015463917527,72.84683726315791,88.98106863157895,100.0
00:01:12.200734,253048,504585.0,4.011978,1471288,2874092.0,737336,1440351.0,343288,670597.0,183864,366630.0,12.530519690721647,17.44675958762887,74.1740682105263,87.78889568421054,100.0
00:01:16.218878,213944,425955.0,4.018144,1080248,2107041.0,520760,1015751.0,247032,481840.0,153784,306179.0,0.11585103092783505,0.9743598969072162,67.91257473684209,85.09422536842106,100.0
00:01:20.219967,328248,656317.0,4.001089,1997688,3912794.0,965944,1891957.0,454584,890376.0,210936,421757.0,0.3066532291666667,1.1182216666666667,71.3738514736842,88.34594,100.0
00:01:24.227234,283128,565229.0,4.007267,1579576,3089182.0,791480,1547900.0,367352,718431.0,195896,391081.0,0.563658350515464,1.967073505154639,73.66554915789474,86.86861957894735,100.0
00:01:28.240667,189880,378488.0,4.013433,990008,1933247.0,460600,899441.0,225976,441276.0,141752,282555.0,0.9166013402061856,2.8220032989690718,72.96759747368422,86.94167,100.0
00:01:32.260267,231992,461721.0,4.0196,1263736,2464063.0,611000,1191342.0,286136,557915.0,159800,318041.0,0.2647557731958763,1.4893601030927837,63.96035421052632,81.92545768421051,100.0
00:01:36.262811,367352,734237.0,4.002544,2346616,4594589.0,1152440,2256436.0,475640,931285.0,222968,445652.0,0.4007105154639175,1.4260655670103093,60.334912526315804,80.00111610526315,100.0
00:01:40.271522,388408,775127.0,4.008711,2614328,5111045.0,1281784,2505904.0,553848,1082780.0,268088,535010.0,0.0,0.0,76.6857270526316,88.18178515789474,100.0
00:01:44.286400,114680,228510.0,4.014878,529784,1034176.0,244024,476352.0,135736,264966.0,96632,192547.0,0.46262072164948453,0.8860274226804123,79.45474736842104,88.26312778947366,100.0
00:01:48.307444,123704,246113.0,4.021044,586936,1144019.0,271096,528403.0,144760,282157.0,102648,204221.0,0.3986338144329897,1.8172019587628871,71.5383467368421,86.97398126315788,100.0
00:01:52.311444,183864,367360.0,4.004,842616,1649224.0,403448,789655.0,198904,389308.0,141752,283220.0,3.8251476288659796,6.01135793814433,74.33484494736844,87.33782484210528,100.0
00:01:56.321611,159800,318789.0,4.010167,1218616,2381562.0,544824,1064759.0,228984,447507.0,114680,228778.0,1.9119083505154642,2.6178851546391755,71.46524863157896,86.9846069473684,100.0
00:02:00.337944,289144,575936.0,4.016333,1735992,3387577.0,794488,1550346.0,358328,699233.0,198904,396190.0,0.0,0.0,71.26181947368424,86.9708730526316,100.0
00:02:04.360444,259064,515229.0,4.0225,1347960,2626429.0,647096,1260832.0,292152,569242.0,174840,347724.0,0.0,0.0,71.04307410526317,87.14067052631577,100.0
00:02:08.365888,195896,391259.0,4.005444,1113336,2178325.0,493688,965937.0,231992,453909.0,141752,283118.0,0.7336946391752577,0.9095556701030927,74.50746273684213,89.24534526315789,100.0
00:02:12.377499,213944,426649.0,4.011611,1164472,2274945.0,553848,1082013.0,262072,511991.0,153784,306677.0,0.0,0.11296309278350515,75.71775915789472,88.33410431578947,100.0
00:02:16.395277,162808,324175.0,4.017778,911800,1778639.0,415480,810473.0,204920,399735.0,123704,246313.0,4.967712989690722,8.126557319587628,75.36208631578945,88.20175273684208,100.0
00:02:20.396010,156792,313526.0,4.000733,926840,1815524.0,397432,778502.0,189880,371943.0,117688,235332.0,15.116132061855671,26.597359896907225,74.90611642105264,86.39898315789473,100.0
00:02:24.402910,225976,451173.0,4.0069,1122360,2195200.0,562872,1100909.0,268088,524347.0,159800,319049.0,0.21115443298969072,0.946049587628866,71.53943294736838,89.0200655789474,100.0
00:02:28.415977,274104,546422.0,4.013067,1092280,2133151.0,535800,1046382.0,301176,588176.0,195896,390516.0,0.0,0.0,72.77617757894737,86.17298484210525,100.0
00:02:32.435210,162808,324057.0,4.019233,863672,1684159.0,391416,763260.0,189880,370265.0,123704,246224.0,53.52539649484537,55.77570793814433,78.94706021052629,88.59085568421054,100.0
00:02:36.437388,174840,349489.0,4.002178,881720,1726530.0,412472,807677.0,192888,377701.0,129720,259298.0,0.9284220618556699,3.397795154639175,63.637281473684205,85.31375073684214,100.0
00:02:40.445744,391416,781200.0,4.008356,2166136,4235191.0,1119352,2188537.0,493688,965250.0,241016,481027.0,14.422610624999997,19.85179895833333,71.64675378947369,86.99381347368426,100.0
00:02:44.460266,225976,450317.0,4.014522,1372024,2678521.0,671160,1310265.0,301176,587968.0,162808,324438.0,2.041276804123711,3.2652936082474224,73.1069847368421,88.55621810526313,100.0
00:02:48.480955,304184,605237.0,4.020689,1841272,3589204.0,926840,1806695.0,415480,809898.0,195896,389775.0,0.29686752577319586,2.6330108247422683,75.1782912631579,88.314444631579,100.0
00:02:52.484588,198904,397447.0,4.003633,1173496,2297050.0,580920,1137117.0,265080,518878.0,141752,283246.0,0.977296082474227,5.806490412371134,69.46927589473684,85.09499378947365,100.0
00:02:56.494388,235000,468851.0,4.0098,1751032,3422379.0,836600,1635128.0,340280,665074.0,147768,294813.0,2.2074519587628867,4.890535051546392,69.44455221052634,85.22113442105264,100.0
00:03:00.510355,343288,683846.0,4.015967,2268408,4426917.0,1152440,2249047.0,499704,975198.0,213944,426186.0,0.20901278350515468,0.8718195876288659,71.18654105263158,86.15714000000001,100.0
00:03:04.532487,210936,419550.0,4.022133,1290808,2515296.0,617016,1202330.0,286136,557570.0,147768,293909.0,0.0,0.08984762886597938,75.24071263157896,86.9746547368421,100.0
00:03:08.537577,228984,457386.0,4.005089,1411128,2761217.0,662136,1295631.0,277112,542237.0,159800,319193.0,0.0,0.015748350515463916,52.71663863157896,73.59442378947364,100.0
00:03:12.548833,316216,630657.0,4.011256,2124024,4149913.0,1023096,1998922.0,427512,835272.0,207928,414689.0,11.3767775257732,13.602054948453608,74.5797627368421,88.6015182105263,100.0
00:03:16.566255,313208,623699.0,4.017422,1853304,3615537.0,920824,1796398.0,412472,804675.0,204920,408062.0,3.1816101030927846,4.989058556701031,69.37723442105263,85.50495768421052,100.0
00:03:20.566622,304184,608312.0,4.000367,1585592,3106187.0,827576,1621227.0,376376,737323.0,198904,397771.0,5.321542164948456,9.145219072164949,64.4216617894737,81.66003063157895,100.0
00:03:24.573155,331256,661431.0,4.006533,1943544,3801677.0,968952,1895322.0,418488,818585.0,213944,427190.0,1.2444816666666667,2.3994996875000005,67.48007600000003,84.90300652631579,100.0
00:03:28.585855,340280,678406.0,4.0127,1919480,3748954.0,902776,1763220.0,397432,776228.0,222968,444524.0,0.0,0.09574,64.29971747368418,81.21732010526317,100.0
00:03:32.604722,262072,521683.0,4.018867,1516408,2957258.0,728312,1420334.0,322232,628408.0,171832,342050.0,2.9440043298969067,4.469134639175259,64.91619273684212,80.87050536842106,100.0
00:03:36.606544,256056,511878.0,4.001822,1627704,3187549.0,791480,1549963.0,346296,678154.0,168824,337494.0,0.7702944329896907,2.6096243298969073,70.01975915789474,87.69059936842103,100.0
00:03:40.614533,301176,601151.0,4.007989,1865336,3647400.0,911800,1782895.0,388408,759476.0,201912,403019.0,9.059091752577318,18.209214639175265,68.86491821052633,86.17059684210527,100.0
00:03:44.628689,310200,618212.0,4.014156,1104312,2156075.0,565880,1104832.0,295160,576274.0,222968,444363.0,0.0,0.0,71.51995673684208,87.39657863157899,100.0
00:03:48.649011,171832,341926.0,4.020322,902776,1759945.0,430520,839290.0,204920,399487.0,129720,258128.0,0.0,0.1254960824742268,72.84921368421053,87.07923389473682,100.0
00:03:52.652278,352312,704048.0,4.003267,2045816,4004925.0,1029112,2014607.0,466616,913455.0,244024,487649.0,8.84399783505155,14.365663092783507,65.42907210526313,82.29989684210521,100.0
00:03:56.661711,388408,774988.0,4.009433,2463928,4816161.0,1221624,2387869.0,538808,1053190.0,259064,516908.0,1.3411480412371135,3.6167377319587635,59.59621578947372,82.68836326315788,100.0
00:04:00.677322,391416,779788.0,4.015611,2554168,4985026.0,1296824,2531040.0,562872,1098569.0,289144,576039.0,9.182640721649486,11.232400412371133,61.203881368421044,84.49766736842105,100.0
00:04:04.699100,304184,605073.0,4.021778,1522424,2966884.0,785464,1530704.0,361336,704168.0,210936,419587.0,0.8472930208333334,2.8977996874999996,66.9192192631579,83.6791204210526,100.0
00:04:08.703822,244024,487472.0,4.004722,1375032,2690828.0,614008,1201565.0,271096,530513.0,159800,319223.0,0.0,0.02965082474226804,62.29106221052633,83.26808273684208,100.0
00:04:12.714711,259064,516721.0,4.010889,1447224,2827836.0,638072,1246775.0,286136,559102.0,174840,348730.0,0.7709746391752577,1.221081649484536,65.55900715789474,84.81024599999999,100.0
00:04:16.731767,280120,557861.0,4.017056,1543480,3011382.0,701240,1368143.0,349304,681504.0,186872,372157.0,0.03265742268041237,0.5126192783505155,63.63580947368424,83.22936147368421,100.0
00:04:20.731767,352312,704624.0,4.0,2148088,4208499.0,1023096,2004433.0,448568,878827.0,241016,482032.0,0.0,0.08173556701030928,62.62757189473682,83.58193610526314,100.0
00:04:24.737945,328248,655483.0,4.006178,1754040,3431295.0,893752,1748379.0,406456,795119.0,219960,439241.0,0.0,0.10766164948453608,62.132464736842095,84.08759242105259,100.0
00:04:28.750289,244024,486546.0,4.012344,1263736,2468429.0,583928,1140574.0,268088,523650.0,165816,330611.0,0.13371443298969074,0.312519175257732,65.81820831578949,84.54365663157894,100.0
00:04:32.768800,192888,383998.0,4.018511,902776,1760722.0,457592,892461.0,231992,452463.0,141752,282198.0,0.14803340206185567,0.30937447916666666,75.279690106383,90.53497648936172,100.0
00:04:36.770256,147768,295428.0,4.001456,550840,1078812.0,253048,495590.0,138744,271728.0,111672,223262.0,21.67493556701031,24.284974606741574,78.12192736842103,89.16196199999997,100.0
00:04:40.777878,219960,439083.0,4.007622,1245688,2435984.0,629048,1230124.0,277112,541901.0,153784,306983.0,0.07508876288659795,0.35241793814432987,74.340916,87.07884905263154,100.0
00:04:44.791667,189880,378455.0,4.013789,938872,1833232.0,454584,887616.0,219960,429491.0,135736,270539.0,1.0416666666666667,1.0416666666666667,68.4378250526316,84.94265589473687,100.0
00:04:45.769956,78584,642624.0,0.978289,451576,3402913.0,225976,1702873.0,102648,773518.0,48504,396643.0,1.0416666666666667,1.0416666666666667,68.4378250526316,84.94265589473687,100.0
