delta_t_s,480x270_size_byte,480x270_bitrate,seg_len_s,1920x1080_size_byte,1920x1080_bitrate,1280x720_size_byte,1280x720_bitrate,720x406_size_byte,720x406_bitrate,320x180_size_byte,320x180_bitrate,320x180_vmaf_score,480x270_vmaf_score,720x406_vmaf_score,1280x720_vmaf_score,1920x1080_vmaf_score
00:00:04,256056,512112.0,4.0,1489336,2929841.0,626040,1231553.0,298168,586559.0,183864,367728.0,3.233796311475411,29.211890655737704,71.77989083333334,88.46202791666666,100.0
00:00:08.006178,268088,535349.0,4.006178,1675832,3291717.0,689208,1353762.0,328248,644754.0,186872,373167.0,4.398424508196723,23.869510163934432,76.15757749999996,90.69914108333337,100.0
00:00:12.018522,253048,504538.0,4.012344,1627704,3192350.0,647096,1269123.0,307192,602483.0,180856,360599.0,3.043801229508197,19.981358360655737,76.76503933333332,91.24868308333339,100.0
00:00:16.037033,228984,455858.0,4.018511,1702904,3334795.0,638072,1249535.0,298168,583902.0,159800,318127.0,7.63253836065574,30.045125327868863,66.44367691666667,85.56718541666663,100.0
00:00:20.038489,247032,493884.0,4.001456,1720952,3384267.0,713272,1402655.0,328248,645502.0,168824,337525.0,3.607557377049181,27.359336557377055,68.6052306666667,86.82290624999999,100.0
00:00:24.046111,247032,493124.0,4.007622,1796152,3526803.0,683192,1341469.0,304184,597275.0,165816,331001.0,5.071388114754099,25.232072459016397,68.97542675000001,86.86347366666664,100.0
00:00:28.059900,289144,576301.0,4.013789,1985656,3893008.0,797496,1563542.0,343288,673038.0,195896,390446.0,1.2420011475409838,18.567528114754094,67.26151225,86.71975474999998,100.0
00:00:32.079856,280120,557458.0,4.019956,1904440,3728144.0,767416,1502298.0,325240,636691.0,186872,371888.0,0.9013639344262295,19.420385163934426,67.59385808333334,86.70951708333334,100.0
00:00:36.082767,292152,583879.0,4.002911,1829240,3595930.0,794488,1561809.0,364344,716229.0,198904,397518.0,3.070441393442623,14.428770000000002,67.73564191666668,86.84187441666667,100.0
00:00:40.091845,343288,685021.0,4.009078,1841272,3614106.0,860664,1689338.0,418488,821421.0,238008,474938.0,0.05060073770491804,9.004467786885245,70.6869073333333,89.01307808333333,100.0
00:00:44.107089,265080,528147.0,4.015244,1594616,3125234.0,674168,1321279.0,322232,631531.0,186872,372325.0,1.2355204098360657,13.12920475409836,68.90441075,87.61417550000002,100.0
00:00:48.128500,225976,449545.0,4.021411,1748024,3420725.0,638072,1248649.0,295160,577601.0,156792,311914.0,6.913154344262294,25.927658196721318,69.65522558333329,87.28434724999995,100.0
00:00:52.132856,247032,493526.0,4.004356,1799160,3535543.0,683192,1342546.0,313208,615487.0,165816,331271.0,4.220529016393443,17.62729163934426,69.36038649999999,87.03367674999997,100.0
00:00:56.143378,400440,798778.0,4.010522,2265400,4445023.0,1098296,2155006.0,499704,980487.0,271096,540769.0,0.0,2.683713852459017,66.88220616666665,87.91275125,100.0
00:01:00.160078,274104,545928.0,4.0167,1916472,3754689.0,752376,1474030.0,346296,678451.0,186872,372190.0,2.8275749180327887,16.903833278688523,66.73849808333333,86.01772600000001,100.0
00:01:04.182945,195896,389564.0,4.022867,1615672,3160598.0,562872,1101097.0,256056,500900.0,141752,281892.0,8.40797073770492,27.029675409836063,70.09929166666667,87.23651774999998,100.0
00:01:08.188756,280120,559427.0,4.005811,1955576,3841545.0,752376,1477971.0,319224,627085.0,186872,373201.0,2.8599244262295094,16.97373508196721,67.11134833333332,86.6739135833333,100.0
00:01:12.200734,364344,726512.0,4.011978,2289464,4490636.0,987000,1935937.0,454584,891637.0,241016,480592.0,0.14682729508196724,2.983402704918032,66.19760749999999,85.94247408333334,100.0
00:01:16.218878,370360,737375.0,4.018144,2196216,4301234.0,983992,1927123.0,451576,884400.0,247032,491833.0,0.2750519672131148,7.546721065573771,67.42741550000001,87.15509174999997,100.0
00:01:20.219967,316216,632259.0,4.001089,2081912,4094467.0,911800,1793224.0,418488,823034.0,213944,427771.0,0.41185286885245903,4.986794836065575,66.89194891666665,86.47889383333339,100.0
00:01:24.227234,259064,517188.0,4.007267,1829240,3592085.0,734328,1442002.0,334264,656395.0,177848,355050.0,5.924424836065572,19.637483442622944,66.47315191666665,86.11458641666671,100.0
00:01:28.240667,274104,546373.0,4.013433,1612664,3162008.0,716280,1404436.0,340280,667199.0,189880,378488.0,1.899055901639344,5.845786229508194,69.67503466666668,86.97186325000003,100.0
00:01:32.260267,235000,467708.0,4.0196,956920,1873436.0,535800,1048976.0,271096,530745.0,171832,341988.0,3.8019585245901615,9.397928278688527,70.32684566666663,86.59729283333331,100.0
00:01:36.262811,250040,499762.0,4.002544,1877368,3690873.0,710264,1396367.0,319224,627588.0,171832,343445.0,4.050631652892563,19.572770082644638,69.17925416666664,87.17341724999999,100.0
00:01:40.271522,271096,541013.0,4.008711,1835256,3602622.0,764408,1500539.0,349304,685686.0,183864,366928.0,0.047799016393442625,4.687130163934424,67.52556349999999,86.88056008333336,100.0
00:01:44.286400,319224,636082.0,4.014878,2048824,4015781.0,905784,1775374.0,415480,814358.0,216952,432296.0,0.0,9.963582950819672,68.50381116666667,87.98312491666664,100.0
00:01:48.307444,259064,515416.0,4.021044,1823224,3568205.0,749368,1466577.0,337272,660070.0,180856,359818.0,0.0,12.812857131147538,68.8827565,87.85327783333334,100.0
00:01:52.311444,250040,499580.0,4.004,1669816,3281655.0,683192,1342663.0,313208,615541.0,174840,349330.0,0.0,9.770180901639339,69.45448366666668,88.19389133333335,100.0
00:01:56.321611,268088,534816.0,4.010167,1772088,3477380.0,731320,1435074.0,331256,650025.0,183864,366795.0,0.0,5.619215491803281,68.70532008333333,87.7998449166667,100.0
00:02:00.337944,180856,360241.0,4.016333,734328,1438800.0,394424,772812.0,201912,395614.0,138744,276359.0,13.224634180327866,23.43787950819672,76.12546991666669,88.8373618333333,100.0
00:02:04.360444,313208,622912.0,4.0225,1955576,3825866.0,890744,1742641.0,394424,771646.0,213944,425494.0,1.665708278688525,4.46640213114754,64.6364428333333,85.3192501666667,100.0
00:02:08.365888,165816,331181.0,4.005444,863672,1696755.0,430520,845792.0,204920,402582.0,132728,265095.0,6.362454098360656,17.69554934426229,68.81965858333336,87.75916775000005,100.0
00:02:12.377499,313208,624602.0,4.011611,1946552,3818380.0,905784,1776796.0,418488,820911.0,216952,432648.0,1.1538095901639345,2.2485749180327868,65.44934158333336,86.35948025000002,100.0
00:02:16.395277,111672,222355.0,4.017778,397432,778430.0,213944,419041.0,126712,248184.0,99640,198398.0,8.868018606557378,24.33499073770493,70.74496208333335,89.19170908333334,100.0
00:02:20.396010,316216,632316.0,4.000733,1832248,3603772.0,830584,1633641.0,376376,740278.0,216952,433824.0,1.4390858196721314,8.595876065573774,63.956917999999995,85.18299658333335,100.0
00:02:24.402910,256056,511230.0,4.0069,1714936,3367929.0,683192,1341707.0,322232,632825.0,174840,349077.0,0.6323948360655738,6.266728852459017,68.02149383333334,86.54920775,100.0
00:02:28.415977,253048,504448.0,4.013067,1477304,2896863.0,629048,1233507.0,310200,608274.0,180856,360534.0,0.0,5.964489590163932,71.88398991666672,89.17615633333334,100.0
00:02:32.435210,189880,377942.0,4.019233,914808,1791151.0,424504,831158.0,210936,413002.0,144760,288134.0,20.002295327868847,32.403118032786885,77.10494258333337,90.45034449999999,100.0
00:02:36.437388,241016,481769.0,4.002178,1332920,2620733.0,635064,1248637.0,301176,592160.0,171832,343476.0,1.337197213114754,2.6861273770491803,70.71300633333335,87.20582775000003,100.0
00:02:40.445744,307192,613103.0,4.008356,1988664,3904103.0,869688,1707353.0,385400,756609.0,204920,408985.0,0.01953,0.20349426229508197,65.05769683333335,86.45581233333331,100.0
00:02:44.460266,216952,432334.0,4.014522,1233656,2418228.0,559864,1097452.0,271096,531405.0,153784,306455.0,8.63354532786885,25.50559803278688,64.73952525000001,85.03872608333336,100.0
00:02:48.480955,210936,419701.0,4.020689,1083256,2120208.0,532792,1042810.0,268088,524716.0,159800,317955.0,0.0,0.18943524590163935,65.90712883333335,86.36687766666664,100.0
00:02:52.484588,292152,583773.0,4.003633,1681848,3305600.0,746360,1466938.0,358328,704278.0,204920,409468.0,0.0,1.9225177049180326,69.1915165833333,87.86122058333335,100.0
00:02:56.494388,286136,570873.0,4.0098,1868344,3666594.0,800504,1570976.0,361336,709116.0,192888,384833.0,0.0,7.373678524590165,69.06093058333333,88.17555600000006,100.0
00:03:00.510355,346296,689838.0,4.015967,2187192,4285844.0,974968,1910468.0,448568,878977.0,231992,462139.0,0.0,2.568221885245902,68.36509458333337,88.24834508333333,100.0
00:03:04.532487,292152,581088.0,4.022133,1967608,3849751.0,785464,1536810.0,352312,689321.0,195896,389636.0,2.629110081967213,15.001380737704917,65.32962249999999,85.54161316666662,100.0
00:03:08.537577,253048,505452.0,4.005089,1775096,3487627.0,710264,1395494.0,325240,639016.0,174840,349235.0,0.2393895041322314,2.46939694214876,68.98073866666665,87.06623491666667,100.0
00:03:12.548833,262072,522673.0,4.011256,1723960,3382035.0,713272,1399284.0,331256,649852.0,183864,366696.0,0.0,9.463487786885246,68.64980050000003,87.83563625000005,100.0
00:03:16.566255,250040,497911.0,4.017422,1748024,3424066.0,704248,1379495.0,325240,637086.0,171832,342173.0,0.0,0.8382789344262297,67.95285324999999,86.93347491666661,100.0
00:03:20.566622,292152,584250.0,4.000367,1865336,3669182.0,845624,1663372.0,364344,716677.0,195896,391756.0,6.897451639344262,18.2725262295082,66.51438541666667,85.81372666666662,100.0
00:03:24.573155,135736,271029.0,4.006533,508728,999171.0,295160,579711.0,174840,343395.0,111672,222979.0,2.28058,6.654399344262295,73.84433383333332,89.33909408333335,100.0
00:03:28.585855,292152,582454.0,4.0127,1823224,3575503.0,800504,1569859.0,355320,696813.0,195896,390551.0,0.7259516393442623,7.252909098360657,64.06808833333335,84.68369258333334,100.0
00:03:32.604722,268088,533658.0,4.018867,1609656,3151913.0,749368,1467358.0,346296,678092.0,183864,366001.0,2.448057868852459,5.6296455737704925,64.78486558333337,85.65287791666668,100.0
00:03:36.606544,105656,211215.0,4.001822,316216,621785.0,183864,361537.0,123704,243243.0,96632,193176.0,14.269883114754098,38.85401967213115,83.08927816666662,93.53673625,100.0
00:03:40.614533,204920,409023.0,4.007989,974968,1914209.0,508728,998814.0,256056,502729.0,156792,312958.0,0.0,0.0,73.64210458333334,88.82789075000005,100.0
00:03:44.628689,346296,690149.0,4.014156,1997688,3916245.0,932856,1828760.0,445560,873470.0,235000,468342.0,0.0,0.00581172131147541,69.23712575000003,88.49596641666663,100.0
00:03:48.649011,289144,575364.0,4.020322,1600632,3133127.0,752376,1472724.0,355320,695514.0,198904,395797.0,8.155444672131148,20.221655,70.32264458333333,88.94650091666668,100.0
00:03:52.652278,126712,253217.0,4.003267,451576,887633.0,244024,479661.0,156792,308195.0,105656,211139.0,12.627736803278687,32.45517229508197,78.45281425000003,92.84584933333333,100.0
00:03:56.661711,219960,438884.0,4.009433,1164472,2285463.0,583928,1146052.0,298168,585202.0,165816,330851.0,0.0,0.0,69.75446924999997,88.21361475000002,100.0
00:04:00.677322,256056,510121.0,4.015611,1778104,3484532.0,713272,1397792.0,328248,643264.0,177848,354313.0,0.0,0.0,67.69758591666668,86.72654391666666,100.0
00:04:04.699100,286136,569173.0,4.021778,1898424,3714711.0,842616,1648775.0,373368,730581.0,192888,383687.0,1.8240893442622956,2.6561759836065577,64.67677008333332,83.1663166666667,100.0
00:04:08.703822,183864,367294.0,4.004722,935864,1838908.0,418488,822300.0,228984,449937.0,141752,283169.0,5.631606967213113,13.28627704918033,71.94631966666665,87.97010191666668,100.0
00:04:12.714711,210936,420726.0,4.010889,1080248,2119402.0,538808,1057119.0,271096,531879.0,156792,312732.0,1.060527295081967,6.721349344262294,69.11040958333335,87.588843,100.0
00:04:16.731767,262072,521918.0,4.017056,1856312,3636509.0,725304,1420868.0,337272,660714.0,177848,354185.0,1.318955327868853,7.452948114754099,69.55131149999998,87.24348824999998,100.0
00:04:20.731767,262072,524144.0,4.0,1552504,3054105.0,698232,1373571.0,325240,639816.0,180856,361712.0,1.0316683606557377,1.6733932786885248,68.72024133333336,86.35567958333338,100.0
00:04:24.737945,147768,295080.0,4.006178,623032,1223777.0,328248,644754.0,165816,325700.0,120696,241019.0,0.268405655737705,0.779607295081967,79.20164075,91.08187616666663,100.0
00:04:28.750289,286136,570511.0,4.012344,1705912,3345736.0,803512,1575895.0,385400,755869.0,201912,402581.0,1.3823750819672131,2.7390312295081967,68.35633675,87.11604899999996,100.0
00:04:32.768800,183864,366034.0,4.018511,755384,1479267.0,406456,795962.0,219960,430747.0,144760,288186.0,0.7880829508196721,3.007069344262295,73.17393808333334,89.80783491666666,100.0
00:04:36.770256,210936,421718.0,4.001456,1633720,3212724.0,595960,1171960.0,271096,533112.0,147768,295428.0,4.676923852459018,20.74296106557376,69.68592358333336,87.41978541666673,100.0
00:04:40.777878,213944,427074.0,4.007622,1657784,3255113.0,586936,1152468.0,271096,532305.0,147768,294973.0,3.444421322314049,18.818193719008264,70.27291016666666,87.56481116666666,100.0
00:04:44.791667,201912,402436.0,4.013789,1609656,3155835.0,577912,1133034.0,259064,507911.0,144760,288525.0,0.2433390983606558,1.5086552459016394,69.73402816666663,87.31424833333337,100.0
00:04:48.811623,379384,755001.0,4.019956,2193208,4293438.0,1032120,2020484.0,466616,913450.0,256056,509569.0,0.0,2.2327196721311484,66.68463041666666,87.16796249999999,100.0
00:04:52.814534,304184,607925.0,4.002911,1648760,3241141.0,755384,1484938.0,370360,728055.0,213944,427576.0,0.0,3.6875813934426236,70.99139858333334,88.79137583333332,100.0
00:04:56.823612,352312,703028.0,4.009078,1832248,3596393.0,848632,1665721.0,415480,815517.0,244024,486942.0,0.0,0.0,70.33046191666664,88.45917033333333,100.0
00:05:00.838856,141752,282427.0,4.015244,529784,1038305.0,301176,590264.0,165816,324977.0,111672,222496.0,8.97459131147541,16.347010819672132,77.78147125000001,89.38784258333335,100.0
00:05:04.860267,204920,407657.0,4.021411,1029112,2013879.0,529784,1036739.0,262072,512851.0,150776,299946.0,2.8065226229508164,9.418706475409836,72.07270324999999,87.70471925,100.0
00:05:08.864623,219960,439441.0,4.004356,1621688,3186792.0,626040,1230236.0,289144,568199.0,156792,313242.0,1.4828966393442617,10.758186393442621,70.6684005833333,87.83446875000001,100.0
00:05:12.875145,222968,444766.0,4.010522,1582584,3105245.0,592952,1163452.0,277112,543731.0,156792,312761.0,0.0,0.11073991803278689,68.151599,86.57296741666666,100.0
00:05:16.891845,271096,539937.0,4.0167,1567544,3071081.0,692216,1356167.0,337272,660772.0,192888,384172.0,0.0,0.0,71.14626333333335,88.83929374999995,100.0
00:05:20.914712,340280,676691.0,4.022867,1841272,3601920.0,899768,1760137.0,424504,830420.0,231992,461346.0,0.0,0.0,85.28250566666665,94.06514108333324,100.0
00:05:24.920523,108664,217012.0,4.005811,334264,656630.0,189880,373001.0,126712,248913.0,96632,192983.0,0.0,0.0,85.28250566666665,94.06514108333324,100.0
00:05:28.932501,238008,474594.0,4.011978,1426168,2797336.0,641080,1257437.0,298168,584837.0,168824,336639.0,0.0,0.0,67.40249533333336,85.7624180833333,100.0
00:05:32.950645,250040,497821.0,4.018144,1609656,3152470.0,689208,1349796.0,307192,601627.0,177848,354089.0,0.0,0.0,63.247279833333344,85.94688674999995,100.0
00:05:36.951734,105656,211254.0,4.001089,496696,976845.0,238008,468087.0,129720,255118.0,96632,193211.0,0.0,0.0,63.247279833333344,85.94688674999995,100.0
00:05:40.959001,241016,481157.0,4.007267,1393080,2735596.0,647096,1270704.0,295160,579606.0,171832,343040.0,0.2530668852459017,7.174718196721313,62.758870500000015,84.48326833333334,100.0
00:05:44.972434,262072,522389.0,4.013433,1805176,3539474.0,716280,1404436.0,301176,590526.0,174840,348509.0,2.9367572950819674,17.184064426229508,68.52158016666667,87.40440149999999,100.0
00:05:48.992034,213944,425801.0,4.0196,1630712,3192570.0,604984,1184423.0,280120,548412.0,150776,300081.0,0.004439344262295082,1.7218069672131144,69.88746233333333,87.39432291666662,100.0
00:05:52.994578,253048,505774.0,4.002544,1838264,3613995.0,710264,1396367.0,328248,645330.0,171832,343445.0,0.004439344262295082,1.7218069672131144,69.88746233333333,87.39432291666662,100.0
00:05:57.003289,256056,510999.0,4.008711,1811192,3555384.0,704248,1382444.0,325240,638448.0,174840,348920.0,0.0,2.9469668032786887,67.45772899999996,86.42727983333333,100.0
00:06:01.018167,247032,492233.0,4.014878,1717944,3367242.0,701240,1374459.0,325240,637484.0,174840,348384.0,0.0,7.958573114754097,69.45001475000001,88.01074925000002,100.0
00:06:05.039211,201912,401710.0,4.021044,1495352,2926531.0,574904,1125136.0,265080,518784.0,147768,293989.0,0.0,8.388421147540983,69.66433825000003,88.14053166666666,100.0
00:06:09.043211,210936,421450.0,4.004,1504376,2956519.0,592952,1165316.0,274104,538691.0,150776,301250.0,0.0,8.388421147540983,69.66433825000003,88.14053166666666,100.0
00:06:13.053378,316216,630828.0,4.010167,1949560,3825635.0,866680,1700692.0,400440,785786.0,213944,426803.0,0.0,6.1448594214876024,68.58703566666668,87.99137866666663,100.0
00:06:17.069711,235000,468088.0,4.016333,1591608,3118506.0,656120,1285564.0,301176,590107.0,165816,330283.0,0.05682360655737705,0.1818363114754098,64.87423941666667,84.73998891666665,100.0
00:06:21.092211,268088,533176.0,4.0225,1657784,3243269.0,767416,1501363.0,346296,677489.0,186872,371653.0,0.2594492622950819,0.853793770491803,65.99923625000001,85.93421550000002,100.0
00:06:25.097655,204920,409282.0,4.005444,1230648,2417710.0,598968,1176722.0,283128,556228.0,153784,307149.0,0.0,0.0,70.61315908333331,86.97097058333333,100.0
00:06:29.109266,247032,492634.0,4.011611,1369016,2685478.0,632056,1239848.0,301176,590790.0,174840,348667.0,0.0,0.0,74.03727774999997,89.38426316666666,100.0
00:06:33.127043,192888,384069.0,4.017778,914808,1791789.0,478648,937504.0,238008,466174.0,150776,300217.0,0.0,0.0,67.29908783333333,87.24328408333335,100.0
00:06:37.127777,265080,530062.0,4.000733,1790136,3520944.0,761400,1497566.0,352312,692947.0,183864,367660.0,0.0,0.24817540983606556,71.62109416666667,88.72103024999998,100.0
00:06:41.134677,280120,559275.0,4.0069,1639736,3220246.0,725304,1424410.0,346296,680084.0,189880,379106.0,0.0,0.0,80.41907183333333,93.09256758333332,100.0
00:06:45.147744,111672,222616.0,4.013067,391416,767532.0,213944,419525.0,135736,266166.0,99640,198631.0,0.021424754098360657,1.404515327868853,69.59007824999995,88.08039358333336,100.0
00:06:49.166977,274104,545584.0,4.019233,1510392,2957276.0,725304,1420111.0,361336,707478.0,192888,383929.0,0.0,3.2018622950819666,70.65367875,88.95062349999998,100.0
00:06:53.169155,265080,529871.0,4.002178,1639736,3223983.0,698232,1372835.0,331256,651302.0,183864,367527.0,0.0,0.0,71.66031241666666,88.92006708333334,100.0
00:06:57.177511,186872,372964.0,4.008356,1474296,2894307.0,550840,1081397.0,256056,502683.0,129720,258899.0,0.0,0.0,68.40231433333336,87.22604625,100.0
00:07:01.192033,228984,456311.0,4.014522,1444216,2830971.0,656120,1286134.0,298168,584472.0,162808,324438.0,0.0,0.0,66.8128573333333,85.65894841666665,100.0
00:07:05.212722,213944,425686.0,4.020689,1287800,2520553.0,604984,1184108.0,298168,583590.0,159800,317955.0,0.0,0.0,69.26960260504202,87.10533554621851,100.0
00:07:09.216355,268088,535689.0,4.003633,1763064,3465226.0,728312,1431465.0,331256,651069.0,183864,367394.0,0.0,0.0,69.34967333333331,88.23002225000005,100.0
00:07:13.226155,319224,636887.0,4.0098,1916472,3761045.0,872696,1712651.0,409464,803566.0,213944,426842.0,0.0,0.0,61.28593766666666,82.33651333333331,100.0
00:07:17.242122,192888,384242.0,4.015967,1278776,2505786.0,553848,1085275.0,244024,478169.0,141752,282376.0,0.2118245901639344,6.0293267213114765,61.69445599999999,83.531545,100.0
00:07:21.264255,256056,509293.0,4.022133,1516408,2966949.0,740344,1448530.0,340280,665779.0,177848,353738.0,0.5740703278688525,5.406631393442622,67.2904631666667,87.10331375000003,100.0
00:07:25.269344,319224,637636.0,4.005089,2115000,4155455.0,902776,1773733.0,364344,715846.0,207928,415327.0,0.0,0.0,67.94167058333333,87.04733275,100.0
00:07:29.280600,271096,540670.0,4.011256,1928504,3783306.0,716280,1405185.0,301176,590841.0,183864,366696.0,0.0,4.687534918032787,65.82487041666668,86.09564433333331,100.0
00:07:33.298022,307192,611719.0,4.017422,1859320,3642075.0,818552,1603396.0,373368,731361.0,207928,414052.0,0.0,0.0,70.73067708333335,88.48098116666668,100.0
00:07:37.298389,247032,494018.0,4.000367,1666808,3278670.0,683192,1343862.0,319224,627924.0,171832,343632.0,0.0,3.4074041803278687,67.30002641666664,86.88794108333329,100.0
00:07:41.304922,241016,481246.0,4.006533,1642744,3226444.0,677176,1330012.0,316216,621066.0,165816,331091.0,0.0,0.0,69.05549841666671,87.886744,100.0
00:07:45.317622,228984,456518.0,4.0127,1603640,3144880.0,650104,1274911.0,295160,578834.0,159800,318588.0,0.0060706557377049174,0.04815704918032787,74.48651641666666,88.98629391666667,100.0
00:07:49.336489,195896,389952.0,4.018867,1038136,2032803.0,475640,931364.0,238008,466050.0,144760,288160.0,0.0,0.0,87.42336491666664,94.17549808333335,100.0
00:07:53.338311,108664,217229.0,4.001822,286136,562638.0,180856,355622.0,126712,249157.0,99640,199189.0,0.021982540983606556,2.2853190983606555,63.70138274999999,84.84076266666668,100.0
00:07:57.346300,295160,589143.0,4.007989,1654776,3248914.0,785464,1542145.0,355320,697619.0,207928,415027.0,9.4685,41.1822,67.54313,87.18132,100.0
