delta_t_s,480x270_size_byte,480x270_bitrate,seg_len_s,1920x1080_size_byte,1920x1080_bitrate,1280x720_size_byte,1280x720_bitrate,720x406_size_byte,720x406_bitrate,320x180_size_byte,320x180_bitrate,320x180_vmaf_score,480x270_vmaf_score,720x406_vmaf_score,1280x720_vmaf_score,1920x1080_vmaf_score
00:00:04,244024,488048.0,4.0,1366008,2687228.0,656120,1290727.0,286136,562890.0,141752,283504.0,37.486001557377065,47.65902016393447,73.16623966666664,89.41845716666666,100.0
00:00:08.006178,265080,529342.0,4.006178,1757048,3451244.0,818552,1607823.0,346296,680204.0,168824,337127.0,12.768873852459015,30.718953688524593,71.74757233333334,89.19012566666666,100.0
00:00:12.018522,313208,624488.0,4.012344,1847288,3623011.0,914808,1794176.0,397432,779467.0,213944,426571.0,0.943360819672131,10.867050245901632,73.48263858333334,89.61235558333335,100.0
00:00:16.037033,274104,545682.0,4.018511,1648760,3228765.0,764408,1496939.0,331256,648698.0,189880,378010.0,1.613625163934426,14.516020000000001,72.06433324999996,88.65580916666663,100.0
00:00:20.038489,355320,710381.0,4.001456,2042808,4017200.0,1047160,2059249.0,463608,911689.0,238008,475842.0,1.027232950819672,8.192210655737707,72.74633916666663,89.03341083333335,100.0
00:00:24.046111,304184,607210.0,4.007622,1859320,3650835.0,875704,1719473.0,376376,739026.0,204920,409060.0,0.8040213114754099,8.474232459016399,73.35528183333335,89.20120674999997,100.0
00:00:28.059900,331256,660236.0,4.013789,1994680,3910700.0,1005048,1970462.0,433528,849959.0,222968,444404.0,1.5091136885245897,10.196704426229505,73.13094291666667,89.14678383333339,100.0
00:00:32.079856,346296,689153.0,4.019956,2027768,3969571.0,1059192,2073481.0,457592,895785.0,228984,455694.0,0.7545318852459019,7.88444475409836,72.62157541666666,88.77864799999998,100.0
00:00:36.082767,358328,716134.0,4.002911,1874360,3684627.0,999032,1963902.0,418488,822666.0,256056,511739.0,4.665991065573771,8.211219180327868,69.91477058333334,85.73917349999995,100.0
00:00:40.091845,174840,348888.0,4.009078,725304,1423649.0,406456,797804.0,210936,414031.0,132728,264854.0,32.48001819672132,33.82178885245901,80.52809624999999,89.93233150000005,100.0
00:00:44.107089,183864,366331.0,4.015244,932856,1828273.0,475640,932190.0,225976,442882.0,132728,264448.0,13.558014672131149,15.000062049180327,73.2030380833333,86.8660023333333,100.0
00:00:48.128500,222968,443561.0,4.021411,1086264,2125720.0,565880,1107376.0,283128,554055.0,159800,317898.0,5.730811557377049,7.393015901639345,68.95197966666665,86.49039408333337,100.0
00:00:52.132856,247032,493526.0,4.004356,1227640,2412445.0,662136,1301168.0,307192,603665.0,174840,349299.0,19.154621818181823,23.043257950819683,72.48974416666668,87.0604755833333,100.0
00:00:56.143378,331256,660773.0,4.010522,1576568,3093441.0,821560,1612012.0,385400,756207.0,231992,462766.0,20.977655901639345,25.488456528925624,69.88706658333332,85.03458325000005,100.0
00:01:00.160078,367352,731649.0,4.0167,2078904,4072921.0,1050168,2057455.0,451576,884713.0,259064,515973.0,1.1850759016393444,3.9933371311475394,67.79271741666662,86.20131891666665,100.0
00:01:04.182945,328248,652764.0,4.022867,2030776,3972630.0,956920,1871939.0,412472,806883.0,222968,443401.0,0.20976188524590164,4.649531967213117,72.48356316666666,88.80101341666665,100.0
00:01:08.188756,328248,655543.0,4.005811,2042808,4012904.0,1002040,1968413.0,430520,845716.0,219960,439281.0,0.7149251639344263,7.890291147540981,72.1642875833333,88.38352866666663,100.0
00:01:12.200734,334264,666532.0,4.011978,2060856,4042236.0,1002040,1965437.0,433528,850337.0,225976,450602.0,0.5359790163934426,7.465254508196723,72.92238866666668,88.70977241666661,100.0
00:01:16.218878,343288,683475.0,4.018144,2084920,4083263.0,1020088,1997816.0,448568,878509.0,228984,455900.0,0.9634548360655738,8.016646885245901,73.09244916666663,88.90316325,100.0
00:01:20.219967,340280,680374.0,4.001089,2039800,4011646.0,1017080,2000277.0,442552,870360.0,225976,451828.0,0.361105737704918,6.87253475409836,72.65956308333334,88.83329741666668,100.0
00:01:24.227234,382392,763397.0,4.007267,2268408,4454481.0,1173496,2304398.0,514744,1010804.0,253048,505178.0,0.3700518032786886,6.632825327868854,73.10572708333333,89.28922366666667,100.0
00:01:28.240667,358328,714257.0,4.013433,2136056,4188242.0,1077240,2112183.0,472632,926706.0,238008,474422.0,0.42805188524590165,7.219651311475409,73.12522700000002,89.25184766666666,100.0
00:01:32.260267,370360,737108.0,4.0196,2166136,4240811.0,1110328,2173774.0,484664,948864.0,244024,485668.0,0.18252377049180327,6.027492295081967,72.84902666666669,89.27155491666666,100.0
00:01:36.262811,343288,686139.0,4.002544,2030776,3992471.0,1035128,2035044.0,448568,881877.0,228984,457676.0,0.4195811570247933,6.554637355371901,73.41504933333331,89.27086791666669,100.0
00:01:40.271522,328248,655069.0,4.008711,2012728,3951001.0,968952,1902060.0,421496,827400.0,219960,438964.0,0.024035573770491803,5.564968278688525,72.44771366666669,88.48408191666665,100.0
00:01:44.286400,346296,690025.0,4.014878,2033784,3986302.0,1020088,1999415.0,448568,879212.0,231992,462264.0,0.5651496721311475,6.8168614754098344,72.42988641666665,88.63481358333334,100.0
00:01:48.307444,313208,623137.0,4.021044,1949560,3815455.0,911800,1784470.0,397432,777808.0,210936,419664.0,0.35906573770491806,6.466795819672137,72.80672000000001,88.72305466666668,100.0
00:01:52.311444,328248,655840.0,4.004,1988664,3908281.0,953912,1874704.0,409464,804711.0,219960,439480.0,0.07315672131147541,5.2108181147540975,72.51074575000003,88.92064183333332,100.0
00:01:56.321611,337272,672833.0,4.010167,1973624,3872856.0,1011064,1984017.0,436536,856617.0,222968,444805.0,0.36663844262295087,7.4080276229508195,73.12072366666666,89.08160191666674,100.0
00:02:00.337944,340280,677792.0,4.016333,1991672,3902369.0,1014072,1986915.0,442552,867111.0,225976,450114.0,0.3891822950819672,7.196390901639347,72.73332649999998,88.687545,100.0
00:02:04.360444,334264,664788.0,4.0225,1988664,3890599.0,980984,1919185.0,430520,842264.0,225976,449423.0,0.1720311475409836,7.282895983606559,72.63518008333335,88.52553308333334,100.0
00:02:08.365888,292152,583509.0,4.005444,1799160,3534599.0,863672,1696755.0,367352,721693.0,198904,397267.0,0.19540409836065573,6.8472571311475425,73.68030924999998,89.04561675,100.0
00:02:12.377499,322232,642598.0,4.011611,1997688,3918689.0,987000,1936111.0,421496,826811.0,216952,432648.0,0.0036937704918032785,5.696732459016392,72.51854374999998,88.72294166666664,100.0
00:02:16.395277,340280,677548.0,4.017778,2036792,3989363.0,1062200,2080478.0,454584,890371.0,225976,449952.0,0.987149590163934,6.808866967213117,73.59782708333334,89.20320041666666,100.0
00:02:20.396010,370360,740584.0,4.000733,2108984,4148072.0,1131384,2225272.0,499704,982847.0,247032,493973.0,0.5300190983606557,5.87040762295082,73.03677983333337,89.01444083333332,100.0
00:02:24.402910,355320,709416.0,4.0069,2063864,4053182.0,1059192,2080126.0,460600,904563.0,238008,475196.0,0.1218961475409836,5.2106315573770505,72.96994674999999,89.17062574999999,100.0
00:02:28.415977,331256,660354.0,4.013067,2030776,3982173.0,1002040,1964912.0,430520,844211.0,222968,444483.0,0.5727373770491803,7.48951893442623,72.79057375,88.87225758333331,100.0
00:02:32.435210,325240,647367.0,4.019233,1964600,3846594.0,971960,1903051.0,418488,819379.0,216952,431827.0,0.7977824590163934,8.56149,72.73181500000003,88.83328825000005,100.0
00:02:36.437388,364344,728291.0,4.002178,2139064,4205741.0,1101304,2165339.0,481656,947012.0,241016,481769.0,0.4887659836065574,7.573658934426227,72.61296925000002,88.70172616666669,100.0
00:02:40.445744,325240,649123.0,4.008356,1982648,3892293.0,974968,1914036.0,424504,833377.0,216952,432999.0,0.2150667213114754,7.0069487704918005,72.93140133333335,88.66494150000001,100.0
00:02:44.460266,367352,732046.0,4.014522,2096952,4110472.0,1134392,2223650.0,493688,967733.0,244024,486282.0,1.2615388524590165,8.557927786885246,73.77350133333333,89.84118466666663,100.0
00:02:48.480955,340280,677058.0,4.020689,2000696,3915873.0,1017080,1990685.0,436536,854412.0,225976,449626.0,0.03849311475409837,5.233534836065573,72.71440666666668,89.02227725000004,100.0
00:02:52.484588,313208,625847.0,4.003633,1925496,3784479.0,929848,1827576.0,394424,775223.0,213944,427499.0,0.45529311475409834,7.524294508196721,73.17872575,88.81488216666665,100.0
00:02:56.494388,325240,648890.0,4.0098,1970616,3867301.0,980984,1925165.0,421496,827179.0,219960,438844.0,0.5253340983606558,6.5940895081967215,73.22733683333333,89.12076633333331,100.0
00:03:00.510355,334264,665870.0,4.015967,1901432,3725892.0,993016,1945833.0,424504,831823.0,225976,450155.0,0.003780081967213115,2.6989999180327864,72.96890991666666,88.96977541666666,100.0
00:03:04.532487,334264,664849.0,4.022133,1624696,3178822.0,833592,1630976.0,358328,701091.0,222968,443482.0,0.0,0.4091331147540983,72.51943183333337,86.87667058333336,100.0
00:03:08.537577,268088,535494.0,4.005089,1399096,2748879.0,761400,1495963.0,331256,650836.0,180856,361252.0,5.182363553719008,6.768776198347107,66.74527616666667,83.47611891666664,100.0
00:03:12.548833,207928,414689.0,4.011256,1062200,2083805.0,565880,1110133.0,271096,531831.0,147768,294706.0,0.0,0.01957852459016393,73.24961816666665,87.05075283333332,100.0
00:03:16.566255,186872,372123.0,4.017422,990008,1939248.0,511736,1002399.0,235000,460322.0,135736,270294.0,14.450173360655738,19.990664590163934,73.57456891666665,86.67391158333335,100.0
00:03:20.566622,406456,812837.0,4.000367,2075896,4083360.0,1134392,2231389.0,481656,947434.0,280120,560188.0,16.61704295081967,21.282883032786895,67.0524745,84.28747466666671,100.0
00:03:24.573155,283128,565332.0,4.006533,1937528,3805416.0,872696,1714025.0,370360,727408.0,198904,397159.0,0.049321885245901635,6.52199836065574,72.52344941666665,88.6220689166667,100.0
00:03:28.585855,316216,630430.0,4.0127,2066872,4053319.0,962936,1888402.0,415480,814793.0,213944,426533.0,0.12882590163934426,6.796636065573771,72.69669033333335,89.04240883333334,100.0
00:03:32.604722,301176,599524.0,4.018867,1949560,3817488.0,902776,1767751.0,385400,754662.0,204920,407915.0,0.4127939344262295,7.600313278688529,72.55492383333333,88.74369208333334,100.0
00:03:36.606544,319224,638157.0,4.001822,1991672,3916288.0,962936,1893451.0,415480,816971.0,216952,433706.0,0.27818352459016393,7.125249754098359,72.88765683333335,88.75844908333333,100.0
00:03:40.614533,373368,745247.0,4.007989,2220280,4359199.0,1131384,2221309.0,490680,963379.0,244024,487075.0,0.5674555737704917,7.420906721311474,72.37446966666667,88.93749916666661,100.0
00:03:44.628689,331256,660175.0,4.014156,2063864,4045976.0,1017080,1993872.0,436536,855780.0,222968,444363.0,1.1316386065573774,8.54476680327869,73.47005783333333,89.15967991666662,100.0
00:03:48.649011,337272,671134.0,4.020322,2111992,4134079.0,1005048,1967312.0,442552,866265.0,225976,449667.0,0.5034395081967213,7.152891065573772,72.88066616666669,88.59949183333332,100.0
00:03:52.652278,346296,692026.0,4.003267,2130040,4186878.0,1044152,2052420.0,448568,881720.0,228984,457594.0,0.31579377049180324,5.526138770491803,72.91217433333335,88.906254,100.0
00:03:56.661711,319224,636945.0,4.009433,2012728,3950301.0,965944,1895820.0,415480,815446.0,216952,432883.0,0.027628442622950816,5.8380336885245905,72.76980966666672,88.75907525,100.0
00:04:00.677322,307192,611995.0,4.015611,1973624,3867691.0,920824,1804529.0,388408,761159.0,207928,414239.0,0.06640229508196721,5.714483606557376,73.0748875,88.83636441666671,100.0
00:04:04.699100,325240,646957.0,4.021778,2069880,4050204.0,983992,1925410.0,415480,812983.0,219960,437537.0,0.3670209016393443,5.525573852459017,72.25615933333337,88.60212591666667,100.0
00:04:08.703822,382392,763882.0,4.004722,2337592,4593207.0,1197560,2353123.0,523768,1029168.0,262072,523525.0,0.24347622950819672,4.6645342622950805,72.88594733333333,89.51187666666667,100.0
00:04:12.714711,412472,822704.0,4.010889,2497016,4899044.0,1344952,2638741.0,595960,1169249.0,283128,564718.0,1.317553442622951,8.170291721311472,72.18419733333334,89.61646074999997,100.0
00:04:16.731767,388408,773517.0,4.017056,2316536,4538086.0,1206584,2363694.0,535800,1049630.0,259064,515928.0,0.9712301639344263,7.989890573770487,72.17047825000003,88.74596408333329,100.0
00:04:20.731767,388408,776816.0,4.0,2349624,4622210.0,1200568,2361772.0,529784,1042197.0,253048,506096.0,1.1422011475409837,8.153152459016397,72.98874591666664,89.41323258333337,100.0
00:04:24.737945,355320,709544.0,4.006178,2157112,4237061.0,1098296,2157304.0,475640,934265.0,235000,469275.0,0.29940172131147547,6.982175081967214,72.46018783333335,88.84277933333331,100.0
00:04:28.750289,331256,660473.0,4.012344,2124024,4165762.0,1026104,2012456.0,433528,850261.0,219960,438566.0,0.3424481147540983,7.426850655737702,72.69518616666667,88.77884091666672,100.0
00:04:32.768800,370360,737307.0,4.018511,2277432,4459892.0,1119352,2192025.0,490680,960898.0,247032,491788.0,0.2112975409836065,5.769004098360658,72.89090733333332,89.25796824999996,100.0
00:04:36.770256,358328,716395.0,4.001456,2166136,4259725.0,1080248,2124317.0,469624,923519.0,241016,481856.0,0.36119180327868855,4.975902049180328,73.4372095833333,89.66325358333334,100.0
00:04:40.777878,340280,679265.0,4.007622,2136056,4194215.0,1044152,2050226.0,451576,886684.0,228984,457097.0,0.2692947107438016,6.224901074380168,73.01215774999999,89.16689883333332,100.0
00:04:44.791667,328248,654240.0,4.013789,2036792,3993263.0,983992,1929180.0,424504,832267.0,219960,438408.0,0.01578811475409836,5.29464581967213,72.67587766666665,88.75200225000003,100.0
00:04:48.811623,334264,665209.0,4.019956,1991672,3898910.0,974968,1908603.0,424504,831011.0,225976,449708.0,0.1314590163934426,6.746181557377049,73.31114133333332,89.39332450000002,100.0
00:04:52.814534,313208,625960.0,4.002911,2006712,3944806.0,941880,1851553.0,409464,804926.0,213944,427576.0,0.6818381147540983,8.287250491803277,72.9607615,88.78753708333333,100.0
00:04:56.823612,322232,643004.0,4.009078,1991672,3909316.0,956920,1878272.0,421496,827325.0,213944,426919.0,0.701802950819672,8.7553,73.10399258333335,88.93481724999997,100.0
00:05:00.838856,304184,606058.0,4.015244,1955576,3832667.0,905784,1775215.0,388408,761227.0,207928,414277.0,0.48214229508196715,7.8171520491803275,72.7379505833333,88.55194774999998,100.0
00:05:04.860267,310200,617096.0,4.021411,1955576,3826885.0,917816,1796083.0,397432,777738.0,213944,425609.0,1.0152204098360655,8.791863524590163,74.23706416666666,89.80612350000001,100.0
00:05:08.864623,313208,625734.0,4.004356,1988664,3907939.0,935864,1839073.0,397432,780996.0,210936,421413.0,0.41501270491803277,7.810364590163936,72.79482333333331,88.62990116666667,100.0
00:05:12.875145,313208,624772.0,4.010522,2039800,4002365.0,953912,1871705.0,412472,809326.0,213944,426765.0,0.30922180327868853,7.169199344262299,73.17302683333334,88.89703500000009,100.0
00:05:16.891845,319224,635793.0,4.0167,2006712,3931484.0,953912,1868873.0,409464,802208.0,213944,426108.0,0.37525557377049185,7.64193868852459,72.80387741666667,88.75629058333334,100.0
00:05:20.914712,313208,622855.0,4.022867,1985656,3884366.0,944888,1848402.0,406456,795114.0,210936,419473.0,0.4698749999999999,6.375197622950815,73.00737066666666,89.06841925000002,100.0
00:05:24.920523,340280,679572.0,4.005811,2124024,4172445.0,1032120,2027502.0,442552,869351.0,228984,457303.0,0.4698749999999999,6.375197622950815,73.00737066666666,89.06841925000002,100.0
00:05:28.932501,325240,648537.0,4.011978,2075896,4071736.0,987000,1935937.0,421496,826737.0,219960,438606.0,0.0,4.938398442622948,72.95994233333333,88.9404058333333,100.0
00:05:32.950645,361336,719408.0,4.018144,2178168,4265887.0,1098296,2150985.0,478648,937420.0,238008,473866.0,0.2423177868852459,6.104192622950821,72.75077158333333,88.98842041666667,100.0
00:05:36.951734,346296,692403.0,4.001089,2108984,4147709.0,1041144,2047603.0,451576,888108.0,231992,463857.0,0.2423177868852459,6.104192622950821,72.75077158333333,88.98842041666667,100.0
00:05:40.959001,307192,613269.0,4.007267,1922488,3775197.0,905784,1778691.0,388408,762718.0,207928,415101.0,0.0398905737704918,6.040597622950821,72.52571416666665,88.72162541666663,100.0
00:05:44.972434,316216,630315.0,4.013433,1961592,3846164.0,920824,1805493.0,394424,773361.0,216952,432451.0,0.0,2.210329672131148,72.96714416666666,88.94056841666672,100.0
00:05:48.992034,349304,695201.0,4.0196,2163128,4234922.0,1047160,2050105.0,454584,889974.0,231992,461721.0,0.20443073770491801,6.915977786885246,73.29662966666666,89.08837750000002,100.0
00:05:52.994578,313208,626017.0,4.002544,2009720,3951075.0,938872,1845806.0,403448,793171.0,213944,427616.0,0.20443073770491801,6.915977786885246,73.29662966666666,89.08837750000002,100.0
00:05:57.003289,313208,625054.0,4.008711,1994680,3915572.0,932856,1831203.0,397432,780162.0,213944,426958.0,0.0,5.008058196721311,72.57590733333332,88.65819058333334,100.0
00:06:01.018167,343288,684031.0,4.014878,2078904,4074739.0,1008056,1975832.0,439544,861524.0,228984,456270.0,0.0021452459016393444,3.766638114754099,72.51047216666664,88.80424316666672,100.0
00:06:05.039211,331256,659044.0,4.021044,2072888,4056819.0,999032,1955191.0,433528,848451.0,225976,449586.0,0.48068442622950824,7.662436229508198,73.12724841666666,88.96775158333337,100.0
00:06:09.043211,316216,631800.0,4.004,1967608,3866900.0,941880,1851057.0,406456,798799.0,213944,427460.0,0.48068442622950824,7.662436229508198,73.12724841666666,88.96775158333337,100.0
00:06:13.053378,340280,678834.0,4.010167,2142072,4203402.0,1053176,2066654.0,454584,892033.0,228984,456806.0,0.4497486776859505,6.9015333884297485,73.21639583333328,89.10345166666664,100.0
00:06:17.069711,343288,683783.0,4.016333,2108984,4132224.0,1047160,2051746.0,451576,884792.0,231992,462097.0,0.0,3.396491311475409,72.91825225000001,88.96586441666673,100.0
00:06:21.092211,304184,604965.0,4.0225,1937528,3790557.0,887736,1736756.0,379384,742222.0,210936,419512.0,2.079451557377049,11.268131803278692,73.48085983333334,88.94151108333335,100.0
00:06:25.097655,256056,511415.0,4.005444,1793144,3522780.0,770424,1513561.0,325240,638960.0,177848,355212.0,0.35326860655737713,6.585407540983607,73.26905641666669,88.935027,100.0
00:06:29.109266,271096,540622.0,4.011611,1829240,3588259.0,785464,1540775.0,331256,649795.0,189880,378660.0,0.0908432786885246,4.9234770491803275,73.4046014166667,88.86200024999997,100.0
00:06:33.127043,268088,533803.0,4.017778,1790136,3506250.0,755384,1479533.0,325240,637031.0,183864,366100.0,0.28208557377049187,5.841745901639343,72.96356933333333,88.93479275,100.0
00:06:37.127777,280120,560137.0,4.000733,1874360,3686600.0,818552,1609975.0,343288,675198.0,195896,391720.0,0.129005,4.368921803278687,73.69522500000001,89.12458591666665,100.0
00:06:41.134677,250040,499218.0,4.0069,1745016,3427003.0,746360,1465762.0,313208,615103.0,174840,349077.0,0.20806286885245898,6.324445327868852,73.21291358333335,89.0564761666667,100.0
00:06:45.147744,268088,534430.0,4.013067,1802168,3533893.0,773432,1516632.0,331256,649563.0,186872,372527.0,0.006233524590163934,4.387060983606559,73.28359341666665,88.81800208333333,100.0
00:06:49.166977,262072,521635.0,4.019233,1769080,3463775.0,764408,1496674.0,322232,630915.0,180856,359981.0,0.12530081967213116,5.458271721311474,72.99007666666668,88.82440124999998,100.0
00:06:53.169155,277112,553922.0,4.002178,1823224,3584749.0,812536,1597575.0,343288,674959.0,192888,385566.0,0.016048934426229507,4.095118196721311,72.61860933333335,88.7065405833333,100.0
00:06:57.177511,289144,577082.0,4.008356,1913464,3756472.0,863672,1695542.0,361336,709367.0,198904,396978.0,0.04067245901639344,3.865417377049182,72.72331675000001,89.10332858333337,100.0
00:07:01.192033,301176,600173.0,4.014522,1952568,3827449.0,890744,1746048.0,385400,755466.0,204920,408357.0,0.0917194262295082,4.61618655737705,73.23218283333335,89.58719733333335,100.0
00:07:05.212722,364344,724938.0,4.020689,2223288,4351542.0,1095288,2143758.0,469624,919174.0,247032,491521.0,0.11061122950819671,6.784410081967215,72.74296176470588,88.98012277310922,100.0
00:07:09.216355,331256,661910.0,4.003633,2093944,4115557.0,1017080,1999027.0,430520,846168.0,219960,439520.0,0.0463216393442623,5.216496967213114,72.303351,88.32814333333336,100.0
00:07:13.226155,325240,648890.0,4.0098,2111992,4144749.0,1014072,1990099.0,436536,856694.0,219960,438844.0,0.7555633606557378,7.824650081967213,72.65255258333333,88.83055591666663,100.0
00:07:17.242122,355320,707814.0,4.015967,2175160,4262267.0,1095288,2146237.0,475640,932025.0,235000,468131.0,0.6623539344262293,6.5742672950819685,72.148757,88.93200058333333,100.0
00:07:21.264255,406456,808438.0,4.022133,2382712,4661929.0,1239672,2425497.0,544824,1065983.0,265080,527242.0,0.08504434426229508,4.982979754098359,72.3270084166667,88.55547266666667,100.0
00:07:25.269344,343288,685703.0,4.005089,2124024,4173185.0,1026104,2016042.0,451576,887235.0,225976,451377.0,0.5315645081967214,7.616669262295083,73.59144700000003,89.56378258333332,100.0
00:07:29.280600,337272,672651.0,4.011256,2054840,4031150.0,1011064,1983488.0,442552,868190.0,225976,450683.0,0.1438267213114754,4.696782049180327,72.95780750000002,89.01134741666667,100.0
00:07:33.298022,349304,695578.0,4.017422,2087928,4089877.0,1050168,2057091.0,457592,896340.0,235000,467961.0,0.13566983606557376,5.488555655737704,73.32791150000001,89.53173391666665,100.0
00:07:37.298389,358328,716590.0,4.000367,2096952,4124778.0,1053176,2071634.0,460600,906016.0,238008,475972.0,0.6388735245901638,7.266668524590164,73.68076091666667,89.7703779166667,100.0
00:07:41.304922,355320,709481.0,4.006533,2105976,4136258.0,1053176,2068498.0,460600,904644.0,235000,469233.0,1.1898279338842976,7.686122231404956,74.24998191666668,90.40145349999999,100.0
00:07:45.317622,370360,738375.0,4.0127,2184184,4283378.0,1143416,2242340.0,493688,968165.0,247032,492500.0,0.12493180327868852,4.8716631147540985,73.25449058333335,89.65306324999999,100.0
00:07:49.336489,343288,683352.0,4.018867,2084920,4082540.0,1014072,1985683.0,439544,860683.0,231992,461805.0,0.0013190983606557376,4.536337377049181,72.72618166666665,89.16679891666669,100.0
00:07:53.338311,325240,650183.0,4.001822,2030776,3993179.0,971960,1911196.0,415480,816971.0,216952,433706.0,0.37986155737704913,7.756044098360654,72.67517916666662,88.84527366666671,100.0
00:07:57.346300,310200,619163.0,4.007989,1874360,3680035.0,929848,1825622.0,394424,774394.0,210936,421031.0,18.80658,47.63982,69.23254,88.23833,100.0
