delta_t_s,480x270_size_byte,480x270_bitrate,seg_len_s,1920x1080_size_byte,1920x1080_bitrate,1280x720_size_byte,1280x720_bitrate,720x406_size_byte,720x406_bitrate,320x180_size_byte,320x180_bitrate,320x180_vmaf_score,480x270_vmaf_score,720x406_vmaf_score,1280x720_vmaf_score,1920x1080_vmaf_score
00:00:04,153784,307568.0,4.0,815544,1604348.0,397432,781833.0,201912,397203.0,111672,223344.0,16.205271311475418,45.30564450819673,70.36776741666668,88.94836216666667,100.0
00:00:08.006178,358328,715550.0,4.006178,2133048,4189794.0,1080248,2121854.0,475640,934265.0,231992,463268.0,4.753918852459017,14.139190655737705,66.39532083333336,86.37204425000003,100.0
00:00:12.018522,394424,786421.0,4.012344,2563192,5027085.0,1308856,2567006.0,574904,1127536.0,283128,564513.0,6.192758524590164,12.49303426229508,66.504046,87.50132241666665,100.0
00:00:16.037033,331256,659460.0,4.018511,2283448,4471673.0,1116344,2186135.0,475640,931445.0,241016,479811.0,0.07284795081967213,1.9707865573770493,76.47398775000003,93.37314008333333,100.0
00:00:20.038489,397432,794574.0,4.001456,2337592,4596895.0,1191544,2343181.0,553848,1089147.0,304184,608146.0,0.7832773770491804,2.192809098360656,73.44496416666662,92.77128916666666,100.0
00:00:24.046111,253048,505133.0,4.007622,1233656,2422323.0,638072,1252875.0,313208,614994.0,177848,355019.0,12.94820950819672,20.72724631147541,72.26807208333335,89.16157658333331,100.0
00:00:28.059900,340280,678221.0,4.013789,1396088,2737121.0,719288,1410211.0,343288,673038.0,228984,456394.0,2.780134590163935,5.453396393442624,67.41158991666666,88.27932716666663,100.0
00:00:32.079856,397432,790918.0,4.019956,1663800,3257065.0,815544,1596514.0,484664,948781.0,295160,587389.0,0.2177695081967213,0.30670229508196717,72.96479808333333,91.18508308333341,100.0
00:00:36.082767,391416,782262.0,4.002911,1245688,2448780.0,692216,1360762.0,397432,781274.0,289144,577867.0,14.412120983606565,16.552751311475408,99.363456,99.70473583333333,100.0
00:00:40.091845,412472,823076.0,4.009078,2259384,4434789.0,1122360,2203003.0,511736,1004451.0,307192,612992.0,13.445570000000002,15.066894590163937,76.66507333333334,86.97060366666666,100.0
00:00:44.107089,391416,779859.0,4.015244,1372024,2688983.0,776440,1521718.0,466616,914504.0,289144,576092.0,7.47204918032787,9.201775163934423,93.25104783333339,99.81798208333333,100.0
00:00:48.128500,424504,844487.0,4.021411,2668472,5221959.0,1290808,2525994.0,626040,1225103.0,322232,641032.0,20.51661475409836,21.693473442622945,79.46084949999995,83.24790475000003,100.0
00:00:52.132856,373368,745923.0,4.004356,1540472,3027193.0,866680,1703119.0,445560,875573.0,274104,547611.0,1.4392374590163934,2.582518524590164,72.88527708333335,91.49274558333335,100.0
00:00:56.143378,400440,798778.0,4.010522,2394744,4698813.0,1107320,2172712.0,454584,891955.0,301176,600771.0,9.015539016393445,10.57868459016394,78.72677124999997,82.42891616666667,100.0
00:01:00.160078,343288,683721.0,4.0167,1179512,2310861.0,641080,1255983.0,364344,713810.0,265080,527955.0,4.268943114754097,7.405520655737703,78.28926358333337,90.54697425000002,100.0
00:01:04.182945,400440,796327.0,4.022867,1092280,2136732.0,626040,1224667.0,364344,712734.0,286136,569019.0,0.0,0.0,74.67871416666664,93.27147625,100.0
00:01:08.188756,364344,727630.0,4.005811,1811192,3557916.0,1005048,1974322.0,523768,1028892.0,289144,577449.0,4.3461171311475395,6.170034672131151,78.068477,95.48166833333332,100.0
00:01:12.200734,412472,822481.0,4.011978,1841272,3611536.0,1026104,2012637.0,511736,1003737.0,301176,600553.0,2.2890396721311475,3.745736639344261,85.53572066666666,99.98752875,100.0
00:01:16.218878,361336,719408.0,4.018144,1642744,3217272.0,863672,1691479.0,517752,1014004.0,283128,563699.0,0.7216404098360657,1.1121931147540982,84.05107991666664,99.73742825,100.0
00:01:20.219967,334264,668346.0,4.001089,1263736,2485372.0,680184,1337708.0,457592,899939.0,313208,626245.0,2.7780366393442626,4.712964426229507,93.1661299166666,98.74273925000001,100.0
00:01:24.227234,346296,691336.0,4.007267,2072888,4070538.0,1302840,2558391.0,595960,1170288.0,250040,499173.0,2.7360166393442635,3.3644111475409835,62.20213033333334,88.011582,100.0
00:01:28.240667,412472,822182.0,4.013433,2638392,5173190.0,1378040,2701972.0,592952,1162622.0,307192,612327.0,16.703668196721306,17.384750901639347,79.03229583333335,95.04082683333333,100.0
00:01:32.260267,361336,719148.0,4.0196,1787128,3498798.0,947896,1855769.0,466616,913530.0,271096,539548.0,0.0,0.0,54.22359741666667,84.50294799999999,100.0
00:01:36.262811,388408,776322.0,4.002544,2301496,4524702.0,1236664,2431260.0,562872,1106596.0,298168,595956.0,2.564093884297521,3.7458478512396685,65.45648575000001,87.52594541666666,100.0
00:01:40.271522,415480,829154.0,4.008711,2157112,4234428.0,1098296,2155963.0,556856,1093112.0,301176,601043.0,2.008713360655738,3.07734,72.63459891666665,91.90447558333335,100.0
00:01:44.286400,322232,642075.0,4.014878,1678840,3290597.0,860664,1686937.0,397432,778983.0,235000,468258.0,0.514929262295082,1.546213606557377,74.03717383333328,92.31402625,100.0
00:01:48.307444,385400,766766.0,4.021044,2006712,3927306.0,1071224,2096476.0,595960,1166344.0,274104,545338.0,1.0947663934426228,1.7122009836065575,69.64661025000004,90.304205,100.0
00:01:52.311444,388408,776039.0,4.004,1970616,3872811.0,1116344,2193928.0,508728,999792.0,292152,583720.0,8.616214836065572,9.36823344262295,72.69960116666667,88.69549775,100.0
00:01:56.321611,391416,780847.0,4.010167,1745016,3424257.0,932856,1830549.0,466616,915643.0,295160,588823.0,11.089206311475412,12.821390573770495,80.69391950000004,88.81045291666666,100.0
00:02:00.337944,409464,815597.0,4.016333,2133048,4179373.0,1113336,2181407.0,586936,1150009.0,295160,587919.0,9.237415163934422,12.151324836065571,85.2083585,85.50594133333333,100.0
00:02:04.360444,337272,670770.0,4.0225,1507384,2949028.0,803512,1571981.0,532792,1042348.0,250040,497282.0,0.3207549180327869,1.6846405737704915,71.31065066666666,92.19231125,100.0
00:02:08.365888,388408,775760.0,4.005444,1507384,2961380.0,785464,1543109.0,623032,1223998.0,280120,559478.0,0.3191959836065574,0.38946909836065574,67.17941775,88.11191200000003,100.0
00:02:12.377499,409464,816557.0,4.011611,2361656,4632653.0,1140408,2237038.0,538808,1056932.0,292152,582612.0,6.050051721311475,6.7326530327868825,68.00428791666667,88.15645050000002,100.0
00:02:16.395277,370360,737442.0,4.017778,1555512,3046704.0,920824,1803572.0,400440,784321.0,286136,569739.0,8.597951721311478,9.996765245901644,80.34801916666666,90.11228125000001,100.0
00:02:20.396010,409464,818777.0,4.000733,1423160,2799154.0,818552,1609975.0,427512,840855.0,271096,542092.0,13.488622786885244,23.632399098360658,87.54431516666668,96.87553575,100.0
00:02:24.402910,207928,415139.0,4.0069,923832,1814295.0,523768,1028617.0,301176,591473.0,156792,313043.0,4.571015081967212,8.99570606557377,78.0107688333334,90.82688074999997,100.0
00:02:28.415977,355320,708326.0,4.013067,1477304,2896863.0,770424,1510733.0,409464,802922.0,250040,498451.0,0.15808991803278688,0.26152885245901636,64.09620875,86.4000291666667,100.0
00:02:32.435210,370360,737175.0,4.019233,1910456,3740582.0,1020088,1997284.0,481656,943059.0,256056,509661.0,4.610118114754097,13.462277131147546,67.32140083333333,89.23787166666668,100.0
00:02:36.437388,346296,692215.0,4.002178,1763064,3466465.0,1014072,1993827.0,451576,887870.0,228984,457718.0,1.944676557377049,4.389271393442623,63.87105058333335,86.14577208333336,100.0
00:02:40.445744,364344,727168.0,4.008356,1299832,2551803.0,701240,1376659.0,409464,803851.0,268088,535058.0,6.406565655737705,10.00582532786885,78.91484766666673,94.96022983333332,100.0
00:02:44.460266,298168,594178.0,4.014522,1077240,2111619.0,626040,1227171.0,454584,891081.0,192888,384380.0,0.7365428688524589,1.3436766393442625,70.57915766666669,88.803928,100.0
00:02:48.480955,349304,695013.0,4.020689,1257720,2461679.0,707256,1384280.0,505720,989823.0,213944,425686.0,1.2118196721311476,1.9655886885245901,69.34238808333335,88.86785049999999,100.0
00:02:52.484588,247032,493615.0,4.003633,1251704,2460170.0,743352,1461026.0,376376,739750.0,159800,319309.0,0.0,0.0,72.58461541666667,88.64309916666664,100.0
00:02:56.494388,256056,510860.0,4.0098,1627704,3194342.0,845624,1659523.0,367352,720922.0,171832,342824.0,1.3050861475409836,1.674861393442623,72.82969674999997,89.85294091666661,100.0
00:03:00.510355,406456,809679.0,4.015967,1636728,3207200.0,881720,1727747.0,490680,961496.0,310200,617933.0,1.2514045901639343,1.5710515573770492,67.82281991666666,90.37782074999998,100.0
00:03:04.532487,358328,712712.0,4.022133,2187192,4279381.0,1095288,2143001.0,472632,924734.0,265080,527242.0,16.575854999999997,22.978476229508203,66.1366755,85.09110016666668,100.0
00:03:08.537577,382392,763812.0,4.005089,2241336,4403674.0,1026104,2016042.0,469624,922695.0,262072,523478.0,0.838527685950413,0.8996380991735536,64.45751033333335,84.41904716666664,100.0
00:03:12.548833,397432,792633.0,4.011256,2352632,4615353.0,1119352,2195925.0,526776,1033420.0,289144,576665.0,5.569535081967214,6.408697213114753,74.57596874999999,94.88291666666666,100.0
00:03:16.566255,412472,821366.0,4.017422,2845944,5574695.0,1438200,2817176.0,595960,1167379.0,301176,599739.0,8.890477213114757,9.64396295081967,73.4296749166666,89.53110658333331,100.0
00:03:20.566622,406456,812837.0,4.000367,2731640,5373232.0,1338936,2633734.0,620024,1219609.0,295160,590265.0,5.238252131147537,9.053814426229506,64.05011824999997,79.29401983333334,100.0
00:03:24.573155,301176,601369.0,4.006533,1435192,2818799.0,791480,1554512.0,427512,839658.0,207928,415177.0,0.5378850819672132,5.5417643442622975,62.680832999999986,83.28748658333338,100.0
00:03:28.585855,391416,780354.0,4.0127,2232312,4377761.0,1074232,2106664.0,556856,1092043.0,280120,558466.0,3.754389098360656,4.639841639344264,66.86279941666666,89.19826175000001,100.0
00:03:32.604722,376376,749218.0,4.018867,2030776,3976520.0,1068216,2091704.0,523768,1025604.0,292152,581560.0,2.9767902459016398,3.8531303278688522,76.59081974999997,94.21919941666668,100.0
00:03:36.606544,415480,830581.0,4.001822,1591608,3129629.0,917816,1804730.0,457592,899777.0,295160,590051.0,2.0910009836065573,2.9181753278688527,80.61463299999998,98.32802075,100.0
00:03:40.614533,358328,715227.0,4.007989,1272760,2498880.0,716280,1406312.0,379384,744865.0,268088,535107.0,1.6433222131147542,2.2160767213114756,75.83157316666663,92.89422849999997,100.0
00:03:44.628689,385400,768081.0,4.014156,1913464,3751133.0,959928,1881832.0,454584,891161.0,268088,534285.0,6.184414426229506,7.3231751639344305,65.84192025000002,81.89329124999999,100.0
00:03:48.649011,298168,593321.0,4.020322,1468280,2874057.0,737336,1443284.0,358328,701402.0,201912,401782.0,2.1851830327868846,3.3770050819672135,62.29167333333334,84.31507841666671,100.0
00:03:52.652278,259064,517705.0,4.003267,1790136,3518751.0,812536,1597148.0,355320,698429.0,180856,361416.0,0.7320252459016394,6.391597213114754,76.01486225000001,89.44587524999999,100.0
00:03:56.661711,213944,426881.0,4.009433,1122360,2202811.0,577912,1134244.0,277112,543876.0,156792,312846.0,14.777522540983608,28.978157950819657,81.32742074999997,90.54278699999999,100.0
00:04:00.677322,274104,546076.0,4.015611,1868344,3661375.0,890744,1745582.0,382392,749369.0,177848,354313.0,3.9115184426229517,14.041311639344258,74.43315233333331,87.77986850000002,100.0
00:04:04.699100,129720,258035.0,4.021778,950904,1860666.0,394424,771782.0,171832,336229.0,105656,210167.0,4.627475573770489,18.544378114754103,79.74927425000003,89.6506328333333,100.0
00:04:08.703822,204920,409356.0,4.004722,1393080,2737306.0,635064,1247857.0,277112,544506.0,147768,295187.0,9.234142868852462,22.057286311475412,78.58304758333333,90.13613775,100.0
00:04:12.714711,180856,360730.0,4.010889,1254712,2461694.0,550840,1080725.0,244024,478765.0,132728,264735.0,4.40243631147541,13.572989016393443,78.16797683333336,89.92959691666664,100.0
00:04:16.731767,295160,587813.0,4.017056,1901432,3724899.0,993016,1945315.0,421496,825709.0,186872,372157.0,17.66742704918032,32.55903598360654,76.07713466666668,88.60813666666665,100.0
00:04:20.731767,286136,572272.0,4.0,1790136,3521578.0,836600,1645770.0,361336,710824.0,189880,379760.0,4.761721475409835,11.216472459016401,70.93966049999997,87.22670599999998,100.0
00:04:24.737945,222968,445248.0,4.006178,1468280,2884038.0,659128,1294678.0,292152,573853.0,159800,319107.0,2.9203422950819666,13.191098032786883,75.95935616666665,89.18436733333338,100.0
00:04:28.750289,195896,390586.0,4.012344,1302840,2555207.0,562872,1103938.0,259064,508091.0,141752,282631.0,4.964725327868853,13.607845000000001,76.44001541666668,88.9171749166667,100.0
00:04:32.768800,204920,407952.0,4.018511,1236664,2421757.0,550840,1078709.0,250040,489653.0,141752,282198.0,1.2479757377049179,7.009647540983606,71.51735058333333,86.83749466666667,100.0
00:04:36.770256,295160,590105.0,4.001456,1754040,3449335.0,926840,1822639.0,412472,811129.0,195896,391649.0,6.225089344262295,17.211371065573772,73.21422891666666,89.05268316666664,100.0
00:04:40.777878,295160,589197.0,4.007622,1603640,3148799.0,851640,1672223.0,400440,786277.0,201912,403055.0,3.6082789256198358,10.214718181818174,76.49541249999996,88.7080264166667,100.0
00:04:44.791667,201912,402436.0,4.013789,1176504,2306612.0,562872,1103547.0,271096,531501.0,150776,300516.0,7.094723934426227,14.722452540983603,80.33807758333337,90.97417649999996,100.0
00:04:48.811623,280120,557458.0,4.019956,1663800,3257065.0,833592,1631845.0,373368,730907.0,195896,389847.0,0.0,0.007195081967213115,75.30206183333334,88.19559224999999,100.0
00:04:52.814534,385400,770239.0,4.002911,2472952,4861343.0,1269752,2496085.0,571896,1124236.0,280120,559832.0,2.9881404918032786,7.6297506557377055,69.26387050000001,88.00388925,100.0
00:04:56.823612,271096,540964.0,4.009078,1221624,2397841.0,614008,1205194.0,328248,644295.0,189880,378900.0,0.27173040983606556,1.7271366393442618,75.30495599999996,91.2746565,100.0
00:05:00.838856,376376,749894.0,4.015244,2469944,4840760.0,1224632,2400115.0,541816,1061886.0,274104,546126.0,0.99277737704918,2.2756450000000004,72.26387366666668,91.92372858333333,100.0
00:05:04.860267,373368,742760.0,4.021411,2127032,4162409.0,1140408,2231675.0,517752,1013193.0,262072,521353.0,1.3424164754098356,2.8417456557377045,68.5318581666667,89.54319391666665,100.0
00:05:08.864623,277112,553621.0,4.004356,1829240,3594654.0,893752,1756319.0,385400,757352.0,189880,379346.0,2.6637232786885243,11.328744836065573,69.38537416666668,85.47642583333335,100.0
00:05:12.875145,331256,660773.0,4.010522,1946552,3819400.0,920824,1806782.0,418488,821130.0,222968,444766.0,1.179087049180328,7.573742049180327,72.88516208333333,86.65772741666666,100.0
00:05:16.891845,262072,521964.0,4.0167,1537464,3012149.0,704248,1379739.0,334264,654879.0,186872,372190.0,3.314433770491803,6.056456229508197,71.84594125000002,87.80923516666665,100.0
00:05:20.914712,186872,371619.0,4.022867,1146424,2242649.0,499704,977527.0,235000,459710.0,135736,269928.0,2.4210663114754105,5.505084590163935,68.77054633333334,87.34733833333331,100.0
00:05:24.920523,397432,793710.0,4.005811,2427832,4769247.0,1173496,2305222.0,502712,987530.0,274104,547412.0,2.4210663114754105,5.505084590163935,68.77054633333334,87.34733833333331,100.0
00:05:28.932501,364344,726512.0,4.011978,2448888,4803336.0,1173496,2301736.0,526776,1033237.0,253048,504585.0,6.282822786885247,15.497353524590158,74.29462991666666,89.21202083333337,100.0
00:05:32.950645,400440,797263.0,4.018144,2536120,4966927.0,1254712,2457322.0,526776,1031677.0,277112,551721.0,10.716083135593223,27.233129428571427,77.96261808333337,91.57564299999999,100.0
00:05:36.951734,244024,487915.0,4.001089,1675832,3295835.0,773432,1521098.0,334264,657392.0,168824,337556.0,10.716083135593223,27.233129428571427,77.96261808333337,91.57564299999999,100.0
00:05:40.959001,250040,499173.0,4.007267,1278776,2511137.0,641080,1258891.0,313208,615047.0,180856,361056.0,0.9310115573770492,4.493969999999997,75.62318024999998,89.344722,100.0
00:05:44.972434,186872,372493.0,4.013433,1152440,2259630.0,502712,985685.0,228984,448977.0,141752,282555.0,0.0,0.8187176229508197,77.81775825,90.49022775000003,100.0
00:05:48.992034,219960,437774.0,4.0196,1203576,2356333.0,559864,1096088.0,268088,524856.0,159800,318041.0,1.1844784426229509,6.576314180327869,74.77869216666667,88.81450050000002,100.0
00:05:52.994578,213944,427616.0,4.002544,1146424,2253850.0,535800,1053373.0,250040,491574.0,156792,313384.0,1.1844784426229509,6.576314180327869,74.77869216666667,88.81450050000002,100.0
00:05:57.003289,298168,595040.0,4.008711,1735992,3407766.0,809528,1589110.0,370360,727019.0,207928,414952.0,0.006771065573770492,1.9862157377049183,69.49568225,87.83891908333337,100.0
00:06:01.018167,289144,576145.0,4.014878,1633720,3202159.0,845624,1657458.0,394424,773087.0,198904,396333.0,0.5756082786885246,5.148013278688524,71.67011058333333,88.38270474999996,100.0
00:06:05.039211,295160,587230.0,4.021044,1311864,2567430.0,656120,1284082.0,367352,718939.0,207928,413679.0,1.6769528688524586,3.6760981147540983,79.77373958333334,90.77947091666667,100.0
00:06:09.043211,210936,421450.0,4.004,1224632,2406744.0,556856,1094377.0,256056,503221.0,156792,313270.0,1.6769528688524586,3.6760981147540983,79.77373958333334,90.77947091666667,100.0
00:06:13.053378,367352,732841.0,4.010167,2382712,4675612.0,1149432,2255538.0,517752,1015988.0,253048,504812.0,4.722884049586777,14.239370082644625,73.67154766666665,88.4603515833333,100.0
00:06:17.069711,198904,396190.0,4.016333,1507384,2953483.0,611000,1197158.0,265080,519382.0,144760,288342.0,12.004893278688527,22.093225573770496,72.16062908333335,88.1625424166667,100.0
00:06:21.092211,244024,485318.0,4.0225,1666808,3260924.0,737336,1442515.0,316216,618641.0,162808,323794.0,3.2002049180327865,10.022103524590161,71.24660733333333,87.15211225,100.0
00:06:25.097655,238008,475369.0,4.005444,1570552,3085479.0,719288,1413100.0,310200,609413.0,162808,325173.0,3.1487729508196707,12.331912540983604,75.55154308333337,88.75963300000004,100.0
00:06:29.109266,216952,432648.0,4.011611,1579576,3098515.0,686200,1346058.0,298168,584889.0,153784,306677.0,4.592216803278688,15.970204836065562,75.03794641666667,88.67105883333332,100.0
00:06:33.127043,210936,420005.0,4.017778,1474296,2887630.0,617016,1208518.0,271096,530982.0,153784,306207.0,2.9548817213114775,7.8922838524590135,72.16353400000006,87.5782619166667,100.0
00:06:37.127777,319224,638331.0,4.000733,1973624,3881839.0,872696,1716469.0,391416,769859.0,222968,445854.0,11.472700573770492,20.429074508196724,75.69504616666669,89.5028356666667,100.0
00:06:41.134677,225976,451173.0,4.0069,1113336,2186459.0,556856,1093598.0,277112,544214.0,165816,331060.0,1.275388606557377,2.9590659016393452,57.828715416666654,81.96656958333334,100.0
00:06:45.147744,415480,828254.0,4.013067,2575224,5049788.0,1296824,2542957.0,547832,1074250.0,301176,600390.0,0.2560218032786885,1.481826885245902,68.00014175000005,84.9360621666667,100.0
00:06:49.166977,322232,641380.0,4.019233,1732984,3393101.0,923832,1808819.0,424504,831158.0,222968,443802.0,5.686596229508197,12.083168442622952,65.00839074999999,84.62686724999999,100.0
00:06:53.169155,361336,722278.0,4.002178,2166136,4258969.0,1146424,2254052.0,508728,1000240.0,259064,517846.0,4.5456734426229515,10.931568770491808,71.11897341666668,88.12555483333337,100.0
00:06:57.177511,307192,613103.0,4.008356,1636728,3213190.0,851640,1671921.0,361336,709367.0,207928,414989.0,1.9633601639344256,5.407798852459016,63.11795408333331,85.01506666666661,100.0
00:07:01.192033,403448,803977.0,4.014522,2096952,4110472.0,1119352,2194168.0,487672,955941.0,268088,534236.0,7.077682622950817,15.494562950819667,67.81294258333331,85.9106515,100.0
00:07:05.212722,403448,802744.0,4.020689,2512056,4916735.0,1326904,2597090.0,580920,1137008.0,289144,575312.0,1.1903904098360656,3.175661475409836,66.91888277310925,88.09092151260502,100.0
00:07:09.216355,385400,770100.0,4.003633,2382712,4683118.0,1236664,2430610.0,607992,1194982.0,289144,577763.0,0.0,0.0,69.87628074999998,85.98504749999996,100.0
00:07:13.226155,244024,486855.0,4.0098,1516408,2975925.0,746360,1464719.0,340280,667793.0,174840,348825.0,5.340421721311477,8.678846147540986,70.55913566666665,86.45650825000001,100.0
00:07:17.242122,213944,426186.0,4.015967,1149432,2252334.0,553848,1085275.0,268088,525323.0,150776,300353.0,1.5819045901639346,2.426421147540984,67.59528791666668,86.54126308333329,100.0
00:07:21.264255,262072,521259.0,4.022133,1378040,2696223.0,680184,1330823.0,319224,624582.0,177848,353738.0,0.31462016393442616,1.3755963114754095,67.23866825000002,86.22647766666668,100.0
00:07:25.269344,328248,655661.0,4.005089,1898424,3729936.0,941880,1850562.0,427512,839956.0,213944,427344.0,13.50338401639344,24.480368442622943,72.56043833333334,87.455049,100.0
00:07:29.280600,250040,498676.0,4.011256,1603640,3145993.0,731320,1434691.0,331256,649852.0,168824,336700.0,0.34716893442622954,1.0085383606557377,73.46589050000004,87.48444141666666,100.0
00:07:33.298022,256056,509891.0,4.017422,1393080,2728794.0,665144,1302898.0,313208,613518.0,174840,348163.0,0.12590286885245902,1.9139645901639344,65.22073366666667,83.5364074166666,100.0
00:07:37.298389,331256,662451.0,4.000367,1955576,3846687.0,920824,1811293.0,409464,805430.0,210936,421833.0,0.16901442622950819,1.5204561475409837,68.67323325000002,87.23639791666666,100.0
00:07:41.304922,244024,487252.0,4.006533,1441208,2830615.0,692216,1359552.0,316216,621066.0,162808,325085.0,30.733080991735545,41.460789583333344,71.66702749999999,87.45510008333333,100.0
00:07:45.317622,313208,624433.0,4.0127,1967608,3858653.0,959928,1882503.0,424504,832489.0,201912,402545.0,17.101243278688525,27.63485926229507,69.1090605,85.96273249999993,100.0
00:07:49.336489,328248,653414.0,4.018867,2063864,4041310.0,1035128,2026913.0,454584,890133.0,210936,419891.0,0.1959677049180328,0.8398430327868852,69.09737491666667,87.57562058333333,100.0
00:07:53.338311,415480,830581.0,4.001822,2484984,4886303.0,1281784,2520412.0,571896,1124537.0,286136,572011.0,3.3275281967213113,5.274813688524591,70.48645433333333,87.01266216666667,100.0
00:07:57.346300,322232,643179.0,4.007989,1769080,3473333.0,872696,1713412.0,409464,803923.0,216952,433039.0,24.85794,49.77013,68.59827,86.68426,100.0
