delta_t_s,480x270_size_byte,480x270_bitrate,seg_len_s,1920x1080_size_byte,1920x1080_bitrate,1280x720_size_byte,1280x720_bitrate,720x406_size_byte,720x406_bitrate,320x180_size_byte,320x180_bitrate,320x180_vmaf_score,480x270_vmaf_score,720x406_vmaf_score,1280x720_vmaf_score,1920x1080_vmaf_score
00:00:04,430520,861040.0,4.0,2307512,4539367.0,1290808,2539294.0,611000,1201967.0,301176,602352.0,3.7941641803278685,10.977019016393433,67.14787133333336,87.416193,100.0
00:00:08.006178,331256,661490.0,4.006178,1516408,2978572.0,938872,1844159.0,442552,869273.0,216952,433234.0,7.085318442622948,18.7206274590164,73.8981935,89.54965891666663,100.0
00:00:12.018522,274104,546521.0,4.012344,1507384,2956371.0,716280,1404811.0,364344,714573.0,183864,366596.0,3.955334297520662,23.8459794214876,68.61067991596637,87.67616302521004,100.0
00:00:16.037033,195896,389987.0,4.018511,1639736,3211093.0,598968,1172958.0,271096,530887.0,144760,288186.0,3.1663646280991737,19.438661487603312,64.78710336134456,86.13657705882352,100.0
00:00:20.038489,250040,499898.0,4.001456,1886392,3709606.0,779448,1532791.0,349304,686909.0,171832,343538.0,6.022661885245903,34.35236483606559,68.87809991666668,87.58430158333331,100.0
00:00:24.046111,180856,361024.0,4.007622,1384056,2717639.0,508728,998904.0,238008,467336.0,132728,264951.0,1.8823177685950412,16.694244545454552,62.63983591666666,83.86783141666668,100.0
00:00:28.059900,241016,480376.0,4.013789,1970616,3863521.0,782456,1534055.0,337272,661243.0,162808,324497.0,0.12821975409836067,17.201375573770502,61.673869831932805,82.90788151260506,100.0
00:00:32.079856,256056,509569.0,4.019956,2382712,4664412.0,923832,1808499.0,358328,701465.0,165816,329985.0,0.4265355371900827,11.525908677685948,57.95260533333333,81.11582658333329,100.0
00:00:36.082767,247032,493704.0,4.002911,2322552,4565686.0,872696,1715550.0,361336,710316.0,165816,331390.0,3.1093285245901643,17.07011893442623,60.50464319327734,82.3261544537815,100.0
00:00:40.091845,216952,432921.0,4.009078,2115000,4151388.0,752376,1476787.0,316216,620678.0,147768,294866.0,5.66161508196721,24.823868032786883,65.83572141666664,85.23625783333337,100.0
00:00:44.107089,192888,384311.0,4.015244,1826232,3579170.0,614008,1203373.0,271096,531311.0,135736,270441.0,0.13746595041322313,16.213961900826448,62.61186341666669,83.51089574999999,100.0
00:00:48.128500,207928,413641.0,4.021411,2211256,4327228.0,758392,1484104.0,310200,607033.0,138744,276010.0,5.321220327868851,20.531713196721316,63.207718235294095,84.13633537815129,100.0
00:00:52.132856,198904,397375.0,4.004356,1651768,3245902.0,611000,1200681.0,271096,532732.0,141752,283195.0,0.38364024793388435,21.242053884297523,61.85800308333332,83.24339158333333,100.0
00:00:56.143378,201912,402764.0,4.010522,2121016,4161722.0,758392,1488068.0,292152,573242.0,132728,264759.0,2.925333032786885,15.336739836065572,64.34639126050419,85.31588932773109,100.0
00:01:00.160078,210936,420118.0,4.0167,1835256,3595573.0,665144,1303128.0,298168,584161.0,144760,288316.0,2.813618347107438,13.05543785123967,66.85930891666665,86.72604266666667,100.0
00:01:04.182945,225976,449382.0,4.022867,1687864,3301821.0,689208,1348237.0,307192,600933.0,153784,305819.0,4.740021885245901,21.047488360655738,69.11283691666667,88.31292541666666,100.0
00:01:08.188756,177848,355180.0,4.005811,1627704,3197471.0,556856,1093891.0,244024,479362.0,129720,259063.0,0.22807537190082636,28.002019421487596,70.39818462184873,88.74649882352936,100.0
00:01:12.200734,180856,360632.0,4.011978,1624696,3186736.0,598968,1174837.0,259064,508137.0,129720,258665.0,0.05188967213114754,17.05858950819672,69.7806185,88.53755883333335,100.0
00:01:16.218878,204920,407989.0,4.018144,1702904,3335094.0,653112,1279103.0,283128,554499.0,141752,282223.0,3.4480318032786887,13.314363852459012,68.1268806722689,87.39520815126043,100.0
00:01:20.219967,192888,385671.0,4.001089,1681848,3307667.0,607992,1195729.0,271096,533160.0,135736,271398.0,2.457706033057851,15.40621123966943,66.43205599999997,87.24702191666663,100.0
00:01:24.227234,189880,379071.0,4.007267,1651768,3243583.0,592952,1164382.0,265080,520538.0,135736,270979.0,4.240797622950819,19.325221639344257,65.753661,86.53281000000001,100.0
00:01:28.240667,225976,450439.0,4.013433,1657784,3250477.0,674168,1321865.0,304184,596424.0,159800,318530.0,1.9295566115702478,12.340892975206614,67.11980596638655,86.6739024369748,100.0
00:01:32.260267,210936,419814.0,4.0196,1645752,3222015.0,641080,1255091.0,274104,536634.0,144760,288108.0,0.000465983606557377,10.651317622950824,58.27652416666669,81.34942716666666,100.0
00:01:36.262811,228984,457676.0,4.002544,2295480,4512874.0,830584,1632914.0,337272,663071.0,150776,301360.0,0.4710982644628098,15.655926528925619,59.14103134453784,81.57058638655461,100.0
00:01:40.271522,174840,348920.0,4.008711,2148088,4216714.0,677176,1329301.0,268088,526258.0,123704,246870.0,0.0,4.8826518852459015,60.249112916666675,81.67910525000002,100.0
00:01:44.286400,235000,468258.0,4.014878,1922488,3768157.0,740344,1451105.0,331256,649275.0,156792,312421.0,1.4282930578512398,3.1262375206611575,68.54314149999998,86.2549155,100.0
00:01:48.307444,274104,545338.0,4.021044,1197560,2343727.0,707256,1384160.0,340280,665957.0,186872,371788.0,0.0,6.923690327868852,61.94013537815126,83.4020161344538,100.0
00:01:52.311444,231992,463520.0,4.004,1850296,3636349.0,770424,1514098.0,313208,615541.0,153784,307260.0,0.0,9.316307377049185,57.46979950000002,81.36102200000003,100.0
00:01:56.321611,195896,390798.0,4.010167,2199224,4315552.0,749368,1470490.0,277112,543778.0,132728,264782.0,0.0,6.796277520661156,56.74521722689074,80.51939563025209,100.0
00:02:00.337944,244024,486063.0,4.016333,2250360,4409228.0,866680,1698123.0,319224,625469.0,156792,312308.0,0.011886311475409837,11.252157131147541,57.976170833333335,81.28697983333335,100.0
00:02:04.360444,189880,377635.0,4.0225,2087928,4084798.0,689208,1348358.0,277112,542138.0,132728,263971.0,5.350535702479339,19.984016033057852,66.64807666666667,86.9364315,100.0
00:02:08.365888,192888,385251.0,4.005444,1708920,3357315.0,620024,1218088.0,274104,538500.0,138744,277110.0,0.46401081967213104,3.2357524590163935,65.11855546218487,85.47195218487394,100.0
00:02:12.377499,225976,450643.0,4.011611,1826232,3582359.0,728312,1428665.0,310200,608492.0,156792,312676.0,0.0,4.107705206611569,58.06166074999999,80.91526991666666,100.0
00:02:16.395277,207928,414015.0,4.017778,2133048,4177895.0,752376,1473641.0,301176,589898.0,141752,282249.0,0.0,0.0,60.87660596638656,83.78204621848744,100.0
00:02:20.396010,376376,752614.0,4.000733,2382712,4686457.0,1146424,2254853.0,460600,905934.0,235000,469913.0,0.0,3.5923838016528937,62.32982666666667,82.82945683333332,100.0
00:02:24.402910,216952,433156.0,4.0069,1636728,3214338.0,662136,1300356.0,292152,573751.0,150776,301032.0,0.0,3.1349920491803274,58.690742333333326,80.68376475000001,100.0
00:02:28.415977,213944,426494.0,4.013067,2036792,3993970.0,728312,1428155.0,313208,614173.0,141752,282580.0,4.6615835245901645,19.689723852459018,67.12157243697482,86.66031613445378,100.0
00:02:32.435210,189880,377942.0,4.019233,1784120,3493223.0,641080,1255204.0,274104,536682.0,138744,276160.0,1.145293388429752,7.490715041322314,68.34774525000002,87.91354125,100.0
00:02:36.437388,204920,409616.0,4.002178,1729976,3401409.0,638072,1254551.0,289144,568503.0,147768,295375.0,6.1545276229508215,29.313314590163934,69.2605512605042,88.46393739495798,100.0
00:02:40.445744,156792,312930.0,4.008356,1600632,3142327.0,490680,963292.0,219960,431820.0,120696,240888.0,2.0771909917355367,9.720970330578513,69.065756,88.22580825,100.0
00:02:44.460266,198904,396368.0,4.014522,1639736,3214231.0,614008,1203586.0,283128,554991.0,144760,288472.0,2.421289262295083,13.293181885245904,70.52599975000001,88.68158475000001,100.0
00:02:48.480955,192888,383790.0,4.020689,1477304,2891461.0,568888,1113459.0,268088,524716.0,141752,282045.0,0.0,0.9254014876033059,66.70959563025211,87.47384899159664,100.0
00:02:52.484588,204920,409468.0,4.003633,1702904,3346984.0,650104,1277751.0,292152,574212.0,147768,295267.0,6.296973278688524,26.368038606557377,71.44361883333337,89.21473541666666,100.0
00:02:56.494388,141752,282811.0,4.0098,1260728,2474158.0,409464,803566.0,195896,384442.0,114680,228799.0,0.0,1.9458598347107443,63.92710252100837,84.87981848739497,100.0
00:03:00.510355,201912,402218.0,4.015967,1784120,3496017.0,674168,1321045.0,283128,554794.0,141752,282376.0,0.49693827868852464,9.822925163934425,59.572279833333326,81.48208591666668,100.0
00:03:04.532487,171832,341772.0,4.022133,1967608,3849751.0,611000,1195460.0,253048,495104.0,123704,246046.0,0.0,0.0893772131147541,59.51899966666669,82.27964775000005,100.0
00:03:08.537577,235000,469402.0,4.005089,2506040,4923752.0,884728,1738273.0,352312,692206.0,153784,307177.0,0.0,0.3941773553719008,59.82777033613445,82.24007638655462,100.0
00:03:12.548833,222968,444684.0,4.011256,2027768,3978040.0,770424,1511404.0,322232,632149.0,153784,306704.0,0.0,2.6782850819672133,57.82229299999997,80.90937258333337,100.0
00:03:16.566255,250040,497911.0,4.017422,2111992,4137014.0,842616,1650534.0,358328,701900.0,165816,330193.0,0.0,4.189965371900824,58.10073999999999,81.01890823529413,100.0
00:03:20.566622,228984,457925.0,4.000367,2271416,4467955.0,860664,1692956.0,331256,651592.0,150776,301524.0,0.0,2.080902295081968,58.55058683333331,81.15350249999999,100.0
00:03:24.573155,201912,403165.0,4.006533,2130040,4183521.0,698232,1371367.0,286136,561987.0,138744,277035.0,2.2189496694214874,7.077715371900827,66.48890225,85.92793108333335,100.0
00:03:28.585855,195896,390551.0,4.0127,1853304,3634493.0,662136,1298507.0,280120,549340.0,135736,270612.0,2.2411263114754094,14.251119262295084,66.92361655462187,86.91179579831937,100.0
00:03:32.604722,201912,401928.0,4.018867,1684856,3299164.0,629048,1231756.0,280120,548510.0,144760,288160.0,2.4476457851239677,12.807036280991737,64.59661550000001,85.71928183333333,100.0
00:03:36.606544,213944,427693.0,4.001822,1720952,3383962.0,662136,1301979.0,298168,586297.0,150776,301414.0,1.7383586885245905,9.134687868852462,71.26300210084034,88.84293605042014,100.0
00:03:40.614533,192888,385007.0,4.007989,1648760,3237102.0,623032,1223233.0,271096,532257.0,135736,270930.0,4.280586229508199,21.61606606557377,69.4144524166667,88.3605580833333,100.0
00:03:44.628689,156792,312478.0,4.014156,1594616,3126067.0,493688,967820.0,219960,431207.0,120696,240540.0,4.270981074380168,25.96889553719009,69.58737008333335,88.64853149999999,100.0
00:03:48.649011,186872,371854.0,4.020322,1742008,3409860.0,586936,1148886.0,259064,507099.0,135736,270099.0,5.185155,27.43901483606556,69.57020663865546,88.58347184873949,100.0
00:03:52.652278,168824,337372.0,4.003267,1669816,3282246.0,532792,1047273.0,235000,461923.0,126712,253217.0,1.8034179338842975,12.474440495867771,69.55231483333336,88.40623533333336,100.0
00:03:56.661711,168824,336853.0,4.009433,1378040,2704624.0,493688,968941.0,225976,443514.0,126712,252827.0,3.8982050819672147,19.370861721311478,67.41912184873952,86.85416159663868,100.0
00:04:00.677322,162808,324350.0,4.015611,1254712,2458846.0,472632,926212.0,219960,431053.0,123704,246446.0,5.617278842975206,28.306099917355372,69.50803674999997,88.42963525000002,100.0
00:04:04.699100,150776,299919.0,4.021778,1516408,2967207.0,463608,907157.0,210936,412745.0,114680,228118.0,6.630324590163934,30.173585983606557,69.72662475000001,88.66417300000002,100.0
00:04:08.703822,144760,289178.0,4.004722,1480312,2908711.0,448568,881405.0,198904,390832.0,111672,223080.0,4.762875867768596,19.104601570247937,69.77109008403359,88.64404697478992,100.0
00:04:12.714711,156792,312732.0,4.010889,1579576,3099064.0,493688,968595.0,219960,431552.0,120696,240736.0,3.5658303278688517,16.204234508196727,67.95155533333335,87.43607683333339,100.0
00:04:16.731767,201912,402109.0,4.017056,1639736,3212237.0,638072,1249980.0,280120,548754.0,141752,282300.0,3.2570259016393446,16.53350581967213,64.64523411764708,85.1435233613445,100.0
00:04:20.731767,247032,494064.0,4.0,1865336,3669513.0,773432,1521505.0,340280,669403.0,168824,337648.0,0.0,0.0,66.35621974999998,86.97093349999999,100.0
00:04:24.737945,238008,475281.0,4.006178,1961592,3853015.0,767416,1507380.0,331256,650662.0,162808,325113.0,1.0371033606557376,12.697657213114754,70.47116183333334,88.75308616666662,100.0
00:04:28.750289,180856,360599.0,4.012344,1531448,3003567.0,550840,1080340.0,250040,490393.0,132728,264639.0,1.9434248760330588,18.14840099173554,69.29165042016807,87.9127844537815,100.0
00:04:32.768800,183864,366034.0,4.018511,1600632,3134516.0,595960,1167067.0,253048,495543.0,129720,258244.0,0.0,0.0,69.527791,88.4542575,100.0
00:04:36.770256,201912,403677.0,4.001456,1633720,3212724.0,592952,1166045.0,268088,527197.0,144760,289414.0,0.0,7.296613305785123,57.300898991596654,80.54496336134454,100.0
00:04:40.777878,192888,385042.0,4.007622,1961592,3851650.0,770424,1512752.0,289144,567743.0,132728,264951.0,0.0,9.855816147540981,58.79245025,81.25499549999999,100.0
00:04:44.791667,219960,438408.0,4.013789,2075896,4069929.0,737336,1445595.0,319224,625859.0,147768,294520.0,0.0,9.920884545454543,58.648497394958,80.75853260504205,100.0
00:04:48.811623,216952,431749.0,4.019956,2145080,4199222.0,719288,1408082.0,313208,613138.0,144760,288082.0,0.05682262295081966,15.29722467213115,58.24279491666669,80.54935333333331,100.0
00:04:52.814534,210936,421565.0,4.002911,2271416,4465162.0,728312,1431719.0,307192,603879.0,144760,289309.0,0.028599754098360654,2.4011266393442625,59.11999166666668,81.20002083333334,100.0
00:04:56.823612,177848,354890.0,4.009078,2111992,4145484.0,653112,1281948.0,271096,532115.0,123704,246847.0,0.0,2.3935047107438012,64.48050319327734,85.32413529411761,100.0
00:05:00.838856,186872,372325.0,4.015244,1769080,3467160.0,611000,1197478.0,265080,519521.0,138744,276434.0,0.0,5.738829999999999,61.036259000000015,82.97548816666668,100.0
00:05:04.860267,174840,347818.0,4.021411,1919480,3756249.0,629048,1230990.0,259064,506964.0,123704,246090.0,0.0,5.445514793388431,59.124430672268886,81.5013517647059,100.0
00:05:08.864623,198904,397375.0,4.004356,2118008,4162114.0,710264,1395745.0,289144,568199.0,138744,277186.0,0.0,3.5705795901639337,60.5668715,82.86389949999999,100.0
00:05:12.875145,207928,414764.0,4.010522,1829240,3589217.0,680184,1334613.0,295160,579144.0,144760,288760.0,0.0,0.0,61.55512408333333,81.19889516666673,100.0
00:05:16.891845,247032,492009.0,4.0167,2072888,4061134.0,881720,1727437.0,340280,666665.0,165816,330253.0,0.8909064754098363,3.1562571311475414,71.75121495798318,89.30313521008397,100.0
00:05:20.914712,168824,335728.0,4.022867,1495352,2925227.0,514744,1006948.0,235000,459710.0,126712,251983.0,1.7266690909090907,10.549436363636364,69.01788666666667,87.98442475000006,100.0
00:05:24.920523,183864,367194.0,4.005811,1657784,3256560.0,571896,1123435.0,259064,508906.0,132728,265070.0,0.057157213114754093,0.41297901639344264,69.0596099159664,88.41102521008406,100.0
00:05:28.932501,165816,330641.0,4.011978,1618680,3174936.0,520760,1021437.0,231992,455037.0,126712,252667.0,0.06914934426229509,1.7822607377049176,71.72260866666669,88.84056083333334,100.0
00:05:32.950645,141752,282223.0,4.018144,743352,1455836.0,355320,695885.0,189880,371875.0,111672,222335.0,0.0,0.0,69.45980216666668,87.70679966666664,100.0
00:05:36.951734,189880,379656.0,4.001089,1209592,2378888.0,526776,1036003.0,250040,491750.0,141752,283426.0,0.0,0.015029180327868853,71.55688394957983,89.51949890756302,100.0
00:05:40.959001,174840,349045.0,4.007267,1417144,2782851.0,505720,993084.0,238008,467377.0,129720,258969.0,0.0,0.12623553719008265,65.01723116666668,85.47599216666671,100.0
00:05:44.972434,241016,480418.0,4.013433,1967608,3857960.0,827576,1622658.0,328248,643607.0,159800,318530.0,0.0,0.34743819672131143,65.01967470588234,85.28877378151257,100.0
00:05:48.992034,280120,557508.0,4.0196,2340600,4582373.0,968952,1896992.0,400440,783972.0,180856,359948.0,0.0,1.5420091735537191,59.75637291666666,82.54467141666663,100.0
00:05:52.994578,213944,427616.0,4.002544,1955576,3844629.0,704248,1384539.0,292152,574365.0,147768,295348.0,0.0,1.2542668032786883,57.82673291666665,81.31508466666666,100.0
00:05:57.003289,207928,414952.0,4.008711,2388728,4689092.0,815544,1600919.0,310200,608925.0,141752,282887.0,0.0,0.0,60.13744546218487,82.47024394957985,100.0
00:06:01.018167,213944,426302.0,4.014878,1937528,3797636.0,674168,1321397.0,289144,566734.0,147768,294440.0,0.0,0.0,61.26859808333333,83.44715791666661,100.0
00:06:05.039211,268088,533369.0,4.021044,2373688,4645510.0,944888,1849226.0,394424,771921.0,180856,359818.0,0.1897022131147541,3.4216935245901636,69.20533352941176,88.38280067226891,100.0
00:06:09.043211,228984,457510.0,4.004,1675832,3293478.0,662136,1301282.0,307192,603718.0,162808,325290.0,3.060486833333334,5.95814214876033,65.32316733333332,85.76354533333338,100.0
00:06:13.053378,382392,762845.0,4.010167,2084920,4091253.0,1089272,2137486.0,505720,992377.0,253048,504812.0,0.7399554098360656,2.298952049180328,68.21943950000004,86.51252283333332,100.0
00:06:17.069711,301176,599902.0,4.016333,1757048,3442660.0,923832,1810104.0,409464,802280.0,198904,396190.0,0.24100793388429753,0.4369888429752066,69.48537403361343,86.19130319327729,100.0
00:06:21.092211,319224,634876.0,4.0225,1450232,2837217.0,884728,1730871.0,430520,842264.0,213944,425494.0,0.5314874590163936,0.5315094262295083,60.648188583333315,88.34229149999996,100.0
00:06:23.897655,235000,670125.0,2.805444,1426168,3972459.0,767416,2137566.0,277112,771869.0,138744,395642.0,50.0,50.0,84.437895,94.186305,100.0
