delta_t_s,1280x720_bitrate,1280x720_size_byte,1920x1080_bitrate,1920x1080_size_byte,426x240_bitrate,426x240_size_byte,854x480_bitrate,854x480_size_byte,seg_len_s,426x240_vmaf_score,854x480_vmaf_score,1280x720_vmaf_score,1920x1080_vmaf_score
00:00:03.682434,752319.0,346296,1889376.0,869688,399440.0,183864,530136.0,244024,3.682434,32.48412850000002,61.41094679999999,73.94623290000001,100.0
00:00:07.361946,1001437.0,460600,2459856.0,1131384,445537.0,204920,628657.0,289144,3.679512,19.516397000000005,56.18122900000002,73.6078218,100.0
00:00:14.640935,975669.0,887736,2350946.0,2139064,423575.0,385400,648380.0,589944,7.278989,18.0436561,56.34269310000003,72.95143930000002,100.0
00:00:18.311658,1141503.0,523768,2786973.0,1278776,479382.0,219960,708830.0,325240,3.670723,59.15253169999998,74.25352269999999,84.2480023,100.0
00:00:21.979458,1057121.0,484664,2546442.0,1167480,479764.0,219960,676590.0,310200,3.6678,62.035665900000005,76.36072669999999,84.88282730000003,100.0
00:00:25.644325,887248.0,406456,2036321.0,932856,421053.0,192888,572074.0,262072,3.664867,64.92466210000002,78.8504065,85.84167699999996,100.0
00:00:29.306270,848528.0,388408,1847376.0,845624,408246.0,186872,572530.0,262072,3.661945,60.80593230000002,76.85469170000002,85.1618397,100.0
00:00:32.986626,890053.0,409464,1988520.0,914808,386588.0,177848,556589.0,256056,3.680356,15.147415799999997,53.17095430000002,71.24582179999997,100.0
00:00:36.664048,988918.0,454584,2448167.0,1125368,426159.0,195896,648645.0,298168,3.677422,15.147415799999997,53.17095430000002,71.24582179999997,100.0
00:00:40.338548,1074841.0,493688,2620385.0,1203576,472340.0,216952,701552.0,322232,3.6745,17.613832300000002,54.9077069,71.9281101,100.0
00:00:44.010115,1056037.0,484664,2622479.0,1203576,446501.0,204920,682450.0,313208,3.671567,23.3693115,58.74921379999998,74.3748658,100.0
00:00:51.281159,1360645.0,1236664,3108096.0,2824888,533253.0,484664,870829.0,791480,7.271044,32.9139048,65.2820777,78.70746599999997,100.0
00:00:54.943948,1124266.0,514744,2536786.0,1161464,506700.0,231992,710365.0,325240,3.662789,30.691262099999996,66.076706,79.59625459999998,100.0
00:00:58.625148,1079421.0,496696,2393358.0,1101304,491092.0,225976,693738.0,319224,3.6812,29.922728900000003,66.61979730000002,80.40977480000004,100.0
00:01:03.184915,1225031.0,698232,2797714.0,1594616,512573.0,292152,765891.0,436536,4.559767,30.629349299999994,67.82286579999999,81.54918929999997,100.0
00:01:06.867093,1085670.0,499704,2464610.0,1134392,490961.0,225976,687019.0,316216,3.682178,36.65402259999998,68.7821277,81.824332,100.0
00:01:10.546338,1236966.0,568888,2865544.0,1317880,524055.0,241016,766052.0,352312,3.679245,32.301118100000004,67.61564444444443,81.82065707070709,100.0
00:01:14.222661,1120127.0,514744,2599449.0,1194552,478652.0,219960,701204.0,322232,3.676323,29.31055560000001,66.64859380000001,80.73572210000002,100.0
00:01:17.896050,1258591.0,577912,2857010.0,1311864,518339.0,238008,780375.0,358328,3.673389,35.95547769999999,61.81920730000001,74.77000040000003,100.0
00:01:21.566517,1167807.0,535800,2813392.0,1290808,472859.0,216952,715435.0,328248,3.670467,45.58571599999999,65.06412669999997,75.2012149,100.0
00:01:25.234051,958778.0,439544,2225120.0,1020088,433869.0,198904,637271.0,292152,3.667534,45.58571599999999,65.06412669999997,75.2012149,100.0
00:01:28.898662,1071175.0,490680,2469858.0,1131384,453915.0,207928,677179.0,310200,3.664611,40.07842141414142,62.25204420000003,74.82243609999999,100.0
00:01:36.162751,1000859.0,908792,2375644.0,2157112,434382.0,394424,649710.0,589944,7.264089,41.82305129999999,64.25177570000001,75.4006297,100.0
00:01:39.839918,1041340.0,478648,2435248.0,1119352,458909.0,210936,668323.0,307192,3.677167,41.5162182,64.5145689,76.68356940000002,100.0
00:01:43.514151,1114215.0,511736,2607477.0,1197560,485473.0,222968,695054.0,319224,3.674233,43.66036450000001,64.11500989999998,76.2820996,100.0
00:01:47.185462,1062665.0,487672,2471906.0,1134392,453087.0,207928,669389.0,307192,3.671311,39.45490960000001,61.815920399999996,75.43472230000005,100.0
00:01:50.853840,1129113.0,517752,2670677.0,1224632,473128.0,216952,702723.0,322232,3.668378,40.81850539999999,61.17087420000003,74.39255549999999,100.0
00:01:54.519294,1103753.0,505720,2587461.0,1185528,480071.0,219960,683588.0,313208,3.665455,41.6169448,65.1226409,76.1855434,100.0
00:01:58.181828,973228.0,445560,2320142.0,1062200,427891.0,195896,644712.0,295160,3.662533,40.435409699999994,63.80149699999999,76.45496720000001,100.0
00:02:04.265262,1131813.0,860664,2638920.0,2006712,471218.0,358328,712513.0,541816,6.083434,37.12581019999999,60.023833800000006,74.243272,100.0
00:02:07.935096,1135223.0,520760,2774534.0,1272760,479498.0,219960,689330.0,316216,3.669834,43.38320550000001,62.4225365,75.7356868,100.0
00:02:11.602008,1116440.0,511736,2638933.0,1209592,473318.0,216952,683317.0,313208,3.666912,37.24129859999999,64.10954520000001,76.77323849999998,100.0
00:02:15.265996,940002.0,430520,2214137.0,1014072,414586.0,189880,644456.0,295160,3.663989,30.686401400000012,63.51578089999998,75.38259149999998,100.0
00:02:18.948386,856887.0,394424,2026632.0,932856,425584.0,195896,621631.0,286136,3.682389,29.655009600000007,63.45724393939393,75.53167242424244,100.0
00:02:22.627853,837947.0,385400,2008621.0,923832,393222.0,180856,628664.0,289144,3.679467,30.15835349999999,64.19909109999999,75.91393180000001,100.0
00:02:26.304387,877887.0,403448,2029859.0,932856,413171.0,189880,648802.0,298168,3.676534,30.15835349999999,64.19909109999999,75.91393180000001,100.0
00:02:29.977998,930990.0,427512,2169035.0,996024,413500.0,189880,668970.0,307192,3.673611,28.164303299999993,63.10292230000001,75.8201164,100.0
00:02:37.251087,880510.0,800504,2051767.0,1865336,417301.0,379384,652214.0,592952,7.273089,30.017108699999998,63.8991856,76.64879160000002,100.0
00:02:40.915920,847859.0,388408,1970678.0,902776,394792.0,180856,631175.0,289144,3.664833,30.33988219999998,65.43567560000001,76.55097499999998,100.0
00:02:44.577820,868253.0,397432,2011685.0,920824,401680.0,183864,644823.0,295160,3.6619,30.665276499999994,65.3316316,76.24725640000001,100.0
00:02:48.258131,909679.0,418488,2086623.0,959928,406209.0,186872,661213.0,304184,3.680311,29.66639209999999,64.9096918,76.4625435,100.0
00:02:51.935509,871142.0,400440,2068656.0,950904,413076.0,189880,635565.0,292152,3.677378,31.007430101010083,64.82891570000002,75.8953789,100.0
00:02:55.609964,852188.0,391416,2024459.0,929848,400307.0,183864,642620.0,295160,3.674455,30.590257099999988,64.12909420000001,76.18667519999997,100.0
00:02:59.281497,944625.0,433528,2209588.0,1014072,426842.0,195896,662794.0,304184,3.671533,29.115565,61.8474693,75.4655562,100.0
00:03:04.871598,999240.0,698232,2320799.0,1621688,439622.0,307192,684993.0,478648,5.590101,42.8148631,65.9497082,77.73105270000002,100.0
00:03:08.538776,1031053.0,472632,2310642.0,1059192,473283.0,216952,657019.0,301176,3.667178,48.97061569999998,65.9586807,76.89867670000001,100.0
00:03:12.203021,1051580.0,481656,2456971.0,1125368,480229.0,219960,670680.0,307192,3.664245,48.5500429,64.7394807,76.5170025,100.0
00:03:15.864344,1144434.0,523768,2688968.0,1230648,487185.0,222968,684360.0,313208,3.661323,45.26347609999999,63.637173600000025,75.22814210000003,100.0
00:03:19.544067,1047157.0,481656,2440096.0,1122360,465130.0,213944,648240.0,298168,3.679723,49.203058200000015,66.373933,77.75751390000003,100.0
00:03:23.220867,1133072.0,520760,2736553.0,1257720,498224.0,228984,694569.0,319224,3.6768,49.203058200000015,66.373933,77.75751390000003,100.0
00:03:26.894745,1192923.0,547832,2895930.0,1329912,505170.0,231992,734421.0,337272,3.673878,50.00402240000001,67.34344510000004,78.51495629999995,100.0
00:03:34.168101,1135233.0,1032120,2720012.0,2472952,476839.0,433528,685275.0,623032,7.273356,44.56289039999999,64.54931151515153,76.85824616161617,100.0
00:03:37.833190,998812.0,457592,2279130.0,1044152,447290.0,204920,637696.0,292152,3.665089,48.48450970000001,67.26844159999997,77.84303309999997,100.0
00:03:41.495357,1078460.0,493688,2418939.0,1107320,480502.0,219960,671060.0,307192,3.662167,46.15029849999997,63.9351196,76.21823410000003,100.0
00:03:45.175924,1131912.0,520760,2727214.0,1254712,491176.0,225976,693858.0,319224,3.680567,57.87268489999999,69.69348089999998,80.28343619999998,100.0
00:03:48.853568,1414174.0,650104,3645446.0,1675832,530826.0,244024,799102.0,367352,3.677644,24.7027312,60.643433,75.2159971,100.0
00:03:52.528290,1015839.0,466616,2574387.0,1182520,446118.0,204920,681864.0,313208,3.674722,24.906746,63.13901780000001,76.13638889999999,100.0
00:03:56.200079,977328.0,448568,2419154.0,1110328,420259.0,192888,675855.0,310200,3.671789,24.75978580000001,63.289015599999985,76.23625759999999,100.0
00:03:59.868946,991224.0,454584,2480111.0,1137400,433712.0,198904,696071.0,319224,3.668867,24.75978580000001,63.289015599999985,76.23625759999999,100.0
00:04:06.297380,1003690.0,806520,2444887.0,1964600,427211.0,343288,674274.0,541816,6.428434,25.919502799999997,63.707749600000035,76.20028839999998,100.0
00:04:09.970892,937566.0,430520,2365614.0,1086264,413511.0,189880,675538.0,310200,3.673512,26.02043859999999,63.93230970000001,75.83320259999999,100.0
00:04:13.641470,977650.0,448568,2374060.0,1089272,440065.0,201912,695746.0,319224,3.670578,26.77378500000001,62.4750985,75.71138610000001,100.0
00:04:17.309126,919379.0,421496,2257851.0,1035128,473222.0,216952,637250.0,292152,3.667656,25.054710700000005,62.57066439999998,75.03602430000002,100.0
00:04:20.973849,893849.0,409464,2226826.0,1020088,414503.0,189880,650893.0,298168,3.664723,26.087111313131306,61.95566680000002,74.8069063,100.0
00:04:24.635649,907706.0,415480,2320607.0,1062200,447692.0,204920,651412.0,298168,3.6618,26.087111313131306,61.95566680000002,74.8069063,100.0
00:04:28.315860,903165.0,415480,2210916.0,1017080,406220.0,186872,648154.0,298168,3.680211,24.6785005,62.29135249999999,74.52031679999999,100.0
00:04:31.993138,969325.0,445560,2408999.0,1107320,426176.0,195896,687934.0,316216,3.677278,23.6633884,62.15701949999999,74.77408899999999,100.0
00:04:39.269894,979275.0,890744,2460797.0,2238328,433626.0,394424,684955.0,623032,7.276756,25.395541400000017,60.75699389999999,74.97848619999999,100.0
00:04:42.938394,1115956.0,511736,2860818.0,1311864,473113.0,216952,683021.0,313208,3.6685,48.233213199999994,64.68370353535356,75.7047605050505,100.0
00:04:46.603961,1031506.0,472632,2567687.0,1176504,447232.0,204920,631048.0,289144,3.665567,53.113101,68.10925400000002,77.8203648,100.0
00:04:50.266604,1130881.0,517752,2852252.0,1305848,460729.0,210936,657832.0,301176,3.662644,52.81036309999999,67.82426730000002,78.54763259999999,100.0
00:04:53.947660,1086001.0,499704,2844523.0,1308856,445350.0,204920,654542.0,301176,3.681055,50.54161320000001,65.34477849999999,76.72616710000003,100.0
00:04:57.625782,1041070.0,478648,2637432.0,1212600,458790.0,210936,635437.0,292152,3.678122,52.5655297,65.6186648,76.73286660000002,100.0
00:05:01.300983,1094279.0,502712,2809768.0,1290808,478798.0,219960,649037.0,298168,3.675201,52.96015609999998,68.6515596,77.82031180000001,100.0
00:05:07.375750,1058163.0,803512,2682298.0,2036792,448122.0,340280,650149.0,493688,6.074767,50.83042979999996,66.816349,77.19649500000003,100.0
00:05:11.036928,1013024.0,463608,2472174.0,1131384,447768.0,204920,612087.0,280120,3.661178,60.21208060000003,71.23506819999999,80.438772,100.0
00:05:14.716506,1001419.0,460600,2309395.0,1062200,484768.0,222968,628646.0,289144,3.679578,55.65894969999999,72.64601569999998,80.6673543,100.0
00:05:18.393162,864768.0,397432,1970886.0,905784,393522.0,180856,563694.0,259064,3.676656,49.8962424,69.2539705,79.36052309999997,100.0
00:05:22.066885,891660.0,409464,2018312.0,926840,420038.0,192888,570695.0,262072,3.673723,50.96372860000003,69.27646670000001,79.63370840000002,100.0
00:05:25.737685,898925.0,412472,2013363.0,923832,413817.0,189880,577705.0,265080,3.6708,57.73778459999998,72.11579489999998,81.36336399999999,100.0
00:05:29.405552,906205.0,415480,2054338.0,941880,446951.0,204920,571606.0,262072,3.667867,57.73778459999998,72.11579489999998,81.36336399999999,100.0
00:05:33.070497,893795.0,409464,2161032.0,990008,414478.0,189880,591760.0,271096,3.664945,40.03264940000002,69.5876128,80.55914239999997,100.0
00:05:40.334919,828559.0,752376,1901836.0,1726968,404549.0,367352,619867.0,562872,7.264422,36.4669878,69.09274009999999,79.27358109999999,100.0
00:05:44.012419,831852.0,382392,1911542.0,878712,419606.0,192888,615914.0,283128,3.6775,36.24933290000001,68.8532816,78.83774070000001,100.0
00:05:47.686986,832516.0,382392,1906519.0,875704,400295.0,183864,596759.0,274104,3.674567,58.758738888888885,74.79349230000001,82.29438769999999,100.0
00:05:51.358630,774192.0,355320,1750740.0,803512,354735.0,162808,505478.0,231992,3.671644,60.55303009999998,75.37875050505053,81.46991000000001,100.0
00:05:55.027341,761693.0,349304,1719343.0,788472,355019.0,162808,499323.0,228984,3.668711,58.685569399999984,73.528264,80.55405279999997,100.0
00:05:58.693130,775429.0,355320,1727278.0,791480,368431.0,168824,499721.0,228984,3.665789,47.96542230000003,65.73653549999999,75.19832360000002,100.0
00:06:02.355996,848314.0,388408,2254234.0,1032120,414713.0,189880,559247.0,256056,3.662866,47.96542230000003,65.73653549999999,75.19832360000002,100.0
00:06:06.438452,684497.0,349304,1615827.0,824568,361495.0,180856,448718.0,228984,4.082456,79.11294,87.76884,91.38311,100.0
