delta_t_s,1280x720_bitrate,1280x720_size_byte,1920x1080_bitrate,1920x1080_size_byte,426x240_bitrate,426x240_size_byte,854x480_bitrate,854x480_size_byte,seg_len_s,426x240_vmaf_score,854x480_vmaf_score,1280x720_vmaf_score,1920x1080_vmaf_score
00:00:03.069733,361579.0,138744,447809.0,171832,291027.0,111672,322383.0,123704,3.069733,47.25554553719008,79.30672099173553,90.00464743801655,100.0
00:00:09.126876,898356.0,680184,1978965.0,1498360,413670.0,313208,616285.0,466616,6.057144,27.646291900826448,66.11854363636364,80.92832223140495,100.0
00:00:12.196266,769299.0,295160,1686579.0,647096,385139.0,147768,573299.0,219960,3.069389,27.646291900826448,66.11854363636364,80.92832223140495,100.0
00:00:15.250066,844146.0,322232,1868549.0,713272,387105.0,147768,607746.0,231992,3.0538,27.094597916666654,65.3439418333333,81.28726083333336,100.0
00:00:21.314488,1000447.0,758392,2182929.0,1654776,440950.0,334264,651258.0,493688,6.064422,27.68115324999999,66.80523458333333,81.72821608333332,100.0
00:00:24.367943,655100.0,250040,1529881.0,583928,347745.0,132728,536886.0,204920,3.053455,27.68115324999999,66.80523458333333,81.72821608333332,100.0
00:00:27.429020,566995.0,216952,1502488.0,574904,331156.0,126712,504104.0,192888,3.061077,27.939719421487595,68.13498090909091,81.81656214876038,100.0
00:00:31.598831,704783.0,367352,1674312.0,872696,364294.0,189880,560508.0,292152,4.169811,26.817019499999994,66.02119308333329,81.41492133333333,100.0
00:00:37.665608,591507.0,448568,1511740.0,1146424,333683.0,253048,496310.0,376376,6.066777,27.59332033057851,67.31532421487604,81.48035462809916,100.0
00:00:40.721419,662470.0,253048,1615325.0,617016,355351.0,135736,536472.0,204920,3.055811,27.59332033057851,67.31532421487604,81.48035462809916,100.0
00:00:43.784852,755084.0,289144,1705568.0,653112,370178.0,141752,582269.0,222968,3.063433,26.78398266666667,66.39069516666667,81.4923970833333,100.0
00:00:49.835685,704421.0,532792,1654917.0,1251704,362401.0,274104,557273.0,421496,6.050833,27.611137499999995,67.49145399999999,81.5494695833333,100.0
00:00:52.898774,684464.0,262072,1595774.0,611000,354507.0,135736,543054.0,207928,3.063089,27.611137499999995,67.49145399999999,81.5494695833333,100.0
00:00:55.946274,601106.0,228984,1524974.0,580920,340528.0,129720,506350.0,192888,3.0475,28.857369256198332,68.00822231404959,81.60201429752065,100.0
00:01:01.971029,615604.0,463608,1570214.0,1182520,351987.0,265080,523737.0,394424,6.024755,28.229756694214874,67.19469099173551,82.01393132231405,100.0
00:01:05.031618,685023.0,262072,1597078.0,611000,370522.0,141752,535635.0,204920,3.060589,28.229756694214874,67.19469099173551,82.01393132231405,100.0
00:01:08.099840,706848.0,271096,1671534.0,641080,369600.0,141752,557831.0,213944,3.068222,28.546309666666673,67.48888308333333,81.54278108333331,100.0
00:01:14.155462,676047.0,511736,1621818.0,1227640,354167.0,268088,536963.0,406456,6.055622,28.806407024793387,66.12663223140491,81.39776570247935,100.0
00:01:17.223339,879492.0,337272,1954101.0,749368,408861.0,156792,620645.0,238008,3.067877,28.806407024793387,66.12663223140491,81.39776570247935,100.0
00:01:20.275616,797264.0,304184,1759106.0,671160,395183.0,150776,600165.0,228984,3.052277,30.336258750000006,67.35951416666667,81.61575916666668,100.0
00:01:26.338527,750646.0,568888,1727033.0,1308856,381524.0,289144,576008.0,436536,6.062911,29.850475916666653,68.53017599999997,81.783249,100.0
00:01:29.390471,623885.0,238008,1562178.0,595960,340032.0,129720,521383.0,198904,3.051944,29.850475916666653,68.53017599999997,81.783249,100.0
00:01:32.416670,605337.0,228984,1543660.0,583928,342925.0,129720,517866.0,195896,3.026199,29.954940330578534,67.8576161983471,82.19449975206612,100.0
00:01:38.477081,806545.0,611000,1827012.0,1384056,401535.0,304184,588158.0,445560,6.060411,32.18371314049589,66.27838776859502,81.76294198347108,100.0
00:01:41.526525,955830.0,364344,2115848.0,806520,466571.0,177848,640179.0,244024,3.049444,32.18371314049589,66.27838776859502,81.76294198347108,100.0
00:01:44.583591,977062.0,373368,2118444.0,809528,449665.0,171832,654326.0,250040,3.057066,28.09517533333333,65.16823925000001,81.40847408333335,100.0
00:01:50.651291,892827.0,677176,1912068.0,1450232,393121.0,298168,623144.0,472632,6.0677,26.038189669421488,64.74022099173557,81.42216057851245,100.0
00:01:53.708013,953554.0,364344,2087192.0,797496,410353.0,156792,638655.0,244024,3.056722,26.038189669421488,64.74022099173557,81.42216057851245,100.0
00:01:56.772368,896209.0,343288,1917083.0,734328,417184.0,159800,637064.0,244024,3.064355,28.038525416666673,66.72748450000002,81.95669666666667,100.0
00:02:02.790756,644244.0,484664,1571876.0,1182520,364355.0,274104,536287.0,403448,6.018388,28.273498916666657,68.09918925000001,82.3655323333333,100.0
00:02:05.844989,654933.0,250040,1576765.0,601976,363414.0,138744,528871.0,201912,3.054233,28.273498916666657,68.09918925000001,82.3655323333333,100.0
00:02:08.906844,755474.0,289144,1745744.0,668152,378228.0,144760,574710.0,219960,3.061855,29.255404214876023,68.14218586776859,82.33607842975206,100.0
00:02:14.979321,737575.0,559864,1676758.0,1272760,384886.0,292152,590952.0,448568,6.072477,30.692208925619838,69.70109677685952,82.76236388429751,100.0
00:02:18.040832,637656.0,244024,1588737.0,607992,354690.0,135736,527613.0,201912,3.061511,30.692208925619838,69.70109677685952,82.76236388429751,100.0
00:02:21.109976,683114.0,262072,1616148.0,620024,369489.0,141752,549823.0,210936,3.069144,29.800863250000013,68.83477691666664,82.39161891666667,100.0
00:02:27.166520,874605.0,662136,1971215.0,1492344,421658.0,319224,612372.0,463608,6.056544,29.4551873553719,63.977226198347125,81.03342603305786,100.0
00:02:30.235320,1122314.0,430520,2392638.0,917816,518519.0,198904,714556.0,274104,3.0688,29.4551873553719,63.977226198347125,81.03342603305786,100.0
00:02:33.255153,1212231.0,457592,2670494.0,1008056,542864.0,204920,773955.0,292152,3.019833,25.334103333333328,61.36413991666665,80.81517816666668,100.0
00:02:39.309197,1014087.0,767416,2182697.0,1651768,465555.0,352312,668273.0,505720,6.054044,25.424731749999996,60.16605558333335,80.47349375,100.0
00:02:42.375497,1091838.0,418488,2363197.0,905784,511094.0,195896,699443.0,268088,3.0663,25.424731749999996,60.16605558333335,80.47349375,100.0
00:02:45.426208,1239401.0,472632,2698681.0,1029112,529481.0,201912,758233.0,289144,3.050711,31.682230082644626,64.67395165289257,81.73772239669422,100.0
00:02:51.487541,1048598.0,794488,2271384.0,1720952,453085.0,343288,691290.0,523768,6.061333,25.381221487603298,64.41951917355371,80.91732975206607,100.0
00:02:54.537907,845097.0,322232,1807541.0,689208,387541.0,147768,608430.0,231992,3.050366,25.381221487603298,64.41951917355371,80.91732975206607,100.0
00:02:57.595896,858729.0,328248,1834512.0,701240,418052.0,159800,614783.0,235000,3.057989,26.42092208333333,65.05859466666668,81.42473683333333,100.0
00:03:03.631140,889654.0,671160,1906401.0,1438200,419159.0,316216,630483.0,475640,6.035244,24.803520495867765,65.43515661157026,81.53143404958676,100.0
00:03:06.679006,774732.0,295160,1698489.0,647096,372068.0,141752,593138.0,225976,3.047866,24.803520495867765,65.43515661157026,81.53143404958676,100.0
00:03:09.734495,851556.0,325240,1820262.0,695224,386891.0,147768,607410.0,231992,3.055489,25.957651833333344,65.71668783333334,81.38982166666665,100.0
00:03:15.800617,857356.0,650104,1857028.0,1408120,397190.0,301176,611406.0,463608,6.066122,24.949316083333347,64.31079283333331,81.00429174999998,100.0
00:03:18.855772,867402.0,331256,1828338.0,698232,410563.0,156792,623229.0,238008,3.055155,24.949316083333347,64.31079283333331,81.00429174999998,100.0
00:03:21.918549,833815.0,319224,1753075.0,671160,393828.0,150776,605965.0,231992,3.062777,24.800748016528924,64.11393438016532,81.00577148760334,100.0
00:03:27.968726,891435.0,674168,1889764.0,1429176,410169.0,310200,624949.0,472632,6.050177,26.507103553719013,65.31460140495871,81.24767206611574,100.0
00:03:31.031159,826051.0,316216,1761130.0,674168,409588.0,156792,613890.0,235000,3.062433,26.507103553719013,65.31460140495871,81.24767206611574,100.0
00:03:34.044636,847456.0,319224,1829668.0,689208,408256.0,153784,639834.0,241016,3.013477,25.945682666666652,64.509533,80.99593616666665,100.0
00:03:40.115547,900282.0,683192,1918984.0,1456248,420660.0,319224,614887.0,466616,6.070911,25.890727520661148,65.37078347107435,81.6559731404959,100.0
00:03:43.175480,810998.0,310200,1738976.0,665144,378465.0,144760,582935.0,222968,3.059933,25.890727520661148,65.37078347107435,81.6559731404959,100.0
00:03:46.243046,832514.0,319224,1734649.0,665144,385368.0,147768,597174.0,228984,3.067566,25.32939316666665,65.18405225000001,81.42899516666668,100.0
00:03:52.298012,886756.0,671160,1916089.0,1450232,417793.0,316216,644326.0,487672,6.054966,26.578454083333327,64.26847275000002,80.97294533333336,100.0
00:03:55.365234,879680.0,337272,1891754.0,725304,416794.0,159800,620778.0,238008,3.067222,26.578454083333327,64.26847275000002,80.97294533333336,100.0
00:03:58.416856,931491.0,355320,1996053.0,761400,442581.0,168824,663379.0,253048,3.051622,27.375069917355376,64.72550396694214,81.38293338842973,100.0
00:04:04.445744,902566.0,680184,1956309.0,1474296,431575.0,325240,647113.0,487672,6.028888,27.142569916666666,65.31755941666665,81.12072199999999,100.0
00:04:07.510466,1006029.0,385400,2223079.0,851640,448541.0,171832,660544.0,253048,3.064722,26.018509008264456,64.26290099173553,81.85411768595037,100.0
00:04:10.559599,955928.0,364344,2060819.0,785464,427158.0,162808,640244.0,244024,3.049133,25.82683975,64.81801891666669,81.31239699999996,100.0
00:04:16.619354,762950.0,577912,1688221.0,1278776,377752.0,286136,588221.0,445560,6.059755,26.31410091666667,66.78052025000002,81.56003966666664,100.0
00:04:19.668143,869213.0,331256,1918978.0,731320,419314.0,159800,648210.0,247032,3.048789,26.40121157024794,65.79594322314048,81.64385388429749,100.0
00:04:22.724554,827679.0,316216,1772473.0,677176,402521.0,153784,622973.0,238008,3.056411,27.646115666666667,67.08795199999999,82.60705141666672,100.0
00:04:28.791598,960351.0,728312,2031265.0,1540472,448692.0,340280,654943.0,496696,6.067044,30.060648099173555,65.82832438016527,82.77113033057852,100.0
00:04:31.847664,851395.0,325240,1796296.0,686200,402567.0,153784,615169.0,235000,3.056066,29.45746233333333,67.65685166666668,82.880291,100.0
00:04:34.877997,850684.0,322232,1811550.0,686200,405985.0,153784,636275.0,241016,3.030333,30.895377438016517,67.46927206611572,82.74125991735535,100.0
00:04:40.942541,936939.0,710264,1980518.0,1501368,417134.0,316216,631405.0,478648,6.064544,34.34177983333334,69.38563291666664,83.15659350000003,100.0
00:04:43.996118,891492.0,340280,1852924.0,707256,442298.0,168824,639313.0,244024,3.053577,35.90104347107437,69.81270107438016,82.99238561983469,100.0
00:04:47.057318,865689.0,331256,1816866.0,695224,409753.0,156792,614138.0,235000,3.0612,34.61455825,69.47703008333333,82.69825125000001,100.0
00:04:53.129140,896184.0,680184,1879064.0,1426168,424560.0,322232,626685.0,475640,6.071822,35.88571058333333,69.46692024999999,82.62551416666669,100.0
00:04:56.189995,905096.0,346296,1903551.0,728312,409799.0,156792,622069.0,238008,3.060855,34.44894289256198,69.39720016528925,82.63095074380163,100.0
00:04:59.258484,871475.0,334264,1828235.0,701240,432306.0,165816,620521.0,238008,3.068489,34.12682733333333,69.04908333333333,82.18688658333336,100.0
00:05:05.281006,875550.0,659128,1846498.0,1390072,412053.0,310200,615832.0,463608,6.022522,35.22068958677688,69.36516710743798,82.78534785123964,100.0
00:05:08.339372,1000251.0,382392,2156885.0,824568,433737.0,165816,646180.0,247032,3.058366,29.070464833333336,66.73120750000001,83.23518825000002,100.0
00:05:11.405361,895731.0,343288,1876818.0,719288,416961.0,159800,636725.0,244024,3.065989,29.039394132231408,66.70526256198346,82.6869808264463,100.0
00:05:17.458750,871086.0,659128,1880810.0,1423160,409952.0,310200,624618.0,472632,6.053389,27.405949083333343,64.9278675,80.83228066666666,100.0
00:05:20.524394,840885.0,322232,1837781.0,704248,424858.0,162808,644646.0,247032,3.065644,26.74786099173555,64.64191462809917,80.45914371900828,100.0
00:05:23.574449,868852.0,331256,1870843.0,713272,434919.0,165816,647941.0,247032,3.050055,26.74657283333331,63.67390158333333,80.42511399999998,100.0
00:05:29.635126,917684.0,695224,1993694.0,1510392,453134.0,343288,643719.0,487672,6.060677,27.229712,63.15845424999999,80.46207041666666,100.0
00:05:32.684837,853169.0,325240,1871054.0,713272,442859.0,168824,655904.0,250040,3.049711,27.40102958677686,65.17528264462811,80.78826347107437,100.0
00:05:35.708803,820644.0,310200,1807406.0,683192,422756.0,159800,637615.0,241016,3.023966,26.505763249999994,64.01691450000001,80.98873441666666,100.0
00:05:41.766980,949840.0,719288,2014377.0,1525432,449349.0,340280,640012.0,484664,6.058177,27.84367876033059,63.918132644628095,81.66307099173557,100.0
00:05:44.814191,1011810.0,385400,2117398.0,806520,498501.0,189880,672237.0,256056,3.047211,29.668905833333323,64.69276833333335,82.07708425,100.0
00:05:47.869024,1009285.0,385400,2175134.0,830584,473625.0,180856,662682.0,253048,3.054833,35.094531735537196,66.45387685950415,82.07822991735534,100.0
00:05:53.934490,1151035.0,872696,2563422.0,1943544,492450.0,373368,718591.0,544824,6.065466,35.23528841666666,65.68588516666667,81.25692108333334,100.0
00:05:56.988990,1009395.0,385400,2199006.0,839608,465799.0,177848,678511.0,259064,3.0545,29.04434652892562,65.67944041322316,81.86799628099166,100.0
00:06:00.051112,1014742.0,388408,2162098.0,827576,456781.0,174840,653246.0,250040,3.062122,29.712762333333316,65.73289266666667,82.32903166666665,100.0
00:06:06.090489,972720.0,734328,2096353.0,1582584,438794.0,331256,657943.0,496696,6.039377,28.03581216666667,63.95609899999999,81.60258699999996,100.0
00:06:09.142489,1010222.0,385400,2177153.0,830584,450411.0,171832,647528.0,247032,3.052,25.836958347107437,62.56646603305788,81.19452140495868,100.0
00:06:12.202111,984111.0,376376,2100944.0,803512,449289.0,171832,677375.0,259064,3.059622,26.047295416666664,62.7902468333333,80.59059875000007,100.0
00:06:18.272366,1027235.0,779448,2244260.0,1702904,464312.0,352312,670453.0,508728,6.070255,26.149628099173555,62.28609247933881,80.6248267768595,100.0
00:06:21.331643,976356.0,373368,2132645.0,815544,472937.0,180856,661719.0,253048,3.059277,26.820368083333342,63.333518000000005,80.77355616666668,100.0
00:06:24.398554,966079.0,370360,2056719.0,788472,456068.0,174840,660072.0,253048,3.066911,27.39136570247934,63.826133801652915,81.00559305785123,100.0
00:06:30.452865,990194.0,749368,2158752.0,1633720,477459.0,361336,672219.0,508728,6.054311,27.110118333333332,63.294579083333325,80.76270741666669,100.0
00:06:33.519431,997577.0,382392,2174659.0,833592,463966.0,177848,660146.0,253048,3.066566,26.225068512396703,62.459934876033074,80.81023958677685,100.0
00:06:36.537030,941993.0,355320,2026533.0,764408,431622.0,162808,654910.0,247032,3.017599,25.302996333333343,63.92984916666668,81.52461041666668,100.0
00:06:42.588852,871311.0,659128,1845510.0,1396088,386200.0,292152,608874.0,460600,6.051822,25.79316083333334,64.88587391666668,81.2439225,100.0
00:06:45.652918,841318.0,322232,1768045.0,677176,393662.0,150776,613563.0,235000,3.064066,26.284070330578523,64.9429417355372,81.4368327272727,100.0
00:06:48.701395,798258.0,304184,1698148.0,647096,395675.0,150776,600913.0,228984,3.048477,27.42793358333334,64.75035308333335,81.86732416666663,100.0
00:06:54.760495,1009269.0,764408,2164989.0,1639736,449281.0,340280,667716.0,505720,6.0591,30.492965371900837,66.72342421487603,82.52539958677683,100.0
00:06:57.808628,1224660.0,466616,2700963.0,1029112,514140.0,195896,758875.0,289144,3.048133,28.07171658333333,63.4074025833333,82.01609875,100.0
00:07:00.864383,882981.0,337272,1930353.0,737336,434108.0,165816,638857.0,244024,3.055755,26.957892892561976,65.52390099173552,81.24363404958677,100.0
00:07:06.897405,754365.0,568888,1711656.0,1290808,387403.0,292152,590828.0,445560,6.033022,26.315179750000013,64.44016891666669,80.76571241666672,100.0
00:07:09.966260,800798.0,307192,1741762.0,668152,377365.0,144760,589082.0,225976,3.068855,24.99339917355371,64.89591892561981,80.75732520661161,100.0
00:07:13.019526,765480.0,292152,1687604.0,644088,371410.0,141752,607852.0,231992,3.053266,25.638429000000006,65.52548525,81.01680766666666,100.0
00:07:19.083415,833862.0,632056,1825964.0,1384056,397337.0,301176,631473.0,478648,6.063889,26.110073249999992,63.82965141666671,80.57532033333334,100.0
00:07:22.136337,946859.0,361336,2074026.0,791480,466040.0,177848,670979.0,256056,3.052922,27.830130495867774,63.387297438016546,80.45594628099177,100.0
00:07:25.196881,1007402.0,385400,2210388.0,845624,472742.0,180856,661445.0,253048,3.060544,27.35591383333334,63.96456158333334,80.12698150000001,100.0
00:07:31.268046,856644.0,650104,1966467.0,1492344,428570.0,325240,666389.0,505720,6.071166,25.965218016528922,64.36776066115702,80.57371347107434,100.0
00:07:34.328247,826654.0,316216,1786006.0,683192,394159.0,150776,622202.0,238008,3.0602,24.76444716666667,64.3455183333333,80.38366216666665,100.0
00:07:37.362713,794013.0,301176,1745640.0,662136,405432.0,153784,643339.0,244024,3.034466,25.437586198347113,64.17053479338843,80.624882892562,100.0
00:07:43.431390,896648.0,680184,1971239.0,1495352,424780.0,322232,642870.0,487672,6.068677,26.87554983333333,62.269588416666664,80.56322433333331,100.0
00:07:46.489101,1449052.0,553848,3337838.0,1275768,559749.0,213944,882416.0,337272,3.057711,24.72270338842975,62.44764652892561,80.49280107438018,100.0
00:07:49.554434,746766.0,286136,1704511.0,653112,377799.0,144760,574058.0,219960,3.065333,28.097683666666676,65.90358758333336,81.66785533333329,100.0
00:07:55.607167,839374.0,635064,1853184.0,1402104,386142.0,292152,612758.0,463608,6.052733,28.88828091666666,67.79334574999999,81.78828016666665,100.0
00:07:58.672156,990239.0,379384,2167926.0,830584,417097.0,159800,636932.0,244024,3.064989,30.449391570247936,66.44681677685952,81.809554214876,100.0
00:08:01.721556,908496.0,346296,2021181.0,770424,395555.0,150776,616514.0,235000,3.0494,30.713382833333345,66.23364249999999,81.08552658333335,100.0
00:08:07.748211,1030674.0,776440,2260496.0,1702904,439721.0,331256,659332.0,496696,6.026655,29.384404628099176,65.31515752066119,81.05025966942148,100.0
00:08:10.810700,1061766.0,406456,2342565.0,896760,456726.0,174840,661025.0,253048,3.062489,30.346361833333322,65.14419025000002,81.11832708333337,100.0
00:08:13.857600,1043505.0,397432,2315061.0,881720,466961.0,177848,672305.0,256056,3.0469,30.39972272727272,65.69835900826448,80.82801371900828,100.0
00:08:19.915122,1033367.0,782456,2312539.0,1751032,449398.0,340280,663917.0,502712,6.057522,30.376191666666674,65.49116624999998,80.27827408333334,100.0
00:08:22.961677,1130509.0,430520,2552286.0,971960,474912.0,180856,688179.0,262072,3.046555,30.04299570247933,63.679123966942164,80.26050404958676,100.0
00:08:26.015854,1167083.0,445560,2561674.0,977976,505243.0,192888,733736.0,280120,3.054177,29.02080358333334,63.47190316666667,80.26188233333332,100.0
00:08:32.080665,1095610.0,830584,2432761.0,1844280,460761.0,349304,686926.0,520760,6.064811,28.382429166666665,64.35505116666666,80.75097708333335,100.0
00:08:35.134509,1056892.0,403448,2341316.0,893752,450139.0,171832,686536.0,262072,3.053844,28.260710909090903,63.80535735537189,80.49281768595037,100.0
00:08:38.162608,1042037.0,394424,2337381.0,884728,430125.0,162808,660586.0,250040,3.028099,26.221228750000005,62.87481533333333,80.56835616666665,100.0
00:08:44.224919,1024612.0,776440,2298803.0,1742008,417287.0,316216,635607.0,481656,6.062311,27.68918305785121,64.46996280991735,80.99609859504129,100.0
00:08:47.276263,1089303.0,415480,2445757.0,932856,466281.0,177848,671326.0,256056,3.051344,28.067974833333324,62.82790674999998,80.27168241666669,100.0
00:08:50.335229,1007922.0,385400,2329529.0,890744,425785.0,162808,646053.0,247032,3.058966,28.29763892561984,64.75704842975207,80.44108256198346,100.0
00:08:56.404829,999594.0,758392,2236573.0,1696888,428680.0,325240,642773.0,487672,6.0696,28.164743833333343,64.29915049999997,80.0793866666667,100.0
00:08:59.463451,1102446.0,421496,2471408.0,944888,465171.0,177848,693331.0,265080,3.058622,28.419549834710743,62.99892809917357,80.13991066115706,100.0
00:09:02.529706,1146790.0,439544,2543736.0,974968,479709.0,183864,699453.0,268088,3.066255,28.502465666666662,63.66058358333333,79.85912599999999,100.0
00:09:08.549994,1063741.0,800504,2394793.0,1802168,456174.0,343288,684012.0,514744,6.020288,28.320174750000014,63.85680841666665,79.44241058333337,100.0
00:09:11.606127,1229328.0,469624,2733263.0,1044152,536416.0,204920,764762.0,292152,3.056133,27.804034049586786,61.3547080991736,79.49174917355373,100.0
00:09:14.669882,1320523.0,505720,2914969.0,1116344,527227.0,201912,794277.0,304184,3.063755,27.619255000000003,62.77294683333334,80.02054250000002,100.0
00:09:20.721048,994685.0,752376,2159874.0,1633720,426009.0,322232,676545.0,511736,6.051166,28.174807438016526,66.57307694214873,80.57865578512394,100.0
00:09:23.784459,841498.0,322232,1839121.0,704248,362325.0,138744,597984.0,228984,3.063411,27.311640249999993,66.14419466666666,80.77064874999998,100.0
00:09:26.832281,806325.0,307192,1730095.0,659128,379969.0,144760,601042.0,228984,3.047822,26.0771661983471,64.03059404958677,80.33372685950407,100.0
00:09:32.890725,1021294.0,773432,2224803.0,1684856,429470.0,325240,659844.0,499704,6.058444,27.964299250000007,63.603375916666685,80.53905575,100.0
00:09:35.938202,1217027.0,463608,2685752.0,1023096,498458.0,189880,719556.0,274104,3.047477,30.33567115702479,62.629786942148755,80.4814256198347,100.0
00:09:38.959935,1123868.0,424504,2477688.0,935864,494741.0,186872,701795.0,265080,3.021733,28.278637499999995,65.47779233333333,80.8563921666667,100.0
00:09:45.015879,1053505.0,797496,2301220.0,1742008,457462.0,346296,672037.0,508728,6.055944,28.999614416666677,63.137783500000005,80.94316299999997,100.0
00:09:50.853512,820836.0,598968,1872002.0,1366008,355026.0,259064,544648.0,397432,5.837633,21.50183,66.61628666666667,85.71394000000002,100.0
