delta_t_s,1280x720_bitrate,1280x720_size_byte,1920x1080_bitrate,1920x1080_size_byte,426x240_bitrate,426x240_size_byte,854x480_bitrate,854x480_size_byte,seg_len_s,426x240_vmaf_score,854x480_vmaf_score,1280x720_vmaf_score,1920x1080_vmaf_score
00:00:03.066667,361940.0,138744,448257.0,171832,291318.0,111672,322706.0,123704,3.066667,39.52904785123969,76.44567330578509,89.283637107438,100.0
00:00:09.114745,1560180.0,1179512,3772385.0,2851960,485909.0,367352,891745.0,674168,6.048078,21.62505859504133,61.11175834710745,80.70641512396692,100.0
00:00:12.172068,1551558.0,592952,3700324.0,1414136,504723.0,192888,882528.0,337272,3.057323,21.62505859504133,61.11175834710745,80.70641512396692,100.0
00:00:15.234024,1116964.0,427512,2688770.0,1029112,417510.0,159800,653281.0,250040,3.061956,23.99024708333334,61.979285916666704,80.9849143333333,100.0
00:00:21.300602,1591123.0,1206584,3808481.0,2888056,496327.0,376376,924725.0,701240,6.066578,20.320001157024784,61.902025950413204,81.49689305785124,100.0
00:00:24.353213,1522421.0,580920,3627205.0,1384056,489736.0,186872,883891.0,337272,3.052611,20.320001157024784,61.902025950413204,81.49689305785124,100.0
00:00:27.410447,2165554.0,827576,5156598.0,1970616,559836.0,213944,1228885.0,469624,3.057234,21.120283833333335,63.332509999999985,82.76783516666664,100.0
00:00:31.572303,1874102.0,974968,4476018.0,2328568,521105.0,271096,1070399.0,556856,4.161856,21.14824691666666,62.808763249999984,81.09196591666664,100.0
00:00:37.624226,1602928.0,1212600,3853489.0,2915128,525362.0,397432,934917.0,707256,6.051923,22.849324500000005,63.35241033333332,82.08963108333334,100.0
00:00:40.685404,1628215.0,623032,3978661.0,1522424,543393.0,207928,952166.0,364344,3.061178,22.849324500000005,63.35241033333332,82.08963108333334,100.0
00:00:43.751204,1743497.0,668152,4365122.0,1672824,534725.0,204920,974278.0,373368,3.0658,23.06022809917356,62.24668099173554,81.21267760330578,100.0
00:00:49.798415,1687743.0,1275768,4322077.0,3267064,513834.0,388408,911769.0,689208,6.047211,24.882454583333335,63.76485158333336,82.0285759166667,100.0
00:00:52.854882,1709456.0,653112,4276100.0,1633720,512738.0,195896,961507.0,367352,3.056467,24.882454583333335,63.76485158333336,82.0285759166667,100.0
00:00:55.915971,1628262.0,623032,3994499.0,1528440,511964.0,195896,944333.0,361336,3.061089,24.078074214876036,62.64830735537191,80.34873958677686,100.0
00:01:01.981682,1508038.0,1143416,3836796.0,2909112,480529.0,364344,833611.0,632056,6.065711,25.080294666666678,64.25473258333332,82.33642158333335,100.0
00:01:05.033427,1649018.0,629048,4172322.0,1591608,489875.0,186872,907797.0,346296,3.051745,25.080294666666678,64.25473258333332,82.33642158333335,100.0
00:01:08.089794,1615031.0,617016,4087278.0,1561528,481261.0,183864,898551.0,343288,3.056367,23.933116198347093,62.716265041322316,80.2415216528926,100.0
00:01:14.150794,1632290.0,1236664,3978738.0,3014392,508694.0,385400,913665.0,692216,6.061,24.176718333333334,64.53514508333333,82.72211066666667,100.0
00:01:17.197828,1683158.0,641080,4155080.0,1582584,506428.0,192888,948689.0,361336,3.047034,24.176718333333334,64.53514508333333,82.72211066666667,100.0
00:01:20.249484,1538668.0,586936,3786051.0,1444216,513546.0,195896,884167.0,337272,3.051656,24.96514223140497,65.53902611570244,83.21666578512398,100.0
00:01:26.305762,1558068.0,1179512,3727543.0,2821880,505118.0,382392,902457.0,683192,6.056278,23.93930900826446,62.10155214876033,80.88724338842975,100.0
00:01:29.371296,1712249.0,656120,5064138.0,1940536,495522.0,189880,888014.0,340280,3.065534,23.93930900826446,62.10155214876033,80.88724338842975,100.0
00:01:32.418230,1825373.0,695224,4526412.0,1723960,530138.0,201912,1027698.0,391416,3.046934,28.594615499999996,67.15939016666671,84.88244499999999,100.0
00:01:38.469797,1189467.0,899768,2962982.0,2241336,437911.0,331256,704335.0,532792,6.051567,36.13841958677688,65.22970454545454,78.86564363636359,100.0
00:01:41.530607,1290345.0,493688,3161494.0,1209592,456976.0,174840,755731.0,289144,3.060811,36.13841958677688,65.22970454545454,78.86564363636359,100.0
00:01:44.596053,1225594.0,469624,3023263.0,1158456,471986.0,180856,715338.0,274104,3.065445,31.07618191666666,62.32742658333333,79.24975825000001,100.0
00:01:50.642898,1194376.0,902776,2901622.0,2193208,486008.0,367352,720804.0,544824,6.046845,32.21635776859503,64.30829752066116,80.02599917355374,100.0
00:01:53.698998,1174223.0,448568,2756915.0,1053176,489177.0,186872,717526.0,274104,3.0561,32.21635776859503,64.30829752066116,80.02599917355374,100.0
00:01:56.759721,1054516.0,403448,2524747.0,965944,433403.0,165816,661407.0,253048,3.060723,32.42630758333334,64.69625983333331,79.31992508333336,100.0
00:02:02.825077,1583508.0,1200568,3983816.0,3020408,508329.0,385400,901107.0,683192,6.065356,22.828452975206602,62.350883140495846,80.98112074380165,100.0
00:02:05.876455,1444173.0,550840,4117620.0,1570552,466275.0,177848,821158.0,313208,3.051378,22.828452975206602,62.350883140495846,80.98112074380165,100.0
00:02:08.932466,1693962.0,647096,4709825.0,1799160,481317.0,183864,914405.0,349304,3.056011,27.291173249999993,66.03020250000003,84.5925944166667,100.0
00:02:14.993100,1580771.0,1197560,3967067.0,3005368,540489.0,409464,937544.0,710264,6.060634,34.90495200000001,64.51510950000002,79.3950914166666,100.0
00:02:18.039767,1098874.0,418488,2686466.0,1023096,451199.0,171832,656560.0,250040,3.046667,34.90495200000001,64.51510950000002,79.3950914166666,100.0
00:02:21.091056,1270712.0,484664,3155587.0,1203576,458402.0,174840,726544.0,277112,3.051289,32.94183666666666,63.565494833333325,78.81537341666666,100.0
00:02:27.146979,1125034.0,851640,2774090.0,2099960,433622.0,328248,664092.0,502712,6.055923,32.33082074999998,63.32938266666667,78.39248666666671,100.0
00:02:30.212146,1264959.0,484664,3102045.0,1188536,456327.0,174840,731105.0,280120,3.065167,32.33082074999998,63.32938266666667,78.39248666666671,100.0
00:02:33.258724,1351664.0,514744,3326339.0,1266744,482807.0,183864,798755.0,304184,3.046578,30.693940750000007,63.588910666666656,79.15042266666664,100.0
00:02:39.309924,1551422.0,1173496,4080624.0,3086584,513495.0,388408,911168.0,689208,6.0512,26.009074000000002,61.756429499999996,80.04392866666669,100.0
00:02:42.370380,1086060.0,415480,3185449.0,1218616,417715.0,159800,630013.0,241016,3.060456,26.009074000000002,61.756429499999996,80.04392866666669,100.0
00:02:45.435458,1885227.0,722296,5025636.0,1925496,542702.0,207928,1060869.0,406456,3.065078,29.060480416666657,64.43052016666668,80.601287,100.0
00:02:51.481947,1484974.0,1122360,3630102.0,2743672,517875.0,391416,868100.0,656120,6.046489,31.472947833333333,63.060553833333344,78.35343108333333,100.0
00:02:54.537681,1410614.0,538808,3379372.0,1290808,528611.0,201912,843612.0,322232,3.055734,31.472947833333333,63.060553833333344,78.35343108333333,100.0
00:02:57.598048,1408479.0,538808,3452887.0,1320888,527811.0,201912,842335.0,322232,3.060367,31.20745884297521,62.85740677685951,77.85248958677683,100.0
00:03:03.663037,1329672.0,1008056,3305582.0,2506040,484554.0,367352,778163.0,589944,6.064989,31.900502999999997,64.49928375,79.13829091666668,100.0
00:03:06.714060,1357582.0,517752,3400365.0,1296824,450555.0,171832,789704.0,301176,3.051023,31.900502999999997,64.49928375,79.13829091666668,100.0
00:03:09.769705,1363404.0,520760,3363720.0,1284792,481375.0,183864,780635.0,298168,3.055645,32.449997933884305,63.39566322314049,78.71335950413226,100.0
00:03:15.829972,1410124.0,1068216,3534492.0,2677496,480960.0,364344,806565.0,611000,6.060267,30.304040166666663,62.035797500000015,77.80424991666665,100.0
00:03:18.876272,1430782.0,544824,3547826.0,1350968,514449.0,195896,838325.0,319224,3.0463,30.304040166666663,62.035797500000015,77.80424991666665,100.0
00:03:21.927206,1397059.0,532792,3455676.0,1317880,505780.0,192888,813390.0,310200,3.050934,31.556057685950414,62.33329049586775,77.92423950413227,100.0
00:03:27.982762,1462881.0,1107320,3612745.0,2734648,517099.0,391416,854879.0,647096,6.055556,28.998720000000006,61.06646570247938,76.91427892561981,100.0
00:03:31.047573,1429992.0,547832,3510694.0,1344952,519194.0,198904,833262.0,319224,3.064811,28.998720000000006,61.06646570247938,76.91427892561981,100.0
00:03:34.093784,1446623.0,550840,3666424.0,1396088,553962.0,210936,854149.0,325240,3.046211,35.88481725000001,64.6813645833333,78.89332766666665,100.0
00:03:40.144629,1316872.0,996024,3285470.0,2484984,501594.0,379384,783959.0,592952,6.050845,31.239237603305774,64.63413925619837,81.88274851239667,100.0
00:03:43.204718,1487245.0,568888,3610477.0,1381048,543586.0,207928,889595.0,340280,3.060089,31.239237603305774,64.63413925619837,81.88274851239667,100.0
00:03:46.269429,1367223.0,523768,3408733.0,1305848,511359.0,195896,809733.0,310200,3.064711,29.939094666666666,63.151657083333326,80.19592199999998,100.0
00:03:52.315552,1206459.0,911800,2953710.0,2232312,462185.0,349304,704970.0,532792,6.046123,31.349981239669436,63.66844421487602,79.32771826446277,100.0
00:03:55.370930,1300516.0,496696,3253751.0,1242680,481417.0,183864,764951.0,292152,3.055378,31.349981239669436,63.66844421487602,79.32771826446277,100.0
00:03:58.430930,1455832.0,556856,3642039.0,1393080,512146.0,195896,850300.0,325240,3.06,30.773671166666666,61.70320058333333,77.58659608333336,100.0
00:04:04.495553,1432918.0,1086264,3654959.0,2770744,484583.0,367352,817889.0,620024,6.064623,29.837391322314055,63.909835950413225,79.98224148760329,100.0
00:04:07.546209,1255200.0,478648,3179906.0,1212600,403281.0,153784,695142.0,265080,3.050656,29.837391322314055,63.909835950413225,79.98224148760329,100.0
00:04:10.601498,1284801.0,490680,3222341.0,1230648,418421.0,159800,733469.0,280120,3.055289,30.722172750000006,65.08430758333333,80.83033991666665,100.0
00:04:16.661409,1283134.0,971960,3125685.0,2367672,465105.0,352312,743076.0,562872,6.059911,33.05042300000001,64.49540800000001,79.56920441666671,100.0
00:04:19.707354,1217639.0,463608,3018917.0,1149432,451306.0,171832,704117.0,268088,3.045945,33.05042300000001,64.49540800000001,79.56920441666671,100.0
00:04:22.757921,1160576.0,442552,2935459.0,1119352,426958.0,162808,671497.0,256056,3.050567,34.06151316666667,64.94416916666668,79.19674216666665,100.0
00:04:28.813110,1419254.0,1074232,3469896.0,2626360,505209.0,382392,831086.0,629048,6.055189,30.44069666666667,63.01126191666666,78.84289224999993,100.0
00:04:31.877555,1438015.0,550840,3487556.0,1335928,503550.0,192888,841214.0,322232,3.064445,30.44069666666667,63.01126191666666,78.84289224999993,100.0
00:04:34.923411,1446791.0,550840,3635249.0,1384056,514524.0,195896,822646.0,313208,3.045856,29.31212933333334,62.668930749999994,78.77384199999996,100.0
00:04:40.973889,1722627.0,1302840,4502694.0,3405432,525488.0,397432,978889.0,740344,6.050478,23.281128749999993,62.843208666666655,81.5594724166667,100.0
00:04:44.033623,1518877.0,580920,4389505.0,1678840,535785.0,204920,866104.0,331256,3.059734,23.281128749999993,62.843208666666655,81.5594724166667,100.0
00:04:47.097979,1634379.0,626040,4587059.0,1757048,519271.0,198904,896209.0,343288,3.064356,24.72297166666667,62.72193533333334,81.06197308333336,100.0
00:04:53.143735,1656307.0,1251704,4124101.0,3116664,533859.0,403448,947811.0,716280,6.045756,28.266832083333323,62.06458308333334,77.95056824999998,100.0
00:04:56.198746,1521225.0,580920,3789770.0,1447224,512982.0,195896,883196.0,337272,3.055011,28.266832083333323,62.06458308333334,77.95056824999998,100.0
00:04:59.258380,1495331.0,571896,3791909.0,1450232,472882.0,180856,850402.0,325240,3.059634,26.40416115702479,60.76194090909091,77.6897311570248,100.0
00:05:05.322647,1552047.0,1176504,4024213.0,3050488,460802.0,349304,869523.0,659128,6.064267,27.68276433333334,63.01425733333335,79.45796725,100.0
00:05:08.372947,1578798.0,601976,3953405.0,1507384,442773.0,168824,868782.0,331256,3.0503,27.68276433333334,63.01425733333335,79.45796725,100.0
00:05:11.427870,1434620.0,547832,3648091.0,1393080,465734.0,177848,812328.0,310200,3.054923,29.377473305785138,63.91384752066114,80.2318385123967,100.0
00:05:17.487415,1493688.0,1131384,3828786.0,2900088,461162.0,349304,838431.0,635064,6.059545,27.76654466666667,63.074715750000024,80.13787174999997,100.0
00:05:20.532993,1391614.0,529784,3509161.0,1335928,451361.0,171832,791116.0,301176,3.045578,27.76654466666667,63.074715750000024,80.13787174999997,100.0
00:05:23.583193,1342170.0,511736,3401282.0,1296824,434898.0,165816,758360.0,289144,3.0502,28.911884876033067,62.808601983471085,79.54027545454545,100.0
00:05:29.638027,1371645.0,1038136,3446254.0,2608312,437674.0,331256,767545.0,580920,6.054834,27.782077083333316,62.02998033333335,78.83468416666665,100.0
00:05:32.702105,1359652.0,520760,3448705.0,1320888,440782.0,168824,762779.0,292152,3.064078,27.782077083333316,62.02998033333335,78.83468416666665,100.0
00:05:35.747594,1328443.0,505720,3406543.0,1296824,427669.0,162808,751632.0,286136,3.045489,26.859162396694217,62.77688479338844,79.71918123966937,100.0
00:05:41.797705,1364761.0,1032120,3349508.0,2533112,434038.0,328248,768144.0,580920,6.050111,27.28843280991735,62.01133801652894,79.29508322314051,100.0
00:05:44.857072,1385342.0,529784,3430419.0,1311864,457192.0,174840,787551.0,301176,3.059367,27.28843280991735,62.01133801652894,79.29508322314051,100.0
00:05:47.921061,1414668.0,541816,3558759.0,1363000,448649.0,171832,794216.0,304184,3.063989,28.2885315,62.905111666666706,79.38725183333335,100.0
00:05:53.966461,1437475.0,1086264,3598912.0,2719608,458260.0,346296,820490.0,620024,6.0454,27.937269752066115,63.47865578512396,79.81249958677684,100.0
00:05:57.021106,1379606.0,526776,3490867.0,1332920,434265.0,165816,788768.0,301176,3.054645,27.937269752066115,63.47865578512396,79.81249958677684,100.0
00:06:00.080384,1416846.0,541816,3564239.0,1363000,449340.0,171832,795439.0,304184,3.059278,28.12237333333334,62.88028266666666,79.50413541666671,100.0
00:06:06.144284,1456900.0,1104312,3710953.0,2812856,456862.0,346296,817987.0,620024,6.0639,29.988099000000002,63.30799500000003,79.90422099999998,100.0
00:06:09.194218,1863027.0,710264,4600860.0,1754040,482276.0,183864,1018797.0,388408,3.049934,24.638434462809904,63.91914041322314,81.78832652892562,100.0
00:06:12.248774,1308744.0,499704,3380675.0,1290808,410644.0,156792,725767.0,277112,3.054556,27.127891833333344,64.13218133333332,81.20250216666669,100.0
00:06:18.307963,1247543.0,944888,3161801.0,2394744,409559.0,310200,703449.0,532792,6.059189,31.954104250000004,65.14799175000002,81.4331738333333,100.0
00:06:21.353174,1154715.0,439544,2735164.0,1041144,443513.0,168824,696385.0,265080,3.045211,29.573945950413233,65.52378099173552,81.91918859504133,100.0
00:06:24.403019,1105619.0,421496,2786239.0,1062200,379717.0,144760,624315.0,238008,3.049845,26.167720250000006,63.535455583333345,81.74113541666672,100.0
00:06:30.457486,1216720.0,920824,3045029.0,2304504,417828.0,316216,692074.0,523768,6.054467,30.157052892561985,63.366190247933915,79.37889528925622,100.0
00:06:33.521209,1430500.0,547832,3488378.0,1335928,464397.0,177848,833558.0,319224,3.063723,30.545534250000003,66.88049083333334,82.68543158333334,100.0
00:06:36.566332,1937093.0,737336,4963740.0,1889400,522550.0,198904,1107333.0,421496,3.045123,23.738686416666674,63.50531391666666,82.73595158333329,100.0
00:06:42.616088,1448373.0,1095288,3906580.0,2954232,422131.0,319224,803988.0,607992,6.049756,24.446146776859507,65.38647809917359,84.55129776859503,100.0
00:06:45.675088,1306842.0,499704,3375764.0,1290808,394314.0,150776,732579.0,280120,3.059,22.077999416666668,63.13031541666666,81.99857733333333,100.0
00:06:50.938722,1321806.0,869688,3548246.0,2334584,384598.0,253048,736622.0,484664,5.263634,26.4983,64.20934,80.40928500000001,100.0
