delta_t_s,136x240_bitrate,136x240_size_byte,270x480_bitrate,270x480_size_byte,406x720_bitrate,406x720_size_byte,608x1080_bitrate,608x1080_size_byte,seg_len_s,136x240_vmaf_score,270x480_vmaf_score,406x720_vmaf_score,608x1080_vmaf_score
00:00:03.833333,245609.0,117688,270720.0,129720,333495.0,159800,452769.0,216952,3.833333,36.72955855670102,73.58887721649485,88.14799876288663,100.0
00:00:07.655033,321917.0,153784,473037.0,225976,844541.0,403448,1933866.0,923832,3.8217,37.20575916666667,66.44152093749999,83.83005083333333,100.0
00:00:11.488322,320944.0,153784,440219.0,210936,747823.0,358328,1827577.0,875704,3.833289,39.49442510416667,68.58205343750004,84.59777604166663,100.0
00:00:15.309977,410075.0,195896,517120.0,247032,857144.0,409464,2204649.0,1053176,3.821655,43.52534572916668,65.56144354166665,81.41981624999998,100.0
00:00:22.893221,390714.0,370360,530339.0,502712,793724.0,752376,1901210.0,1802168,7.583244,38.42303239583334,66.13913958333335,80.2380571875,100.0
00:00:26.726421,402562.0,192888,546951.0,262072,842007.0,403448,1877842.0,899768,3.8332,31.325944479166655,65.40947468750001,81.09152510416665,100.0
00:00:30.547987,372303.0,177848,491944.0,235000,769008.0,367352,1732433.0,827576,3.821566,30.321981770833343,64.05469416666664,79.61620625000002,100.0
00:00:32.464475,403371.0,96632,541490.0,129720,817729.0,195896,1797120.0,430520,1.916488,30.321981770833343,64.05469416666664,79.61620625000002,100.0
00:00:36.297241,352380.0,168824,515621.0,247032,816989.0,391416,1771320.0,848632,3.832766,30.30783760416668,63.85661645833335,79.95927260416666,100.0
00:00:40.118374,410131.0,195896,536083.0,256056,838369.0,400440,1890069.0,902776,3.821133,32.426670416666646,63.281611666666684,78.20127208333334,100.0
00:00:43.951096,390055.0,186872,534462.0,256056,773048.0,370360,1746226.0,836600,3.832722,32.1281168041237,64.7164949484536,77.72063041237114,100.0
00:00:51.522185,327773.0,310200,426303.0,403448,693289.0,656120,1599135.0,1513400,7.571089,33.51326906250001,65.75125531250002,80.93044270833336,100.0
00:00:55.343229,328270.0,156792,454225.0,216952,699838.0,334264,1600417.0,764408,3.821044,33.64470718749998,66.75424854166668,79.96297093749997,100.0
00:00:59.175862,314720.0,150776,440294.0,210936,653770.0,313208,1451167.0,695224,3.832633,30.018957604166687,66.54464083333333,80.96396927083327,100.0
00:01:02.996862,328274.0,156792,460528.0,219960,687250.0,328248,1531159.0,731320,3.821,33.061950937499994,68.51265229166667,80.57836770833329,100.0
00:01:06.829440,339840.0,162808,484252.0,231992,710289.0,340280,1532812.0,734328,3.832578,34.99471614583334,64.9483760416667,77.40425364583335,100.0
00:01:10.650395,353469.0,168824,479427.0,228984,706152.0,337272,1587858.0,758392,3.820955,34.08205135416666,64.11226989583331,79.97519562500001,100.0
00:01:14.482928,295892.0,141752,390075.0,186872,641230.0,307192,1413531.0,677176,3.832533,32.740135208333335,67.1229584375,82.93038083333333,100.0
00:01:18.303828,284196.0,135736,391262.0,186872,649480.0,310200,1367451.0,653112,3.8209,36.861634375,68.41324843749997,82.03630666666665,100.0
00:01:22.136317,333569.0,159800,446590.0,213944,704027.0,337272,1514011.0,725304,3.832489,39.423757916666666,67.36793999999999,79.88692687500001,100.0
00:01:25.957172,378671.0,180856,510930.0,244024,775449.0,370360,1707563.0,815544,3.820855,30.976015876288663,63.114595979381455,80.71124474226804,100.0
00:01:29.789616,333573.0,159800,446595.0,213944,735430.0,352312,1620772.0,776440,3.832444,32.25640614583333,61.811854583333364,78.0236611458333,100.0
00:01:33.610427,328290.0,156792,435358.0,207928,680986.0,325240,1537533.0,734328,3.820811,32.25640614583333,61.811854583333364,78.0236611458333,100.0
00:01:37.442827,333576.0,159800,477996.0,228984,691485.0,331256,1501488.0,719288,3.8324,32.670645208333326,66.44159999999998,80.50548864583338,100.0
00:01:41.263593,334592.0,159800,454258.0,216952,699888.0,334264,1556446.0,743352,3.820766,34.268852187499995,66.85501156249997,81.50786916666668,100.0
00:01:45.095948,352418.0,168824,484280.0,231992,741726.0,355320,1608251.0,770424,3.832355,32.72374447916666,64.62433520833333,79.69151593750003,100.0
00:01:52.666670,343681.0,325240,470824.0,445560,737823.0,698232,1726355.0,1633720,7.570722,42.46086020833334,65.06165499999999,77.84563385416668,100.0
00:01:56.487348,391285.0,186872,504655.0,241016,813275.0,388408,2091842.0,999032,3.820678,41.94476927083333,64.3978809375,80.19641833333334,100.0
00:02:00.319614,321029.0,153784,421498.0,201912,710347.0,340280,1627127.0,779448,3.832266,39.014370416666665,68.05832625000001,82.76972635416665,100.0
00:02:04.140247,277918.0,132728,397588.0,189880,655824.0,313208,1417934.0,677176,3.820633,35.48157687499998,68.72737687500002,81.44444052083331,100.0
00:02:07.972469,308474.0,147768,465459.0,222968,766869.0,367352,1771571.0,848632,3.832222,39.79007104166666,69.7629890625,82.7342810416667,100.0
00:02:11.793058,271623.0,129720,410190.0,195896,687324.0,328248,1462040.0,698232,3.820589,38.705349484536086,69.386373814433,83.17455628865982,100.0
00:02:15.625236,270801.0,129720,408949.0,195896,697804.0,334264,1413662.0,677176,3.832178,49.20707489583335,73.63211843749998,83.5243390625,100.0
00:02:19.445780,277924.0,132728,447986.0,213944,718825.0,343288,1449460.0,692216,3.820544,52.026593125000005,75.37061489583333,85.44434343750004,100.0
00:02:23.277913,308481.0,147768,465470.0,222968,798285.0,382392,1696258.0,812536,3.832133,45.738880104166675,69.76046958333335,83.84717406250002,100.0
00:02:27.098413,347213.0,165816,498380.0,238008,825910.0,394424,1921876.0,917816,3.8205,47.37224062500002,72.78649572916669,86.84340885416663,100.0
00:02:30.930502,339883.0,162808,471755.0,225976,854811.0,409464,1903504.0,911800,3.832089,47.37224062500002,72.78649572916669,86.84340885416663,100.0
00:02:34.750957,322022.0,153784,473191.0,225976,832219.0,397432,1940795.0,926840,3.820455,48.6320284375,72.67096406249998,86.0794765625,100.0
00:02:38.582990,283371.0,135736,427804.0,204920,748068.0,358328,1771659.0,848632,3.832033,42.450201458333346,70.73941072916665,84.03324593750001,100.0
00:02:42.403401,303129.0,144760,435404.0,207928,750344.0,358328,1802243.0,860664,3.820411,47.53976072916665,71.52065937500001,84.27753645833333,100.0
00:02:46.235390,314773.0,150776,478047.0,228984,854833.0,409464,1865875.0,893752,3.831989,52.38841927083334,76.34462416666665,89.12699937499998,100.0
00:02:53.805745,280124.0,265080,419987.0,397432,741037.0,701240,1688294.0,1597624,7.570355,33.05860608247423,68.13176597938146,84.01331855670101,100.0
00:02:57.626056,290539.0,138744,403921.0,192888,712570.0,340280,1594425.0,761400,3.820311,39.82652114583333,70.691404375,85.8987116666667,100.0
00:03:01.457956,308500.0,147768,465498.0,222968,861133.0,412472,2079436.0,996024,3.8319,45.7935940625,70.88462958333334,85.6729003125,100.0
00:03:05.278222,309440.0,147768,466916.0,222968,794466.0,379384,1896797.0,905784,3.820266,44.935148229166664,72.41878677083331,85.09883604166666,100.0
00:03:09.110077,346184.0,165816,522023.0,250040,867423.0,415480,2022940.0,968952,3.831855,40.96767802083334,71.21293333333328,87.41276697916668,100.0
00:03:12.930299,334640.0,159800,454323.0,216952,838569.0,400440,1985007.0,947896,3.820222,44.384574791666665,68.23088749999998,83.28459489583332,100.0
00:03:16.762110,371308.0,177848,528309.0,253048,861153.0,412472,2110884.0,1011064,3.831811,32.02664583333334,66.13493052083335,81.05957552083336,100.0
00:03:20.582288,347242.0,165816,473226.0,225976,718894.0,343288,1632275.0,779448,3.820178,30.255397395833327,64.33872666666666,81.22634416666665,100.0
00:03:24.414054,333632.0,159800,440394.0,210936,716720.0,343288,1589658.0,761400,3.831766,33.8237321875,64.56432354166667,80.43869760416663,100.0
00:03:28.234187,359845.0,171832,454333.0,216952,731501.0,349304,1701586.0,812536,3.820133,33.169664270833344,62.70849635416665,79.42458031250001,100.0
00:03:32.065908,346196.0,165816,434119.0,207928,697887.0,334264,1608517.0,770424,3.831722,33.169664270833344,62.70849635416665,79.42458031250001,100.0
00:03:35.885998,391345.0,186872,523631.0,250040,882693.0,421496,2136260.0,1020088,3.820089,38.56499343749999,66.20425208333334,82.70443322916664,100.0
00:03:39.717676,289677.0,138744,402722.0,192888,741857.0,355320,1721580.0,824568,3.831678,34.72463587628866,67.9109130927835,85.6855225773196,100.0
00:03:43.537720,290560.0,138744,429146.0,204920,744117.0,355320,1550440.0,740344,3.820044,37.28909510416667,72.6916677083333,86.50410062499998,100.0
00:03:47.369353,289681.0,138744,421568.0,201912,716745.0,343288,1558312.0,746360,3.831633,38.37310145833332,69.84155916666666,85.42166802083331,100.0
00:03:54.939353,276958.0,262072,394576.0,373368,667958.0,632056,1373666.0,1299832,7.57,33.865414791666666,72.32152010416668,86.47186916666665,100.0
00:03:58.759308,303165.0,144760,416557.0,198904,718936.0,343288,1600873.0,764408,3.819955,32.03490447916666,64.46191125,84.12079645833336,100.0
00:04:02.590852,321090.0,153784,402736.0,192888,735603.0,352312,1709080.0,818552,3.831544,34.376818854166665,66.25378395833339,85.47122572916665,100.0
00:04:06.410763,322068.0,153784,397663.0,189880,718944.0,343288,1739483.0,830584,3.819911,35.857245937500004,68.03354895833336,86.05491520833334,100.0
00:04:10.242263,321094.0,153784,440424.0,210936,754453.0,361336,1884955.0,902776,3.8315,37.99221583333334,65.14427645833334,81.40860729166667,100.0
00:04:14.062129,328371.0,156792,416567.0,198904,712653.0,340280,1789901.0,854648,3.819866,35.58444114583334,64.35603895833334,81.65818281250002,100.0
00:04:17.893573,302256.0,144760,390186.0,186872,691657.0,331256,1677721.0,803512,3.831444,35.919422083333316,63.484432708333344,83.14241250000002,100.0
00:04:21.713384,340976.0,162808,416573.0,198904,769361.0,367352,1947422.0,929848,3.819811,35.9631112371134,65.36859845360824,84.1539293814433,100.0
00:04:25.544784,314821.0,150776,415313.0,198904,785876.0,376376,1891285.0,905784,3.8314,36.39999541666669,66.02353562499998,84.5380805208333,100.0
00:04:29.364550,322080.0,153784,441777.0,210936,813469.0,388408,1997843.0,953912,3.819766,37.909775833333335,69.66867260416667,84.98983374999997,100.0
00:04:33.195905,321106.0,153784,478126.0,228984,804728.0,385400,2016924.0,965944,3.831355,37.909775833333335,69.66867260416667,84.98983374999997,100.0
00:04:37.015626,284284.0,135736,410283.0,195896,731579.0,349304,1563171.0,746360,3.819722,31.951282812499997,67.7518184375,84.83630375,100.0
00:04:40.846938,314829.0,150776,478131.0,228984,886389.0,424504,1903891.0,911800,3.831311,36.526533125,70.75382114583333,87.77859010416667,100.0
00:04:44.666616,315787.0,150776,485888.0,231992,870188.0,415480,1991589.0,950904,3.819678,33.46018124999999,70.31838385416663,86.48524729166668,100.0
00:04:48.497882,302270.0,144760,509542.0,244024,917804.0,439544,1922756.0,920824,3.831266,33.546381458333336,70.9554703125,88.4151630208333,100.0
00:04:56.067515,302404.0,286136,432743.0,409464,760182.0,719288,1729783.0,1636728,7.569633,32.068852395833325,63.53749031249999,82.76936250000001,100.0
00:04:59.887104,309495.0,147768,403997.0,192888,712704.0,340280,1670328.0,797496,3.819589,39.14760875,65.60125687499998,82.72752843750004,100.0
00:05:03.718282,321121.0,153784,415337.0,198904,723111.0,346296,1853708.0,887736,3.831178,36.398731770833336,64.41532802083333,83.56462229166667,100.0
00:05:07.537826,322099.0,153784,410302.0,195896,782015.0,373368,1834154.0,875704,3.819544,34.53283546391753,65.28794752577316,83.92995958762884,100.0
00:05:11.368959,321124.0,153784,421623.0,201912,792212.0,379384,1973072.0,944888,3.831133,37.09387489583333,64.74636260416668,83.46191843749999,100.0
00:05:15.188459,303201.0,144760,404006.0,192888,763123.0,364344,1853076.0,884728,3.8195,33.969445937500005,61.77495166666663,79.58062593749999,100.0
00:05:19.019548,358815.0,171832,465597.0,222968,767096.0,367352,1910282.0,914808,3.831089,32.39165083333333,65.112861875,80.34523333333335,100.0
00:05:22.839003,359908.0,171832,504817.0,241016,763132.0,364344,1878299.0,896760,3.819455,33.539984062500004,64.29572604166667,80.85018760416666,100.0
00:05:26.670047,352538.0,168824,440477.0,210936,710573.0,340280,1734428.0,830584,3.831044,35.57505125000001,65.00348520833334,80.18842177083333,100.0
00:05:30.489458,385114.0,183864,492222.0,235000,737939.0,352312,1802715.0,860664,3.819411,37.404887499999994,66.40249729166666,83.47596708333336,100.0
00:05:34.320458,365105.0,174840,453045.0,216952,741989.0,355320,1809825.0,866680,3.831,37.404887499999994,66.40249729166666,83.47596708333336,100.0
00:05:38.139824,366217.0,174840,479627.0,228984,756850.0,361336,1853141.0,884728,3.819366,34.56542729166668,65.87283822916665,81.43609593750001,100.0
00:05:41.970779,314858.0,150776,484457.0,231992,792249.0,379384,1740750.0,833592,3.830955,32.336396145833355,69.16846812499999,84.64997125000002,100.0
00:05:45.790101,322117.0,153784,460730.0,219960,794662.0,379384,1840561.0,878712,3.819322,31.536726562500007,65.43081041666667,81.60989666666664,100.0
00:05:49.621001,339989.0,162808,478183.0,228984,773416.0,370360,1822435.0,872696,3.8309,30.111639381443304,66.03486453608247,82.32266690721652,100.0
00:05:57.190279,324672.0,307192,451839.0,427512,757039.0,716280,1761655.0,1666808,7.569278,30.94652927083334,63.94927645833332,82.49722822916668,100.0
00:06:01.009501,366231.0,174840,467043.0,222968,763179.0,364344,1884714.0,899768,3.819222,33.72192635416666,62.93399312500001,80.01222270833331,100.0
00:06:04.840312,358842.0,171832,484476.0,231992,779715.0,373368,1897858.0,908792,3.830811,32.253373645833335,63.70869833333331,80.57646166666665,100.0
00:06:08.659490,309528.0,147768,441845.0,210936,731684.0,349304,1683109.0,803512,3.819178,27.886561145833323,64.46951447916665,82.15606885416669,100.0
00:06:12.490256,327437.0,156792,478199.0,228984,773443.0,370360,1809935.0,866680,3.830766,28.887531041666676,61.085693020833354,78.51112187500003,100.0
00:06:16.309389,341036.0,162808,441851.0,210936,706489.0,337272,1651625.0,788472,3.819133,34.77264697916666,64.44833500000004,80.63260781249998,100.0
00:06:20.140111,371414.0,177848,478205.0,228984,748324.0,358328,1803674.0,863672,3.830722,33.440004062499995,62.87857156250001,79.9162811458333,100.0
00:06:23.959200,353642.0,168824,454458.0,216952,725400.0,346296,1746158.0,833592,3.819089,34.35759749999999,64.11350874999998,80.85700291666667,100.0
00:06:27.789878,352572.0,168824,446801.0,213944,716923.0,343288,1747158.0,836600,3.830678,35.407327083333335,63.16095229166667,80.92672239583331,100.0
00:06:31.608922,359947.0,171832,441861.0,210936,731709.0,349304,1739878.0,830584,3.819044,35.407327083333335,63.16095229166667,80.92672239583331,100.0
00:06:35.439555,346294.0,165816,446806.0,213944,735778.0,352312,1740896.0,833592,3.830633,31.867211649484545,62.74063278350517,80.23339350515464,100.0
00:06:39.258554,309542.0,147768,454468.0,216952,788428.0,376376,1815511.0,866680,3.819,28.104425520833328,64.77675104166666,82.64643072916665,100.0
00:06:43.089144,340016.0,162808,484504.0,231992,817453.0,391416,1923096.0,920824,3.830589,30.863095104166664,64.36752249999998,81.99714156249999,100.0
00:06:46.908099,322148.0,153784,460775.0,219960,756931.0,361336,1815533.0,866680,3.818955,33.846955208333334,65.01164687500003,81.8454109375,100.0
00:06:50.738643,377713.0,180856,497074.0,238008,767205.0,367352,1810040.0,866680,3.830544,34.57939416666664,66.38515989583333,82.18446479166667,100.0
00:06:58.307554,276998.0,262072,397812.0,376376,661696.0,626040,1342071.0,1269752,7.568911,36.12581697916667,72.24008593750001,85.65175479166668,100.0
00:07:02.126420,271745.0,129720,385169.0,183864,637223.0,304184,1273659.0,607992,3.818866,29.507687500000003,67.01502791666671,84.06584166666666,100.0
00:07:05.956875,302334.0,144760,415415.0,198904,742094.0,355320,1621614.0,776440,3.830455,36.58164197916667,67.07761093749998,84.58071895833335,100.0
00:07:09.775697,296954.0,141752,410379.0,195896,744355.0,355320,1639156.0,782456,3.818822,35.463276145833326,70.02427989583336,86.44099770833328,100.0
00:07:13.606108,302338.0,144760,465679.0,222968,842620.0,403448,1722150.0,824568,3.830411,44.61097833333335,76.28937000000003,90.15395354166661,100.0
00:07:17.424886,303259.0,144760,523811.0,250040,946011.0,451576,1884933.0,899768,3.818778,44.03330175257732,75.3778864948454,89.66171525773193,100.0
00:07:21.255241,308625.0,147768,515945.0,247032,968282.0,463608,1986038.0,950904,3.830355,46.84871177083335,78.17661937499999,91.06781249999999,100.0
00:07:25.073974,278056.0,132728,492309.0,235000,920816.0,439544,1947971.0,929848,3.818733,53.106844583333356,78.81414687500003,89.40613437499998,100.0
00:07:28.904285,264651.0,126712,421714.0,201912,754687.0,361336,1590262.0,761400,3.830311,55.866189166666665,78.88871135416665,88.20750687499998,100.0
00:07:32.722963,271758.0,129720,429300.0,204920,738081.0,352312,1557297.0,743352,3.818678,55.866189166666665,78.88871135416665,88.20750687499998,100.0
00:07:36.553229,277219.0,132728,471979.0,225976,855217.0,409464,1785041.0,854648,3.830266,53.574946875,79.7991467708333,90.9251372916667,100.0
00:07:40.371862,284365.0,135736,492322.0,235000,908237.0,433528,1903910.0,908792,3.818633,47.950838229166656,79.96214937500004,92.1489645833333,100.0
00:07:44.202084,283505.0,135736,478267.0,228984,861510.0,412472,1728518.0,827576,3.830222,45.939815625,79.68941062499998,91.66670062500002,100.0
00:07:48.020673,284368.0,135736,486026.0,231992,857833.0,409464,1790500.0,854648,3.818589,51.244486562500015,80.95942083333333,92.43380760416665,100.0
00:07:51.850851,283508.0,135736,478273.0,228984,874085.0,418488,1841627.0,881720,3.830178,52.56478416666667,81.11417822916664,92.40747875,100.0
00:07:59.419395,283370.0,268088,486857.0,460600,874753.0,827576,1857211.0,1757048,7.568544,55.27662104166665,80.33220239583333,90.93464864583329,100.0
00:08:03.237895,259167.0,123704,416716.0,198904,750719.0,358328,1601483.0,764408,3.8185,51.44175969072166,75.58184948453608,85.21304649484533,100.0
00:08:07.067984,239534.0,114680,365192.0,174840,641639.0,307192,1395585.0,668152,3.830089,46.53516385416668,74.13299114583337,84.60142989583332,100.0
00:08:10.886439,246566.0,117688,378909.0,180856,656198.0,313208,1475461.0,704248,3.818455,38.341879479166685,68.03545958333329,83.07689833333335,100.0
00:08:14.716483,289801.0,138744,396611.0,189880,723325.0,346296,1741164.0,833592,3.830044,39.19970989583334,70.47845302083331,85.03282770833333,100.0
00:08:18.534894,271777.0,129720,404122.0,192888,687716.0,328248,1425061.0,680184,3.818411,42.45537145833334,72.93625374999998,85.44886302083334,100.0
00:08:22.364894,283521.0,135736,415465.0,198904,698201.0,334264,1408183.0,674168,3.83,33.895993333333315,68.4420515625,84.02516708333333,100.0
00:08:26.183260,278083.0,132728,391522.0,186872,656213.0,313208,1286430.0,614008,3.818366,37.641700520833325,67.21517541666667,84.09400083333334,100.0
00:08:30.013215,308657.0,147768,409187.0,195896,710775.0,340280,1546428.0,740344,3.829955,35.20564645833334,71.24157166666669,86.74020343749999,100.0
00:08:33.831537,246575.0,117688,366317.0,174840,624710.0,298168,1248632.0,595960,3.818322,35.20564645833334,71.24157166666669,86.74020343749999,100.0
00:08:37.661448,245829.0,117688,352643.0,168824,566271.0,271096,1094057.0,523768,3.829911,33.625277708333336,70.78430229166666,86.34503593750001,100.0
00:08:41.479726,259182.0,123704,360019.0,171832,612112.0,292152,1191925.0,568888,3.818278,29.766097395833345,66.99561333333332,84.27563656250001,100.0
00:08:45.309592,245832.0,117688,340080.0,162808,553711.0,265080,1018671.0,487672,3.829866,29.436688556701032,68.99544752577322,85.76048113402062,100.0
00:08:49.127825,246581.0,117688,353721.0,168824,599515.0,286136,1154125.0,550840,3.818233,30.522896354166676,69.80160010416667,86.13516114583331,100.0
00:08:52.957636,245835.0,117688,340085.0,162808,572569.0,274104,1131786.0,541816,3.829811,28.37098177083334,68.20154697916666,85.3233640625,100.0
00:09:00.525825,245228.0,231992,353335.0,334264,579089.0,547832,1081469.0,1023096,7.568189,30.06455697916667,69.95581864583332,86.09008958333334,100.0
00:09:04.343958,265495.0,126712,378941.0,180856,637346.0,304184,1267601.0,604984,3.818133,41.052201354166655,73.05731791666663,87.01167541666668,100.0
00:09:08.173680,270975.0,129720,377794.0,180856,654267.0,313208,1395719.0,668152,3.829722,30.597456249999997,64.17564572916665,81.85827083333335,100.0
00:09:11.991769,328524.0,156792,435669.0,207928,757103.0,361336,1809642.0,863672,3.818089,30.403849375000018,60.22615666666665,76.58573958333334,100.0
00:09:15.821447,327530.0,156792,472052.0,225976,761095.0,364344,1841867.0,881720,3.829678,31.651250208333327,64.41716687499999,81.13602468749998,100.0
00:09:19.639491,315923.0,150776,448279.0,213944,706690.0,337272,1639490.0,782456,3.818044,27.850512187499973,62.49132947916669,80.32983218749999,100.0
00:09:23.469124,308683.0,147768,415505.0,198904,673133.0,322232,1552842.0,743352,3.829633,26.341193750000002,59.59488562500002,78.35776166666663,100.0
00:09:27.287124,328532.0,156792,429376.0,204920,731909.0,349304,1727748.0,824568,3.818,27.762134432989683,59.92162742268046,79.31085999999999,100.0
00:09:31.116713,321254.0,153784,421793.0,201912,723411.0,346296,1678534.0,803512,3.829589,37.507248125000004,69.69757177083336,85.9354423958333,100.0
00:09:34.934668,303324.0,144760,397867.0,189880,700404.0,334264,1526077.0,728312,3.817955,37.507248125000004,69.69757177083336,85.9354423958333,100.0
00:09:38.764212,239568.0,114680,346393.0,165816,572609.0,274104,1106730.0,529784,3.829544,33.14073135416667,70.73895458333335,85.7264572916667,100.0
00:09:42.582123,278116.0,132728,391569.0,186872,694109.0,331256,1513489.0,722296,3.817911,33.07938166666667,67.00040333333332,83.80846437499999,100.0
00:09:46.411623,258423.0,123704,371532.0,177848,641738.0,307192,1263839.0,604984,3.8295,38.0006446875,72.08665552083333,86.7180207291667,100.0
00:09:50.229489,284422.0,135736,385270.0,183864,675208.0,322232,1519810.0,725304,3.817866,32.141471875,64.26818145833333,82.65273947916666,100.0
00:09:54.058944,289845.0,138744,409240.0,195896,717152.0,343288,1634605.0,782456,3.829455,28.93235958333335,62.672665729166674,81.755495,100.0
00:09:59.668433,279378.0,195896,395204.0,277112,674046.0,472632,1514861.0,1062200,5.609489,94.20227,93.2789,96.46841,100.0
