delta_t_s,1280x720_bitrate,1280x720_size_byte,1920x1080_bitrate,1920x1080_size_byte,426x240_bitrate,426x240_size_byte,854x480_bitrate,854x480_size_byte,seg_len_s,426x240_vmaf_score,854x480_vmaf_score,1280x720_vmaf_score,1920x1080_vmaf_score
00:00:03.680000,452017.0,207928,693965.0,319224,275460.0,126712,334313.0,153784,3.68,42.51899247524754,78.79505772277226,91.03295148514854,100.0
00:00:07.337689,981095.0,448568,2099528.0,959928,382405.0,174840,606091.0,277112,3.657689,22.054098514851482,68.1525321782178,86.21577673267326,100.0
00:00:14.596278,806018.0,731320,1717711.0,1558520,365091.0,331256,573951.0,520760,7.258589,27.898265643564358,71.02026188118812,84.87214049504946,100.0
00:00:18.256689,769994.0,352312,1677223.0,767416,349250.0,159800,559622.0,256056,3.660411,26.073953400000015,70.13843310000003,84.87446760000003,100.0
00:00:21.918000,868392.0,397432,1900276.0,869688,388599.0,177848,592347.0,271096,3.661311,28.828461881188126,70.28021594059405,85.49629643564354,100.0
00:00:25.580222,973310.0,445560,2142926.0,980984,395073.0,180856,625054.0,286136,3.662222,27.2303892,69.88369810000003,84.61552899999998,100.0
00:00:29.243355,802268.0,367352,1689115.0,773432,368698.0,168824,565775.0,259064,3.663133,28.366557524752483,71.37748396039605,85.45597297029701,100.0
00:00:32.387388,812266.0,319224,1738383.0,683192,353034.0,138744,590304.0,231992,3.144033,28.366557524752483,71.37748396039605,85.45597297029701,100.0
00:00:36.066388,851135.0,391416,1786485.0,821560,373649.0,171832,576417.0,265080,3.679,32.45376900990098,73.13874455445546,86.77597712871285,100.0
00:00:39.746299,785532.0,361336,1668336.0,767416,373556.0,171832,569735.0,262072,3.679911,32.091956799999984,73.19965220000003,86.04307210000005,100.0
00:00:47.003899,769656.0,698232,1621790.0,1471288,365141.0,331256,537557.0,487672,7.2576,32.2924538,71.35976840000002,85.8054742,100.0
00:00:50.663310,796508.0,364344,1710561.0,782456,362497.0,165816,546623.0,250040,3.659411,34.866698217821785,74.09746564356436,85.45550999999999,100.0
00:00:54.323632,763438.0,349304,1604947.0,734328,362407.0,165816,539913.0,247032,3.660322,32.97215949999998,72.65390230000003,86.07980129999996,100.0
00:00:57.984854,802687.0,367352,1689997.0,773432,349173.0,159800,552925.0,253048,3.661222,27.17200594059406,69.99072811881187,84.7970805940594,100.0
00:01:01.646987,815629.0,373368,1729003.0,791480,381941.0,174840,579072.0,265080,3.662133,32.15781178217822,70.51258089108913,84.85254138613863,100.0
00:01:06.510020,1109049.0,674168,2400569.0,1459256,426176.0,259064,703284.0,427512,4.863033,42.20933479999999,73.4550099,85.50974790000002,100.0
00:01:10.189753,864045.0,397432,1864604.0,857656,386654.0,177848,582842.0,268088,3.679733,38.020708316831694,72.1649977227723,85.25284603960395,100.0
00:01:13.847164,1112760.0,508728,2435243.0,1113336,421911.0,192888,671933.0,307192,3.657411,37.90153790000001,70.31954619999999,84.41184060000002,100.0
00:01:17.505486,1388754.0,635064,3250294.0,1486328,474429.0,216952,809901.0,370360,3.658322,37.90153790000001,70.31954619999999,84.41184060000002,100.0
00:01:21.164719,1066173.0,487672,2361692.0,1080248,408549.0,186872,645293.0,295160,3.659233,41.2553915841584,72.83893950495047,85.79002445544553,100.0
00:01:24.824852,954142.0,436536,2025806.0,926840,401873.0,183864,625411.0,286136,3.660133,39.6615689,71.79605090000001,84.4627152,100.0
00:01:28.485896,894748.0,409464,2038448.0,932856,382054.0,174840,585817.0,268088,3.661044,36.58250128712872,68.97405445544553,82.70283811881187,100.0
00:01:33.347852,1218182.0,740344,2915843.0,1772088,470816.0,286136,713339.0,433528,4.861956,45.44591267326733,72.05219653465346,85.8323498019802,100.0
00:01:37.026496,1315667.0,604984,2924886.0,1344952,465267.0,213944,785802.0,361336,3.678644,32.97470030000001,68.90223550000002,84.1367166,100.0
00:01:40.706040,1263026.0,580920,2819531.0,1296824,478233.0,219960,765990.0,352312,3.679544,39.39095128712871,69.49107811881188,83.36928712871286,100.0
00:01:47.963273,1084702.0,983992,2364625.0,2145080,471267.0,427512,680166.0,617016,7.257233,48.10595693069306,71.40307029702969,82.99420663366334,100.0
00:01:51.622317,882083.0,403448,1881724.0,860664,395416.0,180856,579561.0,265080,3.659044,50.51568380000001,73.90760520000002,82.9664475,100.0
00:01:55.282273,776665.0,355320,1670857.0,764408,362443.0,165816,539967.0,247032,3.659956,46.69462247524751,71.72782891089106,83.33309405940598,100.0
00:01:58.943140,993390.0,454584,2150292.0,983992,421513.0,192888,625285.0,286136,3.660867,45.978516200000016,73.48261890000002,82.6603995,100.0
00:02:02.604907,749994.0,343288,1604313.0,734328,349121.0,159800,539700.0,247032,3.661767,45.978516200000016,73.48261890000002,82.6603995,100.0
00:02:07.467585,832002.0,505720,1782155.0,1083256,366823.0,222968,549925.0,334264,4.862678,46.22571089108912,70.1880436633663,81.37680326732672,100.0
00:02:11.146952,942614.0,433528,1982514.0,911800,419393.0,192888,609061.0,280120,3.679367,48.42353129999999,70.67602389999999,81.20833760000001,100.0
00:02:14.804008,935204.0,427512,1876167.0,857656,435112.0,198904,625937.0,286136,3.657056,48.42353129999999,70.67602389999999,81.20833760000001,100.0
00:02:18.461964,875767.0,400440,1823077.0,833592,395534.0,180856,573155.0,262072,3.657956,46.99422366336636,70.39985792079209,81.5916720792079,100.0
00:02:22.120831,941318.0,430520,1960738.0,896760,428320.0,195896,605896.0,277112,3.658867,49.000152899999996,70.94466380000003,81.43638830000005,100.0
00:02:25.780609,973960.0,445560,2098330.0,959928,421638.0,192888,612321.0,280120,3.659778,45.20726594059407,66.6859222772277,79.65505267326732,100.0
00:02:29.441287,973721.0,445560,2045225.0,935864,441255.0,201912,625318.0,286136,3.660678,48.86190169999999,67.41561110000002,79.49246570000003,100.0
00:02:34.302876,906436.0,550840,1921149.0,1167480,431253.0,262072,614396.0,373368,4.861589,51.35567970297029,71.37651099009902,81.0380778217822,100.0
00:02:37.981154,812049.0,373368,1714872.0,788472,373722.0,171832,524193.0,241016,3.678278,44.82487623762374,71.8087300990099,83.61597564356434,100.0
00:02:41.660343,824929.0,379384,1753690.0,806520,373630.0,171832,530603.0,244024,3.679189,48.4753351,69.65292959999996,80.9417808,100.0
00:02:48.917210,935535.0,848632,1953557.0,1772088,428182.0,388408,603932.0,547832,7.256867,48.607386,69.21522440000001,81.11066810000001,100.0
00:02:52.575899,974250.0,445560,2059491.0,941880,441495.0,201912,619080.0,283128,3.658689,51.60008871287128,67.87861495049508,80.03697405940594,100.0
00:02:56.235488,1020040.0,466616,2164194.0,990008,467689.0,213944,625504.0,286136,3.659589,42.12578689999999,66.1482447,80.28758390000003,100.0
00:02:59.895988,973768.0,445560,2111064.0,965944,441277.0,201912,618774.0,283128,3.6605,42.12578689999999,66.1482447,80.28758390000003,100.0
00:03:03.557399,881513.0,403448,1860790.0,851640,401733.0,183864,598903.0,274104,3.661411,42.38457415841584,69.16513465346536,80.49157376237628,100.0
00:03:08.419710,856810.0,520760,1856526.0,1128376,376749.0,228984,559865.0,340280,4.862311,34.299232700000005,68.93879699999998,83.9369141,100.0
00:03:12.098710,1400571.0,644088,3107748.0,1429176,478303.0,219960,831512.0,382392,3.679,34.299232700000005,68.93879699999998,83.9369141,100.0
00:03:15.778621,1465618.0,674168,3394708.0,1561528,484724.0,222968,850924.0,391416,3.679911,36.83216287128713,68.9561811881188,84.0080944554455,100.0
00:03:19.436221,1119282.0,511736,2639072.0,1206584,454785.0,207928,671898.0,307192,3.6576,40.46787750000001,68.74387660000002,83.45117779999998,100.0
00:03:23.094721,1290023.0,589944,3164628.0,1447224,494139.0,225976,757241.0,346296,3.6585,40.46561207920794,67.96792831683169,81.68942900990099,100.0
00:03:26.754132,1283126.0,586936,3032321.0,1387064,480864.0,219960,750477.0,343288,3.659411,40.3888532,68.09293469999997,82.96071320000001,100.0
00:03:30.414454,1052707.0,481656,2426732.0,1110328,408427.0,186872,618804.0,283128,3.660322,37.041786930693085,68.48784,82.80268326732674,100.0
00:03:35.275676,960956.0,583928,2193555.0,1332920,396634.0,241016,589692.0,358328,4.861222,37.261581799999995,68.40906650000002,82.24798940000002,100.0
00:03:38.953587,1060758.0,487672,2500184.0,1149432,419559.0,192888,628930.0,289144,3.677911,43.848454851485144,68.05475009900991,81.39892019801981,100.0
00:03:42.632409,929671.0,427512,2152880.0,990008,380208.0,174840,556821.0,256056,3.678822,42.19715227722771,68.41501376237626,82.35868009900993,100.0
00:03:49.912142,1150767.0,1047160,2744074.0,2497016,446671.0,406456,684675.0,623032,7.279733,47.05148079207923,67.47637683168315,80.22810049504949,100.0
00:03:53.570464,1112483.0,508728,2710908.0,1239672,448118.0,204920,652032.0,298168,3.658322,44.621501900000005,67.4755304,80.7185369,100.0
00:03:57.229697,1026715.0,469624,2552403.0,1167480,421701.0,192888,612412.0,280120,3.659233,34.123923366336626,65.3792910891089,80.58855544554459,100.0
00:04:00.889830,1230276.0,562872,2873932.0,1314872,454470.0,207928,730605.0,334264,3.660133,34.123923366336626,65.3792910891089,80.58855544554459,100.0
00:04:04.550874,1177386.0,538808,2715465.0,1242680,434638.0,198904,677839.0,310200,3.661044,35.880914700000005,67.22145590000002,82.19622170000001,100.0
00:04:09.412830,1163739.0,707256,2683219.0,1630712,416372.0,253048,683642.0,415480,4.861956,39.96161653465346,66.54304237623757,80.71726207920793,100.0
00:04:13.091474,1060547.0,487672,2584726.0,1188536,426017.0,195896,628805.0,289144,3.678644,39.96161653465346,66.54304237623757,80.71726207920793,100.0
00:04:16.771018,1191086.0,547832,2917631.0,1341944,432453.0,198904,667891.0,307192,3.679544,40.65359439999998,68.30506790000001,83.01710249999998,100.0
00:04:20.428251,1099655.0,502712,2626177.0,1200568,415352.0,189880,639066.0,292152,3.657233,39.8327596039604,71.96607158415843,86.34366930693069,100.0
00:04:24.086395,1119116.0,511736,2599210.0,1188536,428405.0,195896,671798.0,307192,3.658144,41.23220119999999,70.87262430000001,83.9394459,100.0
00:04:27.745439,934696.0,427512,2256589.0,1032120,375687.0,171832,566408.0,259064,3.659044,44.27741465346535,73.38092623762377,85.39519257425745,100.0
00:04:31.405395,1006788.0,460600,2361226.0,1080248,382168.0,174840,618866.0,283128,3.659956,38.6796333,68.96826879999998,83.40796470000001,100.0
00:04:36.266262,1213505.0,737336,2970953.0,1805176,436267.0,265080,698647.0,424504,4.860867,43.272255445544566,68.37285702970296,82.1516817821782,100.0
00:04:39.943818,1087034.0,499704,2749077.0,1263736,439230.0,201912,628991.0,289144,3.677556,47.002054158415845,66.95275702970298,79.94335900990099,100.0
00:04:43.622274,1054059.0,484664,2663360.0,1224632,419497.0,192888,622295.0,286136,3.678456,42.228190300000016,71.0164886,84.3903696,100.0
00:04:50.901641,1220246.0,1110328,2929336.0,2665464,446693.0,406456,707850.0,644088,7.279367,38.2205332,67.45678060000002,84.07089010000001,100.0
00:04:54.559597,1408629.0,644088,3434818.0,1570552,487634.0,222968,803403.0,367352,3.657956,44.45809108910891,71.96796049504948,85.95880940594058,100.0
00:04:58.218464,1349086.0,617016,3131426.0,1432184,500666.0,228984,803203.0,367352,3.658867,44.45809108910891,71.96796049504948,85.95880940594058,100.0
00:05:01.878242,1151492.0,526776,2722980.0,1245688,474240.0,216952,691224.0,316216,3.659778,42.336624500000006,71.2271503,85.89757910000002,100.0
00:05:05.538920,1092046.0,499704,2538248.0,1161464,460976.0,210936,664759.0,304184,3.660678,45.23503524752474,73.18204386138615,86.51462554455445,100.0
00:05:10.400509,995532.0,604984,2371583.0,1441208,421353.0,256056,614396.0,373368,4.861589,50.661643564356474,73.1093498019802,84.08429950495051,100.0
00:05:14.078787,962519.0,442552,2290584.0,1053176,419518.0,192888,596157.0,274104,3.678278,47.56113980000003,73.17993680000002,85.58402879999996,100.0
00:05:17.757976,1034227.0,475640,2532018.0,1164472,432495.0,198904,622171.0,286136,3.679189,42.13692782178218,76.4319610891089,89.6403194059406,100.0
00:05:21.414843,1020799.0,466616,2554055.0,1167480,454876.0,207928,619389.0,283128,3.656867,42.028682499999995,72.71848160000002,85.73358169999996,100.0
00:05:25.072621,1152122.0,526776,2836309.0,1296824,461342.0,210936,685023.0,313208,3.657778,48.48788564356435,74.84654594059407,87.7107394059406,100.0
00:05:28.731310,1263648.0,577912,2993456.0,1369016,500690.0,228984,750625.0,343288,3.658689,49.306784999999984,74.2129065,88.74599560000003,100.0
00:05:32.390899,1230459.0,562872,2854633.0,1305848,487416.0,222968,710986.0,325240,3.659589,42.78075198019801,74.11915425742575,89.25364722772278,100.0
00:05:37.251398,1243302.0,755384,3015735.0,1832248,466006.0,283128,708601.0,430520,4.8605,42.4500194,75.10961910000003,90.27539829999998,100.0
00:05:40.928588,1139496.0,523768,2755896.0,1266744,452362.0,207928,648686.0,298168,3.677189,45.842823069306924,71.83418039603961,85.68585069306936,100.0
00:05:44.606688,1145756.0,526776,2709416.0,1245688,484963.0,222968,687781.0,316216,3.6781,44.75202495049506,73.50404950495053,87.83523405940592,100.0
00:05:51.885688,1174025.0,1068216,2777410.0,2527096,479775.0,436536,691356.0,629048,7.279,42.84153782178219,73.40820712871289,87.55415613861388,100.0
00:05:55.543288,994278.0,454584,2389063.0,1092280,428468.0,195896,599527.0,274104,3.6576,42.84153782178219,73.40820712871289,87.55415613861388,100.0
00:05:59.201788,1178205.0,538808,2710776.0,1239672,454673.0,207928,717776.0,328248,3.6585,45.976874300000006,74.1955649,86.35010849999998,100.0
00:06:02.861199,1256823.0,574904,3071777.0,1405112,494016.0,225976,743901.0,340280,3.659411,42.557511980198015,75.38604504950492,89.33488475247523,100.0
00:06:06.521521,1052707.0,481656,2558218.0,1170488,441298.0,201912,638527.0,292152,3.660322,39.0355649,75.1034676,88.88041810000004,100.0
00:06:11.382743,1084711.0,659128,2723226.0,1654776,426335.0,259064,644144.0,391416,4.861222,41.07827396039605,73.30438039603962,86.84682138613861,100.0
00:06:15.060654,1132729.0,520760,2729184.0,1254712,478445.0,219960,674730.0,310200,3.677911,43.86760960396039,73.7218978217822,87.72843544554455,100.0
00:06:18.739476,1243650.0,571896,2977074.0,1369016,491409.0,225976,726893.0,334264,3.678822,37.267898499999994,72.75148680000001,88.84058830000002,100.0
00:06:22.419209,1034075.0,475640,2446629.0,1125368,425891.0,195896,628619.0,289144,3.679733,42.839960891089106,74.36596524752476,88.43347584158414,100.0
00:06:26.076620,1007488.0,460600,2441823.0,1116344,428491.0,195896,619297.0,283128,3.657411,41.902609600000005,71.11042010000001,85.8558104,100.0
00:06:29.734942,980926.0,448568,2309657.0,1056184,428384.0,195896,599409.0,274104,3.658322,44.2328604950495,71.99202554455445,85.23023574257422,100.0
00:06:33.394175,960953.0,439544,2302506.0,1053176,421701.0,192888,592683.0,271096,3.659233,41.005225800000005,72.0303821,86.13917420000001,100.0
00:06:38.254307,1035441.0,629048,2560443.0,1555512,436333.0,265080,624483.0,379384,4.860133,45.73208247524754,71.93743831683169,85.20818148514854,100.0
00:06:41.931130,1198513.0,550840,2959059.0,1359992,472042.0,216952,688020.0,316216,3.676822,40.87362079207921,69.56132930693067,85.28609762376239,100.0
00:06:45.608863,1139327.0,523768,2834006.0,1302840,465382.0,213944,674763.0,310200,3.677733,38.83914350000003,68.1861546,84.02107419999999,100.0
00:06:52.887507,1303020.0,1185528,3299911.0,3002360,486411.0,442552,737675.0,671160,7.278644,37.58363673267327,65.46063663366336,81.29597366336633,100.0
00:06:56.544740,1376008.0,629048,3363119.0,1537464,487730.0,222968,764083.0,349304,3.657233,37.85847739999999,66.78072949999999,82.92515900000001,100.0
00:07:00.202884,1520386.0,695224,3822756.0,1748024,500765.0,228984,842831.0,385400,3.658144,38.90896792079208,65.50005019801979,81.722817029703,100.0
00:07:03.861928,1533165.0,701240,3913887.0,1790136,520371.0,238008,849201.0,388408,3.659044,39.26959719999999,66.0629587,82.32526109999999,100.0
00:07:07.521884,1506483.0,689208,3801138.0,1739000,487367.0,222968,829264.0,379384,3.659956,40.76511257425742,68.74586415841581,85.78478910891093,100.0
00:07:12.382751,1485785.0,902776,3777893.0,2295480,510526.0,310200,792707.0,481656,4.860867,42.82147960000001,68.3027709,85.76337210000001,100.0
00:07:16.060307,1545078.0,710264,3992338.0,1835256,491578.0,225976,818752.0,376376,3.677556,42.551377326732684,70.13497831683169,86.46260138613857,100.0
00:07:19.738763,1577409.0,725304,4056780.0,1865336,498000.0,228984,831635.0,382392,3.678456,42.72902722772276,69.4729426732673,87.3824003960396,100.0
00:07:23.418130,1596639.0,734328,4108097.0,1889400,504417.0,231992,844510.0,388408,3.679367,39.518169,70.02780880000002,88.11009709999995,100.0
00:07:27.075186,1553739.0,710264,3876534.0,1772088,487754.0,222968,836502.0,382392,3.657056,45.20095653465347,71.25385702970297,86.13300217821785,100.0
00:07:30.733142,1448100.0,662136,3533496.0,1615672,487634.0,222968,823139.0,376376,3.657956,43.361855199999994,70.29263580000003,83.8973467,100.0
00:07:34.392009,1388547.0,635064,3335310.0,1525432,467781.0,213944,803203.0,367352,3.658867,44.6831601980198,69.75073841584158,82.5931021782178,100.0
00:07:39.251786,1089985.0,662136,2555678.0,1552504,456172.0,277112,678997.0,412472,4.859778,37.56991850000001,67.17627679999998,82.01678079999998,100.0
00:07:42.928254,1250992.0,574904,2893891.0,1329912,485178.0,222968,746995.0,343288,3.676467,39.76695782178216,69.28905534653464,83.8162714851485,100.0
00:07:46.605621,1080547.0,496696,2467835.0,1134392,419621.0,192888,648655.0,298168,3.677367,38.96946594059406,66.58057000000001,81.35934574257423,100.0
00:07:53.883899,1167528.0,1062200,2701641.0,2457912,453373.0,412472,701343.0,638072,7.278278,41.59870800000001,69.8171679,83.8146869,100.0
00:07:57.540766,1132667.0,517752,2527733.0,1155448,461457.0,210936,678613.0,310200,3.656867,41.08429376237624,69.49218247524752,84.17283732673266,100.0
00:08:01.198544,1138964.0,520760,2698153.0,1233656,441605.0,201912,671865.0,307192,3.657778,36.26098039999999,66.88143259999995,82.5951876,100.0
00:08:04.857233,1224184.0,559864,3000034.0,1372024,487536.0,222968,724316.0,331256,3.658689,45.222029405940575,72.35679821782178,85.4958521782178,100.0
00:08:08.516822,1375122.0,629048,3183413.0,1456248,520294.0,238008,816196.0,373368,3.659589,41.3921268,70.97940700000002,85.21531390000001,100.0
00:08:13.377322,1099725.0,668152,2476084.0,1504376,431349.0,262072,668994.0,406456,4.8605,39.233744851485135,70.27604920792076,84.31821405940595,100.0
00:08:18.774511,910115.0,614008,1998017.0,1347960,379539.0,256056,598012.0,403448,5.397189,40.9899188118812,73.06228188118811,84.49089801980195,100.0
