delta_t_s,1280x720_bitrate,1280x720_size_byte,1920x1080_bitrate,1920x1080_size_byte,426x240_bitrate,426x240_size_byte,854x480_bitrate,854x480_size_byte,seg_len_s,426x240_vmaf_score,854x480_vmaf_score,1280x720_vmaf_score,1920x1080_vmaf_score
00:00:03.066667,361940.0,138744,448257.0,171832,291318.0,111672,322706.0,123704,3.066667,41.789580166666674,76.47730191666663,88.11269441666666,100.0
00:00:09.114745,1556202.0,1176504,3903685.0,2951224,537633.0,406456,919596.0,695224,6.048078,25.47543025,64.53910716666668,81.55729266666667,100.0
00:00:12.172068,1417752.0,541816,3637357.0,1390072,520465.0,198904,835303.0,319224,3.057323,25.47543025,64.53910716666668,81.55729266666667,100.0
00:00:15.234024,1557070.0,595960,3859765.0,1477304,558973.0,213944,912629.0,349304,3.061956,17.25594016666667,62.70525641666665,81.0999446666667,100.0
00:00:21.300602,1341223.0,1017080,3233316.0,2451896,496327.0,376376,805726.0,611000,6.066578,21.038965750000006,62.16180449999998,80.51988783333334,100.0
00:00:24.353213,915423.0,349304,2153068.0,821560,426672.0,162808,623749.0,238008,3.052611,30.358535882352925,63.08586865546217,78.64380151260505,100.0
00:00:27.410447,1150174.0,439544,2866088.0,1095288,402413.0,153784,677904.0,259064,3.057234,30.358535882352925,63.08586865546217,78.64380151260505,100.0
00:00:31.572303,1145565.0,595960,3163496.0,1645752,440157.0,228984,648310.0,337272,4.161856,52.785070833333364,68.28983800000002,78.16732891666669,100.0
00:00:37.624226,1129753.0,854648,2930998.0,2217272,429932.0,325240,676460.0,511736,6.051923,33.216081166666676,66.84407508333334,80.81839883333335,100.0
00:00:40.685404,975749.0,373368,2437900.0,932856,386172.0,147768,598420.0,228984,3.061178,32.94302608333333,64.61219625000003,79.58106933333336,100.0
00:00:43.751204,1131262.0,433528,2748192.0,1053176,440534.0,168824,683859.0,262072,3.0658,32.94302608333333,64.61219625000003,79.58106933333336,100.0
00:00:49.798415,1070943.0,809528,2527387.0,1910456,438226.0,331256,657091.0,496696,6.047211,35.98719899159665,65.21417680672268,79.87030865546215,100.0
00:00:52.854882,1189828.0,454584,2827442.0,1080248,465499.0,177848,701693.0,268088,3.056467,35.35016983333335,65.13649483333334,80.11967316666664,100.0
00:00:55.915971,1117280.0,427512,2665947.0,1020088,433351.0,165816,669189.0,256056,3.061089,35.35016983333335,65.13649483333334,80.11967316666664,100.0
00:01:01.981682,1214464.0,920824,2936237.0,2226296,476562.0,361336,734431.0,556856,6.065711,40.17185391666666,67.39487425,80.93957283333332,100.0
00:01:05.033427,1325720.0,505720,3273395.0,1248696,474105.0,180856,765862.0,292152,3.051745,36.75654358333334,66.73096075000002,80.74105191666672,100.0
00:01:08.089794,1237107.0,472632,2961382.0,1131384,465514.0,177848,733210.0,280120,3.056367,36.75654358333334,66.73096075000002,80.74105191666672,100.0
00:01:14.150794,1143943.0,866680,2839262.0,2151096,441199.0,334264,679417.0,514744,6.061,38.3357968067227,65.17202949579831,78.84092798319325,100.0
00:01:17.197828,1359359.0,517752,3499586.0,1332920,514325.0,195896,790738.0,301176,3.047034,33.50934808333333,61.78917950000001,76.73690675000002,100.0
00:01:20.249484,1436156.0,547832,3604684.0,1375032,537203.0,204920,844740.0,322232,3.051656,33.50934808333333,61.78917950000001,76.73690675000002,100.0
00:01:26.305762,1240196.0,938872,3040145.0,2301496,493197.0,373368,739548.0,559864,6.056278,38.41804033333332,65.45544399999997,79.35095183333334,100.0
00:01:29.371296,1209859.0,463608,2968226.0,1137400,471972.0,180856,731017.0,280120,3.065534,41.990806500000005,66.60963666666667,79.89367708333332,100.0
00:01:32.418230,1233040.0,469624,3010039.0,1146424,466955.0,177848,735480.0,280120,3.046934,41.990806500000005,66.60963666666667,79.89367708333332,100.0
00:01:38.469797,1551328.0,1173496,4155929.0,3143736,533346.0,403448,895207.0,677176,6.051567,43.8045774789916,66.44259067226889,78.68430831932773,100.0
00:01:41.530607,1604824.0,614008,4222859.0,1615672,512010.0,195896,912971.0,349304,3.060811,44.35431550000001,66.01782775000002,78.87211333333332,100.0
00:01:44.596053,1178493.0,451576,3093914.0,1185528,487686.0,186872,699638.0,268088,3.065445,44.35431550000001,66.01782775000002,78.87211333333332,100.0
00:01:50.642898,1293866.0,977976,3295602.0,2491000,505906.0,382392,772539.0,583928,6.046845,39.77126525000002,67.47532750000002,80.29791858333333,100.0
00:01:53.698998,1150601.0,439544,2741166.0,1047160,473429.0,180856,701778.0,268088,3.0561,39.1285335,65.68539474999999,78.38000766666667,100.0
00:01:56.759721,1431902.0,547832,3625454.0,1387064,512025.0,195896,842237.0,322232,3.060723,39.1285335,65.68539474999999,78.38000766666667,100.0
00:02:02.825077,1297852.0,983992,3210163.0,2433848,500394.0,379384,770181.0,583928,6.065356,38.04408291666668,67.15946758333338,81.42280875000003,100.0
00:02:05.876455,1302220.0,496696,3171267.0,1209592,513593.0,195896,773840.0,295160,3.051378,38.046924705882326,65.25598210084034,80.29273243697479,100.0
00:02:08.932466,1245126.0,475640,3064093.0,1170488,512814.0,195896,733295.0,280120,3.056011,38.046924705882326,65.25598210084034,80.29273243697479,100.0
00:02:14.993100,1263128.0,956920,3037960.0,2301496,512696.0,388408,750928.0,568888,6.060634,36.96283041666666,65.36032933333333,79.64426458333332,100.0
00:02:18.039767,1643868.0,626040,4100291.0,1561528,538083.0,204920,948803.0,361336,3.046667,29.25664991666666,64.09368775,79.86675975000001,100.0
00:02:21.091056,1081436.0,412472,2595645.0,990008,458402.0,174840,671338.0,256056,3.051289,29.25664991666666,64.09368775,79.86675975000001,100.0
00:02:27.146979,1077350.0,815544,2638987.0,1997688,453490.0,343288,668066.0,505720,6.055923,31.616106583333327,63.88411299999999,79.52326949999998,100.0
00:02:30.212146,1241407.0,475640,2921477.0,1119352,503432.0,192888,754657.0,289144,3.065167,32.40185218487394,64.14816487394957,79.73697999999999,100.0
00:02:33.258724,1256880.0,478648,2939303.0,1119352,506504.0,192888,751363.0,286136,3.046578,32.40185218487394,64.14816487394957,79.73697999999999,100.0
00:02:39.309924,1229307.0,929848,2967139.0,2244344,509518.0,385400,736192.0,556856,6.0512,32.91190783333334,63.65463766666668,80.02511308333332,100.0
00:02:42.370380,1125374.0,430520,2721539.0,1041144,464892.0,177848,685053.0,262072,3.060456,32.20567024999999,63.58978841666667,79.69240541666662,100.0
00:02:45.435458,1170783.0,448568,2748839.0,1053176,495595.0,189880,723275.0,277112,3.065078,32.20567024999999,63.58978841666667,79.69240541666662,100.0
00:02:51.481947,1075051.0,812536,2563508.0,1937528,442258.0,334264,669108.0,505720,6.046489,33.25382325,63.987632999999995,79.196317,100.0
00:02:54.537681,1300364.0,496696,3024996.0,1155448,528611.0,201912,772737.0,295160,3.055734,30.33590512605041,62.48561361344539,78.64444084033615,100.0
00:02:57.598048,1416342.0,541816,3413572.0,1305848,527811.0,201912,850198.0,325240,3.060367,30.33590512605041,62.48561361344539,78.64444084033615,100.0
00:03:03.663037,1381252.0,1047160,3285743.0,2491000,528198.0,400440,829743.0,629048,6.064989,32.84246149999998,63.84854675000002,79.46708033333337,100.0
00:03:06.714060,1389131.0,529784,3400365.0,1296824,529427.0,201912,844915.0,322232,3.051023,34.65156966666667,64.45079141666668,80.5818224166667,100.0
00:03:09.769705,1111396.0,424504,2591945.0,990008,473500.0,180856,686132.0,262072,3.055645,34.65156966666667,64.45079141666668,80.5818224166667,100.0
00:03:15.829972,1287029.0,974968,3157268.0,2391736,488902.0,370360,758915.0,574904,6.060267,48.98685891666669,63.48096816666665,73.06979708333337,100.0
00:03:18.876272,1454480.0,553848,3990194.0,1519416,522349.0,198904,846225.0,322232,3.0463,45.19582352941175,64.36753857142855,76.43469546218488,100.0
00:03:21.927206,1901854.0,725304,4741325.0,1808184,560992.0,213944,1065787.0,406456,3.050934,45.19582352941175,64.36753857142855,76.43469546218488,100.0
00:03:27.982762,1200605.0,908792,3024612.0,2289464,477361.0,361336,719767.0,544824,6.055556,48.12557675,68.32994500000002,79.66361941666668,100.0
00:03:31.047573,1021703.0,391416,2380048.0,911800,448528.0,171832,644821.0,247032,3.064811,47.64016166666667,68.30316199999999,80.37821625,100.0
00:03:34.093784,1099038.0,418488,2694768.0,1026104,467066.0,177848,672457.0,256056,3.046211,47.64016166666667,68.30316199999999,80.37821625,100.0
00:03:40.144629,1336757.0,1011064,3170138.0,2397752,513525.0,388408,791913.0,598968,6.050845,45.604946333333345,66.18709299999999,78.09090891666668,100.0
00:03:43.204718,1196284.0,457592,2957780.0,1131384,496403.0,189880,724454.0,277112,3.060089,44.17854218487395,66.04635823529411,78.73863352941179,100.0
00:03:46.269429,1272999.0,487672,3165322.0,1212600,503507.0,192888,778325.0,298168,3.064711,44.17854218487395,66.04635823529411,78.73863352941179,100.0
00:03:52.315552,1242279.0,938872,2977590.0,2250360,470145.0,355320,736810.0,556856,6.046123,44.83941208333331,65.900131,78.96601691666666,100.0
00:03:55.370930,1308391.0,499704,3245875.0,1239672,536548.0,204920,788579.0,301176,3.055378,48.13859175000002,63.18881483333333,74.99619483333332,100.0
00:03:58.430930,1392920.0,532792,3657767.0,1399096,520010.0,198904,803116.0,307192,3.06,48.13859175000002,63.18881483333333,74.99619483333332,100.0
00:04:04.495553,1032157.0,782456,2611393.0,1979640,429032.0,325240,623461.0,472632,6.064623,51.2630294166667,67.97877533333335,78.33015233333332,100.0
00:04:07.546209,1405074.0,535800,3503319.0,1335928,513715.0,195896,829240.0,316216,3.050656,38.818984999999984,63.50769633333336,77.72286474999997,100.0
00:04:10.601498,1355687.0,517752,3332607.0,1272760,536564.0,204920,812230.0,310200,3.055289,38.818984999999984,63.50769633333336,77.72286474999997,100.0
00:04:16.661409,1565076.0,1185528,3967540.0,3005368,528641.0,400440,878090.0,665144,6.059911,48.74186158333336,64.92833991666664,76.50760566666669,100.0
00:04:19.707354,1438849.0,547832,3611442.0,1375032,514509.0,195896,830523.0,316216,3.045945,49.164751583333334,63.12553025000003,74.05063499999999,100.0
00:04:22.757921,1310455.0,499704,3314101.0,1263736,474288.0,180856,750381.0,286136,3.050567,49.164751583333334,63.12553025000003,74.05063499999999,100.0
00:04:28.813110,902620.0,683192,2146517.0,1624696,389959.0,295160,580717.0,439544,6.055189,55.670067333333314,68.48598391666663,77.54016891666666,100.0
00:04:31.877555,1045383.0,400440,2560943.0,980984,440729.0,168824,621340.0,238008,3.064445,60.46807450000001,68.91562408333334,77.87231641666666,100.0
00:04:34.923411,1225575.0,466616,3082210.0,1173496,514524.0,195896,704138.0,268088,3.045856,60.46807450000001,68.91562408333334,77.87231641666666,100.0
00:04:40.973889,1118092.0,845624,2764655.0,2090936,469807.0,355320,660713.0,499704,6.050478,43.440109583333324,64.81166958333333,77.98007725000001,100.0
00:04:44.033623,1385176.0,529784,3453602.0,1320888,520055.0,198904,795321.0,304184,3.059734,30.363994749999986,63.571477833333326,79.22840208333331,100.0
00:04:47.097979,1280999.0,490680,2985073.0,1143416,480006.0,183864,762710.0,292152,3.064356,30.363994749999986,63.571477833333326,79.22840208333331,100.0
00:04:53.143735,1122945.0,848632,2623523.0,1982648,434351.0,328248,673170.0,508728,6.045756,31.02678158333334,62.99291675000001,79.5200024166667,100.0
00:04:56.198746,1174641.0,448568,2765774.0,1056184,434213.0,165816,694151.0,265080,3.055011,35.244626499999995,65.72115491666663,78.83736758333332,100.0
00:04:59.258380,1047027.0,400440,2384076.0,911800,457152.0,174840,693102.0,265080,3.059634,35.244626499999995,65.72115491666663,78.83736758333332,100.0
00:05:05.322647,754446.0,571896,1758392.0,1332920,357630.0,271096,575879.0,436536,6.064267,43.41572033333335,70.58121933333332,81.30967375000002,100.0
00:05:08.372947,1121232.0,427512,2706933.0,1032120,466440.0,177848,663667.0,253048,3.0503,39.88709308333334,65.85889408333335,79.64617691666668,100.0
00:05:11.427870,1095904.0,418488,2639820.0,1008056,449980.0,171832,654785.0,250040,3.054923,39.88709308333334,65.85889408333335,79.64617691666668,100.0
00:05:17.487415,1132304.0,857656,2752576.0,2084920,457190.0,346296,683552.0,517752,6.059545,41.7549035,65.02272674999999,78.22392650000003,100.0
00:05:20.532993,1138773.0,433528,2845452.0,1083256,475065.0,180856,680498.0,259064,3.045578,37.01136841666664,66.84948966666667,80.40949008333335,100.0
00:05:23.583193,1026597.0,391416,2454564.0,935864,434898.0,165816,663688.0,253048,3.0502,37.01136841666664,66.84948966666667,80.40949008333335,100.0
00:05:29.638027,1045749.0,791480,2536128.0,1919480,433700.0,328248,636392.0,481656,6.054834,36.88335391666666,66.37792066666668,80.52409941666663,100.0
00:05:32.702105,1124044.0,430520,2718322.0,1041144,464343.0,177848,684243.0,262072,3.064078,39.4220265,69.09851983333336,82.30890583333333,100.0
00:05:35.747594,1075594.0,409464,2584785.0,983992,467177.0,177848,656814.0,250040,3.045489,39.4220265,69.09851983333336,82.30890583333333,100.0
00:05:41.797705,1102250.0,833592,2725048.0,2060856,438016.0,331256,676663.0,511736,6.050111,39.28381541666667,69.03404008333334,81.59148833333334,100.0
00:05:44.857072,1102178.0,421496,2761836.0,1056184,441461.0,168824,669565.0,256056,3.059367,38.826096750000005,66.71614233333337,80.35452525,100.0
00:05:47.921061,1179053.0,451576,2969723.0,1137400,480064.0,183864,699971.0,268088,3.063989,38.826096750000005,66.71614233333337,80.35452525,100.0
00:05:53.966461,1126992.0,851640,2774938.0,2096952,450299.0,340280,681171.0,514744,6.0454,37.83513400000001,67.39981850000001,81.01811158333331,100.0
00:05:57.021106,1088126.0,415480,2569160.0,980984,450021.0,171832,662723.0,253048,3.054645,38.49782108333334,69.64483775,82.18924675000004,100.0
00:06:00.080384,1015685.0,388408,2439414.0,932856,410010.0,156792,638121.0,244024,3.059278,38.49782108333334,69.64483775,82.18924675000004,100.0
00:06:06.144284,1067996.0,809528,2607736.0,1976632,440988.0,334264,663219.0,502712,6.0639,34.52552191666666,65.58212524999998,80.26999099999996,100.0
00:06:09.194218,1231827.0,469624,3125428.0,1191544,474386.0,180856,711086.0,271096,3.049934,35.17120066666668,62.3476725833333,77.54332708333331,100.0
00:06:12.248774,1300865.0,496696,3404310.0,1299832,481546.0,183864,757279.0,289144,3.054556,35.17120066666668,62.3476725833333,77.54332708333331,100.0
00:06:18.307963,945710.0,716280,2347646.0,1778104,413531.0,313208,600191.0,454584,6.059189,53.63009394957984,69.63931621848738,78.23512949579832,100.0
00:06:21.353174,933452.0,355320,2363758.0,899768,404002.0,153784,593656.0,225976,3.045211,56.833116333333344,66.41394199999998,76.55571424999997,100.0
00:06:24.403019,1208192.0,460600,3164971.0,1206584,450729.0,171832,671656.0,256056,3.049845,56.833116333333344,66.41394199999998,76.55571424999997,100.0
00:06:30.457486,1248516.0,944888,3251708.0,2460920,481421.0,364344,711947.0,538808,6.054467,46.722610166666676,65.68321133333333,78.4259299166667,100.0
00:06:33.521209,1155592.0,442552,3072089.0,1176504,448688.0,171832,645050.0,247032,3.063723,54.22097008333335,64.60366341666669,74.18157125,100.0
00:06:36.566332,1312798.0,499704,3549197.0,1350968,490941.0,186872,751722.0,286136,3.045123,54.22097008333335,64.60366341666669,74.18157125,100.0
00:06:42.616088,1082426.0,818552,2792829.0,2111992,394287.0,298168,640903.0,484664,6.049756,54.12507672268904,71.36248924369744,79.76480201680674,100.0
00:06:45.675088,944978.0,361336,2431769.0,929848,386447.0,147768,583113.0,222968,3.059,52.51672366666667,67.09441316666663,77.55368941666664,100.0
00:06:48.738722,1124207.0,430520,2883665.0,1104312,432991.0,165816,645069.0,247032,3.063634,52.51672366666667,67.09441316666663,77.55368941666664,100.0
00:06:54.783756,1154926.0,872696,3005992.0,2271416,450326.0,340280,665289.0,502712,6.045034,54.0831095,64.31019716666667,75.97293758333336,100.0
00:06:57.838045,1466433.0,559864,3908848.0,1492344,505225.0,192888,812496.0,310200,3.054289,40.59010275000001,59.85731850000002,71.5501925,100.0
00:07:00.896956,1613688.0,617016,4327751.0,1654776,496595.0,189880,882070.0,337272,3.058911,40.59010275000001,59.85731850000002,71.5501925,100.0
00:07:06.960490,1516517.0,1149432,4119947.0,3122680,520388.0,394424,849785.0,644088,6.063534,50.86664218487395,64.64401445378152,76.13020823529418,100.0
00:07:10.010057,1476595.0,562872,3867554.0,1474296,506007.0,192888,821645.0,313208,3.049567,52.485099500000004,66.23479433333337,78.13700658333336,100.0
00:07:13.064256,1600419.0,611000,4239879.0,1618680,513118.0,195896,867673.0,331256,3.0542,52.485099500000004,66.23479433333337,78.13700658333336,100.0
00:07:19.123080,1660678.0,1257720,4353510.0,3297144,492990.0,373368,894135.0,677176,6.058823,44.984797500000006,61.59216858333333,72.83107166666667,100.0
00:07:22.167936,1605330.0,611000,4165955.0,1585592,546306.0,207928,909851.0,346296,3.044856,49.31477299999998,63.50282875,73.50627958333334,100.0
00:07:25.217414,1445073.0,550840,3717735.0,1417144,521804.0,198904,829560.0,316216,3.049478,49.31477299999998,63.50282875,73.50627958333334,100.0
00:07:31.271514,1367837.0,1035128,3327427.0,2518072,513249.0,388408,803411.0,607992,6.0541,27.59947378151259,60.24624697478992,77.03808294117644,100.0
00:07:34.334870,1422816.0,544824,3583061.0,1372024,503729.0,192888,825802.0,316216,3.063356,27.64831650000001,59.91227883333335,76.97466483333329,100.0
00:07:37.379637,1352468.0,514744,3438965.0,1308856,530515.0,201912,791327.0,301176,3.044767,27.64831650000001,59.91227883333335,76.97466483333329,100.0
00:07:43.429026,1571776.0,1188536,4018198.0,3038456,537516.0,406456,855750.0,647096,6.049389,53.16705325000001,67.00215591666667,81.36518825,100.0
00:07:46.487671,1645298.0,629048,4084234.0,1561528,535975.0,204920,882147.0,337272,3.058645,50.63938816666666,65.91908799999997,80.96581600000003,100.0
00:07:49.550938,1650671.0,632056,4235185.0,1621688,527311.0,201912,872960.0,334264,3.063267,50.63938816666666,65.91908799999997,80.96581600000003,100.0
00:07:55.595605,1640681.0,1239672,4268161.0,3224952,498126.0,376376,892248.0,674168,6.044667,50.424823749999995,64.13807483333332,74.85642033333335,100.0
00:07:58.649528,1301135.0,496696,3357737.0,1281784,473767.0,180856,733797.0,280120,3.053923,56.136434285714266,66.14632394957982,76.7372442016807,100.0
00:08:01.708073,1307037.0,499704,3384134.0,1293816,504522.0,192888,740556.0,283128,3.058545,56.136434285714266,66.14632394957982,76.7372442016807,100.0
00:08:07.771251,1294349.0,980984,3290694.0,2494008,504543.0,382392,742675.0,562872,6.063178,49.80308291666667,63.09630325,74.26890433333332,100.0
00:08:10.820462,1318930.0,502712,3291899.0,1254712,506066.0,192888,766498.0,292152,3.049211,47.80559275000001,64.30584383333333,76.12762991666666,100.0
00:08:13.874296,1025375.0,391416,2475283.0,944888,426501.0,162808,607739.0,231992,3.053834,47.80559275000001,64.30584383333333,76.12762991666666,100.0
00:08:19.932752,1116619.0,845624,2788818.0,2111992,445357.0,337272,667787.0,505720,6.058456,49.96781491666668,64.98139549999999,76.39547824999997,100.0
00:08:22.977241,1178701.0,448568,2957128.0,1125368,467330.0,177848,696550.0,265080,3.044489,48.79652033613444,63.39301739495799,75.0042405882353,100.0
00:08:26.026352,1342649.0,511736,3449850.0,1314872,506083.0,192888,758631.0,289144,3.049111,48.79652033613444,63.39301739495799,75.0042405882353,100.0
00:08:32.080097,1280466.0,968952,3264021.0,2469944,485454.0,367352,743833.0,562872,6.053745,51.70509391666667,67.494065,77.92057333333334,100.0
00:08:35.143086,1148013.0,439544,2962836.0,1134392,448795.0,171832,676630.0,259064,3.062989,52.24850108333332,69.05808233333332,79.64154608333334,100.0
00:08:38.454153,1316370.0,544824,3307733.0,1369016,480579.0,198904,756754.0,313208,3.311067,100.0,100.0,100.0,100.0
