delta_t_s,1280x720_bitrate,1280x720_size_byte,1920x1080_bitrate,1920x1080_size_byte,426x240_bitrate,426x240_size_byte,854x480_bitrate,854x480_size_byte,seg_len_s,426x240_vmaf_score,854x480_vmaf_score,1280x720_vmaf_score,1920x1080_vmaf_score
00:00:03.066667,361940.0,138744,448257.0,171832,291318.0,111672,322706.0,123704,3.066667,41.53257833333334,77.86572458333336,89.84605950000004,100.0
00:00:09.114745,1134450.0,857656,2534983.0,1916472,458057.0,346296,688827.0,520760,6.048078,21.374697500000003,63.01864291666667,80.92918941666672,100.0
00:00:12.172068,1158011.0,442552,2566909.0,980984,481111.0,183864,709368.0,271096,3.057323,21.374697500000003,63.01864291666667,80.92918941666672,100.0
00:00:15.234024,1211272.0,463608,2751642.0,1053176,503960.0,192888,716153.0,274104,3.061956,20.681662249999995,62.186134,80.96441875000002,100.0
00:00:21.300602,1246024.0,944888,2796985.0,2121016,496327.0,376376,746226.0,565880,6.066578,19.839605000000002,61.47430891666666,80.70805208333331,100.0
00:00:24.353213,1412058.0,538808,3185752.0,1215608,537035.0,204920,828709.0,316216,3.052611,19.839605000000002,61.47430891666666,80.70805208333331,100.0
00:00:27.410447,851069.0,325240,1921548.0,734328,370928.0,141752,599192.0,228984,3.057234,24.677093749999997,64.95921858333334,81.47284683333332,100.0
00:00:31.572303,920066.0,478648,2076473.0,1080248,405465.0,210936,636746.0,331256,4.161856,23.438545166666664,63.80948316666665,80.8179103333333,100.0
00:00:37.624226,887202.0,671160,1968744.0,1489336,406075.0,307192,636698.0,481656,6.051923,22.874690083333327,65.25084700000001,81.18927616666666,100.0
00:00:40.685404,763502.0,292152,1667520.0,638072,370450.0,141752,582698.0,222968,3.061178,22.77249816666667,65.8089815833333,81.15827916666665,100.0
00:00:43.751204,754501.0,289144,1727799.0,662136,369892.0,141752,581820.0,222968,3.0658,22.77249816666667,65.8089815833333,81.15827916666665,100.0
00:00:49.798415,1126654.0,851640,2559222.0,1934520,478020.0,361336,732698.0,553848,6.047211,21.886537749999995,59.78904725000003,80.12866866666667,100.0
00:00:52.854882,1260686.0,481656,2819569.0,1077240,504865.0,192888,741059.0,283128,3.056467,22.70841275000001,63.511482333333326,79.83047541666669,100.0
00:00:55.915971,928610.0,355320,2021325.0,773432,417629.0,159800,653466.0,250040,3.061089,22.70841275000001,63.511482333333326,79.83047541666669,100.0
00:01:01.981682,1055775.0,800504,2380826.0,1805176,452758.0,343288,670955.0,508728,6.065711,22.09858741666668,63.49481233333335,80.70283558333335,100.0
00:01:05.033427,923568.0,352312,1972316.0,752376,434678.0,165816,631811.0,241016,3.051745,23.05071225,64.20247116666664,80.46296983333332,100.0
00:01:08.089794,930045.0,355320,2063814.0,788472,418274.0,159800,638729.0,244024,3.056367,23.05071225,64.20247116666664,80.46296983333332,100.0
00:01:14.150794,921606.0,698232,2021379.0,1531448,425318.0,322232,655596.0,496696,6.061,23.837679833333333,64.32146691666667,80.50289849999997,100.0
00:01:17.197828,917099.0,349304,2062238.0,785464,403760.0,153784,624890.0,238008,3.047034,24.138160416666665,64.61469391666665,80.59044650000001,100.0
00:01:20.249484,986680.0,376376,2208940.0,842616,418920.0,159800,647601.0,247032,3.051656,24.138160416666665,64.61469391666665,80.59044650000001,100.0
00:01:26.305762,906431.0,686200,1999115.0,1513400,409756.0,310200,628293.0,475640,6.056278,22.965644416666674,64.32950308333328,80.04133591666664,100.0
00:01:29.371296,903714.0,346296,1994844.0,764408,409173.0,156792,636819.0,244024,3.065534,20.759736666666658,60.14200558333331,78.8653786666667,100.0
00:01:32.418230,1359404.0,517752,3002141.0,1143416,522240.0,198904,838151.0,319224,3.046934,20.759736666666658,60.14200558333331,78.8653786666667,100.0
00:01:38.469797,1046314.0,791480,2302885.0,1742008,437911.0,331256,680476.0,514744,6.051567,24.25764291666667,64.68748141666667,80.77474975,100.0
00:01:41.530607,779317.0,298168,1675582.0,641080,386219.0,147768,590630.0,225976,3.060811,23.829562749999997,65.159604,81.36988,100.0
00:01:44.596053,840940.0,322232,1939951.0,743352,409185.0,156792,621137.0,238008,3.065445,23.829562749999997,65.159604,81.36988,100.0
00:01:50.642898,1074988.0,812536,2340499.0,1769080,462130.0,349304,688967.0,520760,6.046845,23.160502749999996,64.42838541666666,81.35606316666664,100.0
00:01:53.698998,922252.0,352312,1890765.0,722296,418310.0,159800,670281.0,256056,3.0561,25.207493583333335,66.87718424999998,82.01401608333337,100.0
00:01:56.759721,779340.0,298168,1683492.0,644088,378368.0,144760,582785.0,222968,3.060723,25.207493583333335,66.87718424999998,82.01401608333337,100.0
00:02:02.825077,948716.0,719288,2059602.0,1561528,421045.0,319224,659092.0,499704,6.065356,22.501381000000002,62.43019400000001,79.91953116666666,100.0
00:02:05.876455,978883.0,373368,2130279.0,812536,395299.0,150776,631887.0,241016,3.051378,25.39855199999999,67.22509258333334,82.06211808333333,100.0
00:02:08.932466,654552.0,250040,1560099.0,595960,347454.0,132728,528563.0,201912,3.056011,25.39855199999999,67.22509258333334,82.06211808333333,100.0
00:02:14.993100,862103.0,653112,1957973.0,1483320,397550.0,301176,615930.0,466616,6.060634,24.666263583333325,63.98379674999999,81.167224,100.0
00:02:18.039767,1043585.0,397432,2283644.0,869688,466996.0,177848,680255.0,259064,3.046667,24.27700108333333,62.17547349999997,80.45028733333334,100.0
00:02:21.091056,1168188.0,445560,2564099.0,977976,497835.0,189880,718657.0,274104,3.051289,24.27700108333333,62.17547349999997,80.45028733333334,100.0
00:02:27.146979,974036.0,737336,2094599.0,1585592,441569.0,334264,652172.0,493688,6.055923,23.934826833333332,62.98831575000001,79.99674783333333,100.0
00:02:30.212146,1060838.0,406456,2309115.0,884728,464178.0,177848,676149.0,259064,3.065167,24.18926458333332,64.09505,80.77176833333331,100.0
00:02:33.258724,893540.0,340280,1944067.0,740344,427517.0,162808,640781.0,244024,3.046578,24.18926458333332,64.09505,80.77176833333331,100.0
00:02:39.309924,978773.0,740344,2040560.0,1543480,445891.0,337272,672564.0,508728,6.0512,24.001657666666674,63.109940833333326,80.38152875,100.0
00:02:42.370380,1062471.0,406456,2320532.0,887736,472755.0,180856,677190.0,259064,3.060456,23.140153083333352,62.74617575000001,79.75659366666666,100.0
00:02:45.435458,1013763.0,388408,2191416.0,839608,456340.0,174840,676169.0,259064,3.065078,23.140153083333352,62.74617575000001,79.75659366666666,100.0
00:02:51.481947,1035253.0,782456,2225222.0,1681848,474097.0,358328,689008.0,520760,6.046489,24.96490125,65.46109024999997,81.02705708333332,100.0
00:02:54.537681,890862.0,340280,1890991.0,722296,426236.0,162808,646736.0,247032,3.055734,21.346294999999984,61.0097805,78.89140683333333,100.0
00:02:57.598048,1148996.0,439544,2548630.0,974968,464906.0,177848,747978.0,286136,3.060367,21.346294999999984,61.0097805,78.89140683333333,100.0
00:03:03.663037,1416961.0,1074232,3297646.0,2500024,512328.0,388408,841646.0,638072,6.064989,23.398810916666672,62.781004083333315,80.00165841666667,100.0
00:03:06.714060,931674.0,355320,1980670.0,755384,403232.0,153784,624073.0,238008,3.051023,20.671765499999992,59.05905916666667,78.9386695833333,100.0
00:03:09.769705,1426406.0,544824,3237716.0,1236664,528626.0,201912,835762.0,319224,3.055645,20.671765499999992,59.05905916666667,78.9386695833333,100.0
00:03:15.829972,1314825.0,996024,2922992.0,2214264,516698.0,391416,778769.0,589944,6.060267,23.340966166666654,62.101307083333346,80.84536208333336,100.0
00:03:18.876272,1051610.0,400440,2299718.0,875704,427556.0,162808,672438.0,256056,3.0463,24.004529000000023,64.62248308333336,81.49137383333331,100.0
00:03:21.927206,915926.0,349304,1988615.0,758392,403244.0,153784,624092.0,238008,3.050934,24.004529000000023,64.62248308333336,81.49137383333331,100.0
00:03:27.982762,902565.0,683192,1943719.0,1471288,381988.0,289144,640290.0,484664,6.055556,24.436871999999997,66.24449941666667,81.75528391666667,100.0
00:03:31.047573,841114.0,322232,1759763.0,674168,377863.0,144760,621266.0,238008,3.064811,23.965665833333347,65.95573716666667,81.6360784166667,100.0
00:03:34.093784,830450.0,316216,1786308.0,680184,380170.0,144760,609260.0,231992,3.046211,23.965665833333347,65.95573716666667,81.6360784166667,100.0
00:03:40.144629,795890.0,601976,1750361.0,1323896,378308.0,286136,589087.0,445560,6.050845,25.123337333333335,66.86698299999999,81.95523350000003,100.0
00:03:43.204718,858139.0,328248,1856845.0,710264,402037.0,153784,645816.0,247032,3.060089,23.272200916666666,62.622380249999985,80.45800175000001,100.0
00:03:46.269429,1060996.0,406456,2372274.0,908792,448543.0,171832,676250.0,259064,3.064711,23.272200916666666,62.622380249999985,80.45800175000001,100.0
00:03:52.315552,1095017.0,827576,2432321.0,1838264,442285.0,334264,681089.0,514744,6.046123,22.954649000000003,61.93734400000003,80.89774033333333,100.0
00:03:55.370930,1048485.0,400440,2332265.0,890744,449913.0,171832,670440.0,256056,3.055378,22.547484833333332,60.66834108333334,79.81883100000002,100.0
00:03:58.430930,1188454.0,454584,2627576.0,1005048,480690.0,183864,716611.0,274104,3.06,22.547484833333332,60.66834108333334,79.81883100000002,100.0
00:04:04.495553,1095644.0,830584,2448708.0,1856312,464743.0,352312,682979.0,517752,6.064623,23.439961416666666,63.20571908333332,81.33998591666669,100.0
00:04:07.546209,1026444.0,391416,2233329.0,851640,434833.0,165816,663589.0,253048,3.050656,22.361514666666668,62.63464974999999,80.29638599999998,100.0
00:04:10.601498,1048516.0,400440,2292952.0,875704,442050.0,168824,694088.0,265080,3.055289,22.361514666666668,62.63464974999999,80.29638599999998,100.0
00:04:16.661409,1219598.0,923832,2772265.0,2099960,469076.0,355320,739105.0,559864,6.059911,23.376359666666662,61.358699916666666,80.11779908333332,100.0
00:04:19.707354,1107035.0,421496,2465893.0,938872,459207.0,174840,712018.0,271096,3.045945,22.258592083333344,60.82307933333333,79.4773806666667,100.0
00:04:22.757921,1152688.0,439544,2580482.0,983992,466399.0,177848,718827.0,274104,3.050567,22.258592083333344,60.82307933333333,79.4773806666667,100.0
00:04:28.813110,1482840.0,1122360,3430155.0,2596280,529053.0,400440,866853.0,656120,6.055189,22.38168708333333,60.079076916666686,79.91230941666672,100.0
00:04:31.877555,1147467.0,439544,2545238.0,974968,472140.0,180856,699867.0,268088,3.064445,22.066724666666673,60.809879166666654,79.60048649999996,100.0
00:04:34.923411,1138669.0,433528,2521269.0,959928,475021.0,180856,712038.0,271096,3.045856,22.066724666666673,60.809879166666654,79.60048649999996,100.0
00:04:40.973889,1165818.0,881720,2581704.0,1952568,477761.0,361336,704462.0,532792,6.050478,23.020478333333337,62.55738358333333,80.19004991666662,100.0
00:04:44.033623,1031263.0,394424,2273891.0,869688,449273.0,171832,700944.0,268088,3.059734,22.65759408333334,61.65578674999999,79.81865374999998,100.0
00:04:47.097979,1108236.0,424504,2474636.0,947896,464301.0,177848,707740.0,271096,3.064356,22.65759408333334,61.65578674999999,79.81865374999998,100.0
00:04:53.143735,1031398.0,779448,2289177.0,1729976,442312.0,334264,693071.0,523768,6.045756,23.13097575,62.15164533333333,80.34525916666662,100.0
00:04:56.198746,1080119.0,412472,2411314.0,920824,465721.0,177848,678397.0,259064,3.055011,23.586760499999993,62.52382866666667,80.51289708333336,100.0
00:04:59.258380,1070622.0,409464,2376211.0,908792,457152.0,174840,685237.0,262072,3.059634,23.586760499999993,62.52382866666667,80.51289708333336,100.0
00:05:05.322647,968727.0,734328,2127431.0,1612664,440962.0,334264,667147.0,505720,6.064267,23.35491966666667,63.22301516666667,80.76800725000001,100.0
00:05:08.372947,1073898.0,409464,2351926.0,896760,442773.0,168824,679445.0,259064,3.0503,21.52606533333334,59.66599916666666,79.05839225,100.0
00:05:11.427870,1198307.0,457592,2718591.0,1038136,489366.0,186872,733556.0,280120,3.054923,21.52606533333334,59.66599916666666,79.05839225,100.0
00:05:17.487415,1366608.0,1035128,3074247.0,2328568,500874.0,379384,794747.0,601976,6.059545,21.96321483333334,58.75881374999996,79.24498866666666,100.0
00:05:20.532993,1201983.0,457592,2719031.0,1035128,482966.0,183864,720005.0,274104,3.045578,21.41315125,59.68002675000001,79.42933350000003,100.0
00:05:23.583193,1192273.0,454584,2691243.0,1026104,458566.0,174840,718914.0,274104,3.0502,21.41315125,59.68002675000001,79.42933350000003,100.0
00:05:29.638027,1228569.0,929848,2742794.0,2075896,481392.0,364344,723827.0,547832,6.054834,22.49522050000001,60.451154166666655,80.21605541666665,100.0
00:05:32.702105,1116190.0,427512,2498422.0,956920,456489.0,174840,684243.0,262072,3.064078,21.655934583333323,61.227812000000014,80.02477900000004,100.0
00:05:35.747594,1051890.0,400440,2331936.0,887736,459275.0,174840,672617.0,256056,3.045489,21.655934583333323,61.227812000000014,80.02477900000004,100.0
00:05:41.797705,1197708.0,905784,2733003.0,2066872,477790.0,361336,732347.0,553848,6.050111,21.931221,61.50528624999999,80.32888616666666,100.0
00:05:44.857072,1180835.0,451576,2635985.0,1008056,457192.0,174840,724625.0,277112,3.059367,21.997097750000002,60.833231749999996,80.01155008333332,100.0
00:05:47.921061,1304714.0,499704,2875477.0,1101304,511479.0,195896,786363.0,301176,3.063989,21.997097750000002,60.833231749999996,80.01155008333332,100.0
00:05:53.966461,967770.0,731320,2074362.0,1567544,430396.0,325240,673210.0,508728,6.0454,23.526841249999993,62.37625491666665,80.67041616666667,100.0
00:05:57.021106,1135393.0,433528,2506137.0,956920,457899.0,174840,733623.0,280120,3.054645,22.77869983333333,61.41762083333334,79.37890541666667,100.0
00:06:00.080384,1133674.0,433528,2557403.0,977976,441474.0,168824,716780.0,274104,3.059278,22.77869983333333,61.41762083333334,79.37890541666667,100.0
00:06:06.144284,1163238.0,881720,2667262.0,2021752,460830.0,349304,726713.0,550840,6.0639,23.319426083333344,62.66752391666668,80.70407575000004,100.0
00:06:09.194218,1050357.0,400440,2304868.0,878712,427046.0,162808,663746.0,253048,3.049934,22.79546133333334,60.84849916666668,79.32105324999998,100.0
00:06:12.248774,1119670.0,427512,2506210.0,956920,434278.0,165816,686376.0,262072,3.054556,22.79546133333334,60.84849916666668,79.32105324999998,100.0
00:06:18.307963,1644692.0,1245688,3844897.0,2912120,532675.0,403448,953653.0,722296,6.059189,19.447292499999996,57.78995283333333,78.43251366666665,100.0
00:06:21.353174,1541925.0,586936,3620215.0,1378040,538340.0,204920,886039.0,337272,3.045211,20.36342166666667,58.27728641666665,78.69871574999998,100.0
00:06:24.403019,1476460.0,562872,3330666.0,1269752,545412.0,207928,861022.0,328248,3.049845,20.36342166666667,58.27728641666665,78.69871574999998,100.0
00:06:30.457486,1252491.0,947896,2810529.0,2127032,489370.0,370360,743744.0,562872,6.054467,22.511812750000004,60.57764325,80.34395100000003,100.0
00:06:33.521209,1163447.0,445560,2624383.0,1005048,448688.0,171832,692177.0,265080,3.063723,21.74007025,60.05517874999999,79.48041424999998,100.0
00:06:36.566332,1154748.0,439544,2656218.0,1011064,459331.0,174840,720112.0,274104,3.045123,21.74007025,60.05517874999999,79.48041424999998,100.0
00:06:42.616088,1197779.0,905784,2761007.0,2087928,449975.0,340280,708524.0,535800,6.049756,20.67186833333334,58.17405983333333,78.45262608333333,100.0
00:06:45.675088,1487775.0,568888,3375764.0,1290808,528047.0,201912,866311.0,331256,3.059,20.56490341666666,58.82626408333332,78.70321608333334,100.0
00:06:48.738722,1454105.0,556856,3237128.0,1239672,535103.0,204920,857146.0,328248,3.063634,20.56490341666666,58.82626408333332,78.70321608333334,100.0
00:06:54.783756,1429600.0,1080248,3205032.0,2421816,533923.0,403448,840443.0,635064,6.045034,21.17259891666666,58.990097500000005,79.60775116666669,100.0
00:06:57.838045,1427039.0,544824,3168245.0,1209592,560376.0,213944,844011.0,322232,3.054289,20.62633041666667,59.13372833333334,79.42664483333333,100.0
00:07:00.896956,1432750.0,547832,3179191.0,1215608,543796.0,207928,842736.0,322232,3.058911,20.62633041666667,59.13372833333334,79.42664483333333,100.0
00:07:06.960490,1397458.0,1059192,3131755.0,2373688,536262.0,406456,825973.0,626040,6.063534,20.07828133333333,59.30058583333331,79.37201875,100.0
00:07:10.010057,1326667.0,505720,2920640.0,1113336,498116.0,189880,790082.0,301176,3.049567,21.507581666666667,61.715109666666685,80.7549418333333,100.0
00:07:13.064256,1261622.0,481656,2766509.0,1056184,481603.0,183864,765246.0,292152,3.0542,21.507581666666667,61.715109666666685,80.7549418333333,100.0
00:07:19.123080,933852.0,707256,2121399.0,1606648,401641.0,304184,643916.0,487672,6.058823,21.786469083333337,60.50992699999999,80.01236875000002,100.0
00:07:22.167936,1241784.0,472632,2774998.0,1056184,498887.0,189880,735982.0,280120,3.044856,21.88850558333333,62.08573483333337,80.34301599999999,100.0
00:07:25.217414,971602.0,370360,2131606.0,812536,427110.0,162808,655954.0,250040,3.049478,21.88850558333333,62.08573483333337,80.34301599999999,100.0
00:07:31.271514,1312189.0,993016,2985591.0,2259384,525174.0,397432,763663.0,577912,6.0541,21.507350916666663,59.60384866666666,79.53238658333332,100.0
00:07:34.334870,1320695.0,505720,3009614.0,1152440,495874.0,189880,770814.0,295160,3.063356,21.03841275000001,59.64057558333332,79.64854216666663,100.0
00:07:37.379637,1146980.0,436536,2617012.0,996024,483095.0,183864,688583.0,262072,3.044767,21.03841275000001,59.64057558333332,79.64854216666663,100.0
00:07:43.429026,1110337.0,839608,2518522.0,1904440,461936.0,349304,680721.0,514744,6.049389,21.112902583333327,60.15722400000002,79.75404883333331,100.0
00:07:46.487671,1306994.0,499704,2943441.0,1125368,480903.0,183864,764134.0,292152,3.058645,22.660513333333334,63.140034416666644,80.04742366666666,100.0
00:07:49.550938,927950.0,355320,2051310.0,785464,417332.0,159800,645146.0,247032,3.063267,22.660513333333334,63.140034416666644,80.04742366666666,100.0
00:07:55.595605,920115.0,695224,2018879.0,1525432,422486.0,319224,633481.0,478648,6.044667,23.12814733333331,64.27908408333329,80.49792191666666,100.0
00:07:58.649528,883511.0,337272,1955150.0,746360,410729.0,156792,647120.0,247032,3.053923,22.92621841666666,63.677654749999995,80.47889516666669,100.0
00:08:01.708073,921515.0,352312,1967931.0,752376,441579.0,168824,622539.0,238008,3.058545,22.92621841666666,63.677654749999995,80.47889516666669,100.0
00:08:07.771251,945088.0,716280,2072249.0,1570552,445010.0,337272,663298.0,502712,6.063178,20.96999216666667,61.436499333333344,79.97229149999998,100.0
00:08:10.820462,1374173.0,523768,3094602.0,1179512,506066.0,192888,798066.0,304184,3.049211,20.518435750000005,59.69736858333332,79.82440666666663,100.0
00:08:13.874296,1261773.0,481656,2861399.0,1092280,497420.0,189880,733818.0,280120,3.053834,20.518435750000005,59.69736858333332,79.82440666666663,100.0
00:08:19.932752,1239750.0,938872,2816622.0,2133048,481104.0,364344,723394.0,547832,6.058456,21.234898250000008,59.87503166666672,79.8910175,100.0
00:08:22.977241,1234030.0,469624,2791141.0,1062200,498947.0,189880,736070.0,280120,3.044489,20.596548416666664,59.05506324999999,79.15492416666666,100.0
00:08:26.026352,1263728.0,481656,2865832.0,1092280,506083.0,192888,742847.0,283128,3.049111,20.596548416666664,59.05506324999999,79.15492416666666,100.0
00:08:32.080097,1252640.0,947896,2850614.0,2157112,481479.0,364344,735882.0,556856,6.053745,21.03130316666666,59.559903583333316,79.87434716666671,100.0
00:08:35.143086,1218720.0,466616,2774283.0,1062200,480221.0,183864,715912.0,274104,3.062989,20.47541991666666,59.688895583333355,79.59332241666671,100.0
00:08:38.187486,1241970.0,472632,2807031.0,1068216,483153.0,183864,743996.0,283128,3.0444,20.47541991666666,59.688895583333355,79.59332241666671,100.0
00:08:44.236509,1174055.0,887736,2653932.0,2006712,481855.0,364344,696675.0,526776,6.049023,22.338676416666672,60.25652266666666,79.84735558333333,100.0
00:08:47.294787,1228466.0,469624,2739214.0,1047160,496697.0,189880,724883.0,277112,3.058278,21.67551575,58.98863224999998,79.10764800000005,100.0
00:08:50.357687,1273752.0,487672,2900069.0,1110328,511661.0,195896,747359.0,286136,3.0629,21.67551575,58.98863224999998,79.10764800000005,100.0
00:08:56.401998,1234689.0,932856,2787382.0,2105976,498155.0,376376,733050.0,553848,6.044311,22.17286641666667,60.70123566666665,80.01367775,100.0
00:08:59.455554,986066.0,376376,2176043.0,830584,434420.0,165816,639317.0,244024,3.053556,23.11163950000001,63.31774333333333,80.89095708333335,100.0
00:09:02.513742,992440.0,379384,2219959.0,848632,425893.0,162808,622611.0,238008,3.058189,23.11163950000001,63.31774333333333,80.89095708333335,100.0
00:09:08.576554,837979.0,635064,1818351.0,1378040,401376.0,304184,607770.0,460600,6.062811,21.482323500000003,61.360859333333345,79.7726970833333,100.0
00:09:11.625399,1177017.0,448568,2637190.0,1005048,466663.0,177848,703448.0,268088,3.048845,26.6237155,63.08051866666665,81.43834108333336,100.0
00:09:15.545533,1136401.0,556856,2535994.0,1242680,479575.0,235000,718979.0,352312,3.920134,26.6237155,63.08051866666665,81.43834108333336,100.0
