delta_t_s,1280x720_bitrate,1280x720_size_byte,1920x1080_bitrate,1920x1080_size_byte,426x240_bitrate,426x240_size_byte,854x480_bitrate,854x480_size_byte,seg_len_s,426x240_vmaf_score,854x480_vmaf_score,1280x720_vmaf_score,1920x1080_vmaf_score
00:00:03.066667,369787.0,141752,463951.0,177848,291318.0,111672,330553.0,126712,3.066667,34.90134652892562,70.69499942148761,82.57962553719013,100.0
00:00:09.114745,1202090.0,908792,2757795.0,2084920,517739.0,391416,776360.0,586936,6.048078,24.13242525,60.25682275000001,75.97174524999998,100.0
00:00:12.172068,1228850.0,469624,2850263.0,1089272,528336.0,201912,780206.0,298168,3.057323,24.13242525,60.25682275000001,75.97174524999998,100.0
00:00:15.234024,1226990.0,469624,2893104.0,1107320,527537.0,201912,779026.0,298168,3.061956,23.269913499999994,59.96081674999996,75.97014425,100.0
00:00:21.300602,1182557.0,896760,2816818.0,2136056,500293.0,379384,750192.0,568888,6.066578,25.215475500000007,62.752403083333334,77.04287658333331,100.0
00:00:24.353213,1017903.0,388408,2263431.0,863672,481853.0,183864,710463.0,271096,3.052611,25.215475500000007,62.752403083333334,77.04287658333331,100.0
00:00:27.410447,1142303.0,436536,2708665.0,1035128,504738.0,192888,748744.0,286136,3.057234,19.415707583333337,58.62420124999999,75.0956199166667,100.0
00:00:33.472303,1104084.0,836600,2664192.0,2018744,496713.0,376376,734898.0,556856,6.061856,23.47470483333333,59.81156075,75.61826875000003,100.0
00:00:36.520192,1311606.0,499704,3111735.0,1185528,537867.0,204920,829993.0,316216,3.047889,23.47470483333333,59.81156075,75.61826875000003,100.0
00:00:39.572715,1230782.0,469624,2909928.0,1110328,513400.0,195896,781433.0,298168,3.052523,21.782161083333335,59.39158875000002,75.29064383333333,100.0
00:00:45.629860,1140698.0,863672,2578862.0,1952568,505045.0,382392,751361.0,568888,6.057145,28.7697845,65.1086806666667,77.74275000000002,100.0
00:00:47.762927,982892.0,262072,2144877.0,571896,486510.0,129720,723420.0,192888,2.133067,28.7697845,65.1086806666667,77.74275000000002,100.0
00:00:53.806516,1035750.0,782456,2258144.0,1705912,498215.0,376376,729156.0,550840,6.043589,33.41465591666668,67.14400299999998,77.70915474999998,100.0
00:00:56.859361,954765.0,364344,2137138.0,815544,505464.0,192888,702526.0,268088,3.052845,33.41465591666668,67.14400299999998,77.70915474999998,100.0
00:00:59.916828,1236662.0,472632,2771423.0,1059192,551923.0,210936,803781.0,307192,3.057467,27.38033258333333,61.931184083333314,76.05635741666666,100.0
00:01:05.978917,1052437.0,797496,2306827.0,1748024,496694.0,376376,726930.0,550840,6.062089,32.641103666666666,69.22123566666667,79.14452816666663,100.0
00:01:09.027040,853613.0,325240,1887818.0,719288,458879.0,174840,664141.0,253048,3.048123,32.641103666666666,69.22123566666667,79.14452816666663,100.0
00:01:12.079785,946914.0,361336,2097794.0,800504,473949.0,180856,694666.0,265080,3.052745,32.48126599999999,68.59815791666665,79.07469975000001,100.0
00:01:18.137163,953938.0,722296,2050397.0,1552504,485163.0,367352,699687.0,529784,6.057378,32.596609249999986,66.10018074999999,78.10846049999996,100.0
00:01:21.203786,1099570.0,421496,2378642.0,911800,534581.0,204920,754299.0,289144,3.066623,32.596609249999986,66.10018074999999,78.10846049999996,100.0
00:01:24.251820,1177330.0,448568,2535257.0,965944,529946.0,201912,774689.0,295160,3.048034,30.902486333333336,64.67469950000002,78.45627841666662,100.0
00:01:30.304476,1173350.0,887736,2660290.0,2012728,525299.0,397432,751918.0,568888,6.052656,29.443580499999985,64.169845,77.83796725,100.0
00:01:33.333055,1065709.0,403448,2360848.0,893752,501568.0,189880,724046.0,274104,3.028579,29.443580499999985,64.169845,77.83796725,100.0
00:01:36.389811,1236950.0,472632,2795685.0,1068216,552051.0,210936,788223.0,301176,3.056756,28.03238801652894,63.84493487603305,78.33494578512392,100.0
00:01:42.451189,957279.0,725304,2076834.0,1573560,508663.0,385400,695255.0,526776,6.061378,30.208557583333352,64.357674,78.47088033333331,100.0
00:01:45.498601,1264432.0,481656,2843740.0,1083256,545848.0,207928,806433.0,307192,3.047412,30.208557583333352,64.357674,78.47088033333331,100.0
00:01:48.550635,1191556.0,454584,2610780.0,996024,552906.0,210936,773674.0,295160,3.052034,32.426333916666664,64.34457725000003,77.64608566666662,100.0
00:01:54.607302,1089137.0,824568,2404247.0,1820216,520978.0,394424,751420.0,568888,6.056667,29.33241900000001,64.63469816666664,77.52543941666666,100.0
00:01:57.673214,1233256.0,472632,2779487.0,1065208,534705.0,204920,801567.0,307192,3.065912,29.33241900000001,64.63469816666664,77.52543941666666,100.0
00:02:00.720537,1280263.0,487672,2891203.0,1101304,553760.0,210936,814354.0,310200,3.047323,30.022510916666658,63.633427416666684,78.14823116666669,100.0
00:02:06.772482,1074082.0,812536,2350456.0,1778104,529337.0,400440,732125.0,553848,6.051945,33.85053274999999,67.58368733333332,78.29981866666667,100.0
00:02:09.833682,975742.0,373368,2084139.0,797496,519806.0,198904,708469.0,271096,3.0612,33.85053274999999,67.58368733333332,78.29981866666667,100.0
00:02:12.899505,1068460.0,409464,2363565.0,905784,526871.0,201912,738798.0,283128,3.065823,31.100798333333334,65.31289391666665,77.87307891666667,100.0
00:02:18.913406,1108886.0,833592,2425346.0,1823224,528684.0,397432,768768.0,577912,6.013901,34.26074358333334,68.40638383333331,79.17114758333334,100.0
00:02:21.960094,1011984.0,385400,2125660.0,809528,514384.0,195896,719742.0,274104,3.046688,34.26074358333334,68.40638383333331,79.17114758333334,100.0
00:02:25.011416,789627.0,301176,1688679.0,644088,474170.0,180856,655558.0,250040,3.051322,38.07767141666667,72.61631141666666,79.99615274999996,100.0
00:02:31.067360,886613.0,671160,1899885.0,1438200,497198.0,376376,691906.0,523768,6.055944,34.04600983333332,66.52844516666666,78.51962483333335,100.0
00:02:34.132560,1045125.0,400440,2246284.0,860664,534829.0,204920,723246.0,277112,3.0652,34.04600983333332,66.52844516666666,78.51962483333335,100.0
00:02:37.179160,940925.0,358328,1991444.0,758392,522297.0,198904,696067.0,265080,3.0466,35.130763916666666,68.58836516666666,79.24665033333333,100.0
00:02:43.230382,1074210.0,812536,2295063.0,1735992,533377.0,403448,736189.0,556856,6.051222,32.628822083333326,67.2772929166667,79.20982208333335,100.0
00:02:46.290859,1023150.0,391416,2163260.0,827576,512066.0,195896,724362.0,277112,3.060477,32.628822083333326,67.2772929166667,79.20982208333335,100.0
00:02:49.355959,903842.0,346296,1924468.0,737336,487741.0,186872,691866.0,265080,3.0651,34.42772824999999,69.77291466666665,79.28272508333332,100.0
00:02:55.402470,844218.0,638072,1803354.0,1363000,486035.0,367352,681045.0,514744,6.046511,34.56052791666668,68.84430225,79.3256491666667,100.0
00:02:58.458236,977477.0,373368,2064220.0,788472,528605.0,201912,709729.0,271096,3.055766,34.56052791666668,68.84430225,79.3256491666667,100.0
00:03:01.518624,1235482.0,472632,2682284.0,1026104,559259.0,213944,826603.0,316216,3.060388,30.718384249999996,65.06543374999998,78.09725825,100.0
00:03:07.550624,1053697.0,794488,2258493.0,1702904,519119.0,391416,734546.0,553848,6.032,31.550611416666673,65.57625033333333,78.31213891666667,100.0
00:03:10.615101,1116045.0,427512,2435276.0,932856,519250.0,198904,754827.0,289144,3.064477,31.550611416666673,65.57625033333333,78.31213891666667,100.0
00:03:16.660978,1282132.0,968952,2870245.0,2169144,561710.0,424504,824405.0,623032,6.045877,30.281206833333336,64.40746750000001,78.2916125,100.0
00:03:19.716111,1150965.0,439544,2576626.0,983992,520838.0,198904,757136.0,289144,3.055133,32.044285833333326,64.64464149999996,77.65521375000007,100.0
00:03:22.775866,1141361.0,436536,2494087.0,953912,567240.0,216952,779586.0,298168,3.059755,32.044285833333326,64.64464149999996,77.65521375000007,100.0
00:03:28.840255,1151240.0,872696,2559909.0,1940536,528251.0,400440,762367.0,577912,6.064389,32.04677174999999,65.42459774999999,78.69244433333331,100.0
00:03:31.890666,1065970.0,406456,2391284.0,911800,505867.0,192888,718864.0,274104,3.050411,37.66054508333332,69.12492708333335,79.45140633333337,100.0
00:03:34.945710,969832.0,370360,2127723.0,812536,481469.0,183864,686267.0,262072,3.055044,37.66054508333332,69.12492708333335,79.45140633333337,100.0
00:03:41.005376,1009175.0,764408,2212441.0,1675832,481008.0,364344,699423.0,529784,6.059666,32.64800933333332,66.54665874999996,78.37549866666669,100.0
00:03:44.051076,1170331.0,445560,2537200.0,965944,538253.0,204920,791085.0,301176,3.0457,32.37776424999999,65.4174555,78.60135533333332,100.0
00:03:47.101398,1318449.0,502712,2951473.0,1125368,568994.0,216952,837220.0,319224,3.050322,32.37776424999999,65.4174555,78.60135533333332,100.0
00:03:53.123409,1119381.0,842616,2478024.0,1865336,523976.0,394424,747752.0,562872,6.022011,30.47367983333332,63.87048383333332,78.22015300000001,100.0
00:03:56.177887,1111820.0,424504,2466883.0,941880,544585.0,207928,741542.0,283128,3.054478,29.607282333333323,65.16966441666663,78.22364008333334,100.0
00:03:59.236987,1062942.0,406456,2321561.0,887736,488697.0,186872,708956.0,271096,3.0591,29.607282333333323,65.16966441666663,78.22364008333334,100.0
00:04:05.300720,1064057.0,806520,2341918.0,1775096,512434.0,388408,730702.0,553848,6.063733,29.537256416666654,65.54235508333333,78.15347208333331,100.0
00:04:08.350487,1295018.0,493688,2888886.0,1101304,576988.0,219960,837372.0,319224,3.049767,32.423767083333324,65.44800308333333,78.32315825,100.0
00:04:11.404876,954283.0,364344,2025758.0,773432,528844.0,201912,678535.0,259064,3.054389,32.423767083333324,65.44800308333333,78.32315825,100.0
00:04:17.463887,1267438.0,959928,2828279.0,2142072,568436.0,430520,818647.0,620024,6.059011,28.754133333333332,63.669005750000025,77.878581,100.0
00:04:20.508932,1281221.0,487672,2861756.0,1089272,577883.0,219960,846574.0,322232,3.045045,30.567012499999986,63.58091958333331,77.592887,100.0
00:04:23.558599,1310842.0,499704,2904763.0,1107320,592788.0,225976,845290.0,322232,3.049667,30.567012499999986,63.58091958333331,77.592887,100.0
00:04:29.612899,1113411.0,842616,2440959.0,1847288,529131.0,400440,743764.0,562872,6.0543,34.41660416666668,65.25366516666669,77.82763824999994,100.0
00:04:32.676444,1257774.0,481656,2765925.0,1059192,558683.0,213944,817896.0,313208,3.063545,35.72077208333332,67.39707583333335,79.0767215833333,100.0
00:04:35.688067,1055728.0,397432,2230313.0,839608,488411.0,183864,736113.0,277112,3.011623,35.72077208333332,67.39707583333335,79.0767215833333,100.0
00:04:41.751089,1211034.0,917816,2651773.0,2009720,548215.0,415480,786353.0,595960,6.063022,33.511312249999996,65.74881641666666,78.70432466666665,100.0
00:04:44.800145,1042767.0,397432,2210824.0,842616,521876.0,198904,727076.0,277112,3.049056,33.596557355371885,65.80976057851242,78.48359702479341,100.0
00:04:47.853823,1143633.0,436536,2459648.0,938872,528967.0,201912,765377.0,292152,3.053678,33.596557355371885,65.80976057851242,78.48359702479341,100.0
00:04:53.912123,1156369.0,875704,2530705.0,1916472,528782.0,400440,763134.0,577912,6.0583,33.11391233333334,66.10419325000001,78.64363208333334,100.0
00:04:56.956456,1020671.0,388408,2182636.0,830584,506877.0,192888,720299.0,274104,3.044333,34.768621499999995,67.13354216666667,78.03963958333331,100.0
00:05:00.005412,1050694.0,400440,2289822.0,872696,514001.0,195896,734992.0,280120,3.048956,34.768621499999995,67.13354216666667,78.03963958333331,100.0
00:05:06.059001,1081741.0,818552,2349817.0,1778104,505342.0,382392,739877.0,559864,6.053589,33.85154483333331,67.79230250000002,78.64918383333334,100.0
00:05:09.121834,1045933.0,400440,2279447.0,872696,495959.0,189880,747376.0,286136,3.062833,31.83724849999999,64.73773149999998,77.21175091666666,100.0
00:05:12.166079,1281557.0,487672,2870412.0,1092280,554320.0,210936,830986.0,316216,3.044245,31.83724849999999,64.73773149999998,77.21175091666666,100.0
00:05:18.214946,1285477.0,971960,2876783.0,2175160,553476.0,418488,827976.0,626040,6.048867,33.51750866666666,63.75115833333332,77.20359158333333,100.0
00:05:21.239735,1273889.0,481656,2857053.0,1080248,573797.0,216952,836332.0,316216,3.024789,29.507844833333333,62.42892291666668,76.51873083333331,100.0
00:05:24.292691,1340958.0,511736,3019866.0,1152440,560621.0,213944,844380.0,322232,3.052956,29.507844833333333,62.42892291666668,76.51873083333331,100.0
00:05:30.350269,1128699.0,854648,2578678.0,1952568,516927.0,391416,747334.0,565880,6.057578,29.282310416666654,64.61562191666665,77.39806724999998,100.0
00:05:33.393880,1036726.0,394424,2388720.0,908792,491184.0,186872,720470.0,274104,3.043611,32.31501383333334,65.65145891666668,78.22090991666666,100.0
00:05:36.442125,1090411.0,415480,2440349.0,929848,506227.0,192888,727269.0,277112,3.048245,32.31501383333334,65.65145891666668,78.22090991666666,100.0
00:05:42.494992,1022235.0,773432,2238780.0,1693880,497451.0,376376,732014.0,553848,6.052867,30.243564749999987,66.965989,78.18394816666668,100.0
00:05:45.557114,1077610.0,412472,2413573.0,923832,503932.0,192888,755408.0,289144,3.062122,29.446244000000004,64.11276724999999,77.37247100000003,100.0
00:05:48.600636,1186982.0,451576,2649709.0,1008056,538639.0,204920,791651.0,301176,3.043522,29.446244000000004,64.11276724999999,77.37247100000003,100.0
00:05:54.648781,1086693.0,821560,2467316.0,1865336,501818.0,379384,756458.0,571896,6.048145,30.90005441666668,65.582101,78.35390899999997,100.0
00:05:57.706181,1039921.0,397432,2338593.0,893752,488969.0,186872,717221.0,274104,3.0574,31.088826583333347,67.56736874999997,78.76195233333333,100.0
00:06:00.768203,975480.0,373368,2193604.0,839608,464655.0,177848,692561.0,265080,3.062022,31.088826583333347,67.56736874999997,78.76195233333333,100.0
00:06:06.801526,1013581.0,764408,2230078.0,1681848,479120.0,361336,718431.0,541816,6.033323,29.302241416666668,64.24421258333334,77.99731008333329,100.0
00:06:09.867637,1241024.0,475640,2771458.0,1062200,526822.0,201912,785818.0,301176,3.066111,28.278099500000014,61.698942833333334,76.74395233333331,100.0
00:06:12.915160,1390726.0,529784,3104212.0,1182520,561620.0,213944,877470.0,334264,3.047523,28.278099500000014,61.698942833333334,76.74395233333331,100.0
00:06:18.967305,1404064.0,1062200,3153552.0,2385720,584985.0,442552,879217.0,665144,6.052145,31.499867749999996,64.20816474999998,77.7695255,100.0
00:06:22.028705,1125027.0,430520,2539909.0,971960,496191.0,189880,739865.0,283128,3.0614,31.141736115702447,63.59549181818184,77.30097785123968,100.0
00:06:25.094728,1225363.0,469624,2716598.0,1041144,534686.0,204920,777992.0,298168,3.066023,31.141736115702447,63.59549181818184,77.30097785123968,100.0
00:06:31.142162,1385261.0,1047160,3124175.0,2361656,557586.0,421496,860006.0,650104,6.047434,28.927669416666657,62.082623916666655,76.79376866666668,100.0
00:06:34.198840,1260599.0,481656,2850864.0,1089272,528448.0,201912,788243.0,301176,3.056678,29.521606083333335,62.304731666666676,77.19341391666671,100.0
00:06:37.260151,1258692.0,481656,2877993.0,1101304,519787.0,198904,771329.0,295160,3.061311,29.521606083333335,62.304731666666676,77.19341391666671,100.0
00:06:43.326085,1265992.0,959928,2860755.0,2169144,532083.0,403448,789943.0,598968,6.065934,30.70495783333332,63.214672916666665,77.67963875000005,100.0
00:06:46.378052,1254661.0,478648,2855265.0,1089272,521379.0,198904,781575.0,298168,3.051967,30.10872658333333,63.27859749999998,77.18241858333332,100.0
00:06:49.434641,1229145.0,469624,2787965.0,1065208,512717.0,195896,764648.0,292152,3.056589,30.10872658333333,63.27859749999998,77.18241858333332,100.0
00:06:55.462852,1198068.0,902776,2707005.0,2039800,511461.0,385400,778918.0,586936,6.028211,29.739831499999998,64.38817675000001,77.4173085,100.0
00:06:58.523541,1046666.0,400440,2383254.0,911800,464857.0,177848,692863.0,265080,3.060689,30.689203666666664,65.49095041666664,77.86531916666668,100.0
00:07:01.588852,1092190.0,418488,2426763.0,929848,503408.0,192888,738921.0,283128,3.065311,30.689203666666664,65.49095041666664,77.86531916666668,100.0
00:07:07.635575,1258075.0,950904,2786270.0,2105976,533774.0,403448,804392.0,607992,6.046723,30.698012583333348,64.41369925000002,78.29676524999998,100.0
00:07:10.691542,1221521.0,466616,2670416.0,1020088,560068.0,213944,804176.0,307192,3.055967,33.72553566666666,64.61279091666668,77.61882124999998,100.0
00:07:13.752142,1125321.0,430520,2461948.0,941880,543496.0,207928,755783.0,289144,3.0606,33.72553566666666,64.61279091666668,77.61882124999998,100.0
00:07:18.744420,1171921.0,731320,2569792.0,1603640,545290.0,340280,776661.0,484664,4.992278,32.78816,57.41297,70.43646,100.0
