delta_t_s,1280x720_bitrate,1280x720_size_byte,1920x1080_bitrate,1920x1080_size_byte,426x240_bitrate,426x240_size_byte,854x480_bitrate,854x480_size_byte,seg_len_s,426x240_vmaf_score,854x480_vmaf_score,1280x720_vmaf_score,1920x1080_vmaf_score
00:00:03.069733,369418.0,141752,463487.0,177848,291027.0,111672,330222.0,126712,3.069733,43.886293583333334,75.1414070833333,84.91275583333335,100.0
00:00:09.126876,576556.0,436536,1478389.0,1119352,262703.0,198904,421616.0,319224,6.057144,35.48743241666667,62.23273983333332,76.53854049999998,100.0
00:00:12.196266,879059.0,337272,3113458.0,1194552,314579.0,120696,479219.0,183864,3.069389,35.48743241666667,62.23273983333332,76.53854049999998,100.0
00:00:15.250066,1230267.0,469624,3704593.0,1414136,442266.0,168824,718066.0,274104,3.0538,24.643131666666655,57.09615024999995,73.96723875000002,100.0
00:00:21.314488,1421062.0,1077240,4500277.0,3411448,476663.0,361336,806012.0,611000,6.064422,26.138345583333333,58.02295058333335,74.36232500000001,100.0
00:00:24.367943,1096431.0,418488,2704136.0,1032120,450196.0,171832,678743.0,259064,3.053455,26.138345583333333,58.02295058333335,74.36232500000001,100.0
00:00:27.429020,1093701.0,418488,2571622.0,983992,496243.0,189880,684914.0,262072,3.061077,43.82135083333334,65.80277483333334,78.63305783333335,100.0
00:00:33.500731,1149851.0,872696,2945225.0,2235320,448348.0,340280,690109.0,523768,6.071711,30.99944574999999,59.50695016666666,74.9312921666667,100.0
00:00:36.561464,1400448.0,535800,4034275.0,1543480,504161.0,192888,802924.0,307192,3.060733,30.572802583333328,60.51366600000001,75.369214,100.0
00:00:39.629830,1302853.0,499704,3514469.0,1347960,479379.0,183864,777398.0,298168,3.068366,30.572802583333328,60.51366600000001,75.369214,100.0
00:00:45.685596,1343618.0,1017080,3791438.0,2870008,485292.0,367352,783322.0,592952,6.055766,23.371817750000005,56.479335416666665,72.29775575,100.0
00:00:50.322618,1469287.0,851640,5335493.0,3092600,478086.0,277112,810216.0,469624,4.637022,22.65836708333334,55.92641866666666,71.73997891666671,100.0
00:00:53.388307,1288292.0,493688,4577215.0,1754040,424851.0,162808,715281.0,274104,3.065689,23.356866999999998,56.55097808333334,72.65987425000002,100.0
00:00:56.438407,1286987.0,490680,4466487.0,1702904,442802.0,168824,711048.0,271096,3.0501,23.356866999999998,56.55097808333334,72.65987425000002,100.0
00:01:02.499129,1592660.0,1206584,5150214.0,3901752,520629.0,394424,893855.0,677176,6.060722,28.50421941666666,58.08673966666665,73.45981508333334,100.0
00:01:05.548884,1437051.0,547832,4238168.0,1615672,505976.0,192888,829485.0,316216,3.049755,25.67739950000001,58.86883966666667,74.45651858333332,100.0
00:01:08.606261,1425598.0,544824,4455856.0,1702904,473231.0,180856,795934.0,304184,3.057377,25.67739950000001,58.86883966666667,74.45651858333332,100.0
00:01:14.674261,1404361.0,1065208,3855177.0,2924152,492245.0,373368,817434.0,620024,6.068,24.324166750000003,58.236699166666654,74.39300025000001,100.0
00:01:17.731294,1252581.0,478648,3551113.0,1356984,449669.0,171832,717307.0,274104,3.057033,25.379120749999995,58.58797866666667,74.49756733333332,100.0
00:01:20.795960,1257314.0,481656,3589381.0,1375032,456402.0,174840,739076.0,283128,3.064666,25.379120749999995,58.58797866666667,74.49756733333332,100.0
00:01:26.848026,1400106.0,1059192,3710256.0,2806840,497517.0,376376,819586.0,620024,6.052066,25.9033625,58.42521608333334,74.70242416666666,100.0
00:01:29.912348,1422367.0,544824,3699726.0,1417144,503571.0,192888,841248.0,322232,3.064322,27.000975333333326,58.937272666666665,74.56250141666665,100.0
00:01:32.427203,1398232.0,439544,3799986.0,1194552,508339.0,159800,824107.0,259064,2.514855,27.000975333333326,58.937272666666665,74.56250141666665,100.0
00:01:38.487614,1457738.0,1104312,4574728.0,3465592,480949.0,364344,822428.0,623032,6.060411,25.397351333333336,56.000968416666645,72.10464416666669,100.0
00:01:41.537058,1547676.0,589944,4688403.0,1787128,521810.0,198904,876917.0,334264,3.049444,29.17446495798319,58.58441159663865,74.22722100840333,100.0
00:01:44.594124,1189595.0,454584,2944962.0,1125368,457536.0,174840,709427.0,271096,3.057066,29.17446495798319,58.58441159663865,74.22722100840333,100.0
00:01:50.661824,1099054.0,833592,2812331.0,2133048,464508.0,352312,682633.0,517752,6.0677,26.96302266666667,58.286303333333336,74.4248311666667,100.0
00:01:53.718546,1260581.0,481656,3394025.0,1296824,489078.0,186872,756742.0,289144,3.056722,27.51604574999999,59.701787416666654,74.4441399166667,100.0
00:01:56.782901,1076825.0,412472,3346306.0,1281784,425036.0,162808,652770.0,250040,3.064355,27.51604574999999,59.701787416666654,74.4441399166667,100.0
00:02:02.834656,1213289.0,917816,3579227.0,2707576,473684.0,358328,728172.0,550840,6.051755,26.38603725,56.140694916666654,72.72925366666665,100.0
00:02:05.898667,1037677.0,397432,2757650.0,1056184,432938.0,165816,637136.0,244024,3.064011,30.635881499999993,59.188549416666675,74.39387649999999,100.0
00:02:08.947078,1106139.0,421496,2819126.0,1074232,474623.0,180856,687760.0,262072,3.048411,30.635881499999993,59.188549416666675,74.39387649999999,100.0
00:02:15.006122,1001335.0,758392,2407276.0,1823224,441342.0,334264,631978.0,478648,6.059044,28.037798916666652,59.60983758333332,74.39395583333332,100.0
00:02:18.054199,979943.0,373368,2527327.0,962936,419411.0,159800,640466.0,244024,3.048077,28.171323499999996,59.07450566666668,73.28287891666669,100.0
00:02:21.543899,986950.0,430520,2600549.0,1134392,414605.0,180856,642164.0,280120,3.4897,28.171323499999996,59.07450566666668,73.28287891666669,100.0
00:02:27.603043,993375.0,752376,2522410.0,1910456,425448.0,322232,627996.0,475640,6.059144,31.573974000000014,59.66464075000001,74.51661925000002,100.0
00:02:30.651220,1122013.0,427512,2645662.0,1008056,482554.0,183864,703602.0,268088,3.048177,35.67909491666666,63.181722333333354,77.66983966666666,100.0
00:02:33.707020,1024716.0,391416,2465815.0,941880,473476.0,180856,646722.0,247032,3.0558,35.67909491666666,63.181722333333354,77.66983966666666,100.0
00:02:39.773453,1222253.0,926840,3062823.0,2322552,496339.0,376376,746244.0,565880,6.066433,34.148282916666666,61.49968641666667,76.09209541666664,100.0
00:02:42.828919,1142964.0,436536,2970131.0,1134392,465652.0,177848,686172.0,262072,3.055466,32.9816355,62.20832816666666,76.34199150000002,100.0
00:02:45.892008,1037990.0,397432,2569933.0,983992,425212.0,162808,645183.0,247032,3.063089,32.9816355,62.20832816666666,76.34199150000002,100.0
00:02:51.942497,879458.0,665144,2068640.0,1564536,410148.0,310200,593099.0,448568,6.050489,39.82579683333332,66.513019,78.91579750000002,100.0
00:02:55.005241,880966.0,337272,1933805.0,740344,433117.0,165816,574543.0,219960,3.062744,38.16147933333334,66.89919058333335,78.87230566666666,100.0
00:02:58.052396,830193.0,316216,1848932.0,704248,395847.0,150776,553791.0,210936,3.047155,38.16147933333334,66.89919058333335,78.87230566666666,100.0
00:03:03.576306,1076559.0,743352,2474942.0,1708920,471028.0,325240,693201.0,478648,5.52391,27.99088291666666,60.93443558333333,76.56882641666665,100.0
00:03:06.624172,1256349.0,478648,3609166.0,1375032,451022.0,171832,727360.0,277112,3.047866,27.99088291666666,60.93443558333333,76.56882641666665,100.0
00:03:09.679661,1387101.0,529784,4238090.0,1618680,473524.0,180856,796426.0,304184,3.055489,27.79861416666667,59.12845316666664,74.89866575000002,100.0
00:03:15.745783,1222316.0,926840,4923480.0,3733304,401157.0,304184,643141.0,487672,6.066122,22.224972166666664,48.78500366666666,64.94030758333334,100.0
00:03:18.800938,1213969.0,463608,4711145.0,1799160,402687.0,153784,654736.0,250040,3.055155,22.224972166666664,48.78500366666666,64.94030758333334,100.0
00:03:21.863715,1163806.0,445560,3843016.0,1471288,417398.0,159800,645249.0,247032,3.062777,24.62685450000001,51.21290799999999,68.36092316666667,100.0
00:03:27.913892,1336905.0,1011064,5175100.0,3913784,438011.0,331256,700520.0,529784,6.050177,23.036067999999997,54.363521249999984,71.40533933333334,100.0
00:03:30.976325,1163937.0,445560,4527077.0,1732984,425303.0,162808,645322.0,247032,3.062433,23.036067999999997,54.363521249999984,71.40533933333334,100.0
00:03:34.023169,1193586.0,454584,4510750.0,1717944,427479.0,162808,672317.0,256056,3.046844,23.389769249999997,55.52263308333335,72.01871449999999,100.0
00:03:40.080635,1259816.0,953912,4366404.0,3306168,441457.0,334264,703650.0,532792,6.057466,24.52767799999999,51.92672024999999,68.24871316666666,100.0
00:03:43.150357,1749109.0,671160,5660843.0,2172152,494846.0,189880,941677.0,361336,3.069722,24.52767799999999,51.92672024999999,68.24871316666666,100.0
00:03:46.204479,1631976.0,623032,6091596.0,2325560,481615.0,183864,828299.0,316216,3.054122,14.51875741666667,38.53904650000001,57.88496325000001,100.0
00:03:52.703223,1451987.0,1179512,5606607.0,4554488,437401.0,355320,741036.0,601976,6.498744,20.474797916666677,46.979935916666655,64.96246583333333,100.0
00:03:55.749823,1533323.0,583928,5861779.0,2232312,482804.0,183864,806648.0,307192,3.0466,22.991491583333335,53.795961166666665,70.85592416666667,100.0
00:03:58.804045,1513739.0,577912,5681693.0,2169144,497357.0,189880,828272.0,316216,3.054222,22.991491583333335,53.795961166666665,70.85592416666667,100.0
00:04:04.868900,1484445.0,1125368,5733935.0,4346936,468693.0,355320,778180.0,589944,6.064855,24.012996583333347,51.55316341666669,68.24777241666665,100.0
00:04:07.922789,1600582.0,611000,5855667.0,2235320,473772.0,180856,820482.0,313208,3.053889,18.227682666666666,41.021384666666656,59.60329425000001,100.0
00:04:10.984300,1628037.0,623032,6092615.0,2331576,496173.0,189880,826300.0,316216,3.061511,18.227682666666666,41.021384666666656,59.60329425000001,100.0
00:04:17.056433,1490591.0,1131384,5144498.0,3904760,472095.0,358328,773284.0,586936,6.072133,19.851571166666666,44.441843250000005,63.14533600000003,100.0
00:04:20.117599,1510305.0,577912,5315057.0,2033784,480507.0,183864,794949.0,304184,3.061166,26.571136583333324,55.22222133333333,71.71059466666667,100.0
00:04:23.186399,1459499.0,559864,4447111.0,1705912,487153.0,186872,785130.0,301176,3.0688,26.571136583333324,55.22222133333333,71.71059466666667,100.0
00:04:29.242599,1319681.0,999032,3822954.0,2894072,469363.0,355320,767372.0,580920,6.0562,28.170254499999988,54.507856833333335,71.06109175,100.0
00:04:32.311054,1279288.0,490680,4377030.0,1678840,455838.0,174840,698952.0,268088,3.068455,19.99807399999999,47.62972591666668,65.00364633333334,100.0
00:04:34.830042,1395938.0,439544,5570618.0,1754040,411974.0,129720,698566.0,219960,2.518988,19.99807399999999,47.62972591666668,65.00364633333334,100.0
00:04:40.894586,1591656.0,1206584,5139032.0,3895736,496493.0,376376,877419.0,665144,6.064544,26.47087466666667,56.743140833333335,71.40011875,100.0
00:04:43.948163,1600745.0,611000,4453520.0,1699896,521104.0,198904,930895.0,355320,3.053577,26.47087466666667,56.743140833333335,71.40011875,100.0
00:04:47.009363,1565315.0,598968,4859061.0,1859320,535528.0,204920,873550.0,334264,3.0612,29.34165558333332,57.46788125,72.45104991666666,100.0
00:04:53.081185,1494631.0,1134392,4653322.0,3531768,511751.0,388408,840699.0,638072,6.071822,24.630285249999993,55.99951491666666,72.09276641666663,100.0
00:04:56.142040,1313912.0,502712,4364312.0,1669816,472694.0,180856,755720.0,289144,3.060855,24.630285249999993,55.99951491666666,72.09276641666663,100.0
00:04:59.210529,1342012.0,514744,3780967.0,1450232,479360.0,183864,785209.0,301176,3.068489,32.24406250000002,58.67188283333332,73.99993241666667,100.0
00:05:05.266418,1295907.0,980984,3632415.0,2749688,469387.0,355320,735622.0,556856,6.055889,28.51683789915967,53.76537075630254,69.2952098319328,100.0
00:05:08.334562,1177457.0,451576,3248056.0,1245688,432355.0,165816,683336.0,262072,3.068144,28.51683789915967,53.76537075630254,69.2952098319328,100.0
00:05:11.387106,1191357.0,454584,3516919.0,1341944,426681.0,162808,678945.0,259064,3.052544,28.763873249999996,54.109266999999996,69.42779233333334,100.0
00:05:17.450283,1258629.0,953912,4028905.0,3053496,441041.0,334264,695049.0,526776,6.063177,33.537669750000006,57.34409200000001,71.23570491666669,100.0
00:05:20.502483,1270333.0,484664,3879986.0,1480312,442497.0,168824,718443.0,274104,3.0522,33.537669750000006,57.34409200000001,71.23570491666669,100.0
00:05:23.996316,1240622.0,541816,3582394.0,1564536,462327.0,201912,717167.0,313208,3.493833,36.60957958333333,61.64904141666667,74.91611925000001,100.0
00:05:30.059593,1421330.0,1077240,4830538.0,3661112,480722.0,364344,774414.0,586936,6.063277,25.682659,55.06390175000002,70.79945250000002,100.0
00:05:33.111904,1632945.0,623032,5645830.0,2154104,481901.0,183864,820907.0,313208,3.052311,21.987994666666665,51.57623266666668,68.40756583333335,100.0
00:05:36.171837,1707519.0,653112,6213720.0,2376696,457108.0,174840,866047.0,331256,3.059933,21.987994666666665,51.57623266666668,68.40756583333335,100.0
00:05:42.242392,1574224.0,1194552,5316290.0,4034104,503930.0,382392,840874.0,638072,6.070555,30.532998166666676,50.17941808333331,65.11606358333334,100.0
00:05:45.301981,1503218.0,574904,4987462.0,1907448,512215.0,195896,795359.0,304184,3.059589,26.424220249999994,52.126081166666644,67.37915983333332,100.0
00:05:48.369203,1444559.0,553848,4982895.0,1910456,518786.0,198904,809070.0,310200,3.067222,26.424220249999994,52.126081166666644,67.37915983333332,100.0
00:05:54.423825,1359770.0,1029112,5067964.0,3835576,453588.0,343288,731801.0,553848,6.054622,27.189740250000007,54.48273849999998,70.11267133333332,100.0
00:05:57.490702,1460414.0,559864,5846562.0,2241336,463919.0,177848,769929.0,295160,3.066877,27.462199083333346,53.99597258333335,69.66583424999997,100.0
00:06:00.541979,1467881.0,559864,5805474.0,2214264,450518.0,171832,758093.0,289144,3.051277,27.462199083333346,53.99597258333335,69.66583424999997,100.0
00:06:06.070023,1593770.0,1101304,6342977.0,4383032,479382.0,331256,814569.0,562872,5.528044,31.77246958333335,56.10982683333334,70.39052891666667,100.0
00:06:09.122023,1530610.0,583928,4810631.0,1835256,497719.0,189880,836760.0,319224,3.052,31.77246958333335,56.10982683333334,70.39052891666667,100.0
00:06:12.181645,1573987.0,601976,5388524.0,2060856,527939.0,201912,834675.0,319224,3.059622,28.25157691666667,51.54863625000001,65.52275824999997,100.0
00:06:18.251900,1578266.0,1197560,5772441.0,4380024,499990.0,379384,829023.0,629048,6.070255,27.425027249999978,52.459672583333344,67.35680733333332,100.0
00:06:21.311177,1605629.0,614008,6356639.0,2430840,488669.0,186872,811172.0,310200,3.059277,27.425027249999978,52.459672583333344,67.35680733333332,100.0
00:06:24.378088,1703634.0,653112,6074041.0,2328568,518838.0,198904,879769.0,337272,3.066911,26.936313166666668,51.11158224999997,66.33810983333332,100.0
00:06:30.432399,1646017.0,1245688,5720073.0,4328888,541054.0,409464,870953.0,659128,6.054311,29.11858083333334,52.554368333333315,67.24534583333332,100.0
00:06:33.498965,1680284.0,644088,5407711.0,2072888,542438.0,207928,903410.0,346296,3.066566,29.11858083333334,52.554368333333315,67.24534583333332,100.0
00:06:36.549931,1625777.0,620024,6287194.0,2397752,450564.0,171832,821269.0,313208,3.050966,24.075102499999993,53.956570000000006,69.92013191666665,100.0
00:06:42.611531,1524941.0,1155448,5224896.0,3958904,457035.0,346296,798447.0,604984,6.0616,25.98202391666667,56.33562474999999,72.27680716666664,100.0
00:06:45.662164,1160551.0,442552,3598004.0,1372024,434836.0,165816,671482.0,256056,3.050633,25.98202391666667,56.33562474999999,72.27680716666664,100.0
00:06:48.720419,1228475.0,469624,3809356.0,1456248,433753.0,165816,701283.0,268088,3.058255,35.88017764705882,62.491321344537845,76.25335554621849,100.0
00:06:55.223296,1358551.0,1104312,3782389.0,3074552,507433.0,412472,803474.0,653112,6.502877,31.202408000000005,59.78898391666668,74.46426608333331,100.0
00:06:58.274029,1278832.0,487672,3211377.0,1224632,482150.0,183864,766116.0,292152,3.050733,26.10674108333332,55.63155341666667,72.20926441666668,100.0
00:07:01.332384,1283513.0,490680,3250584.0,1242680,488817.0,186872,756338.0,289144,3.058355,26.10674108333332,55.63155341666667,72.20926441666668,100.0
00:07:07.401373,1289145.0,977976,3291508.0,2497016,480269.0,364344,765755.0,580920,6.068989,30.23208766666666,59.91247733333333,75.55352091666666,100.0
00:07:10.459395,1212831.0,463608,3730955.0,1426168,449524.0,171832,693467.0,265080,3.058022,26.595033916666672,57.10325183333336,73.20961683333331,100.0
00:07:13.525039,1201966.0,460600,3949317.0,1513400,440557.0,168824,676044.0,259064,3.065644,26.595033916666672,57.10325183333336,73.20961683333331,100.0
00:07:19.578083,1296516.0,980984,4961946.0,3754360,421902.0,319224,676335.0,511736,6.053044,28.728395666666668,56.7968325,72.04196825000001,100.0
00:07:22.643383,1359110.0,520760,4130320.0,1582584,432756.0,165816,762475.0,292152,3.0653,30.493542833333333,58.26553641666668,73.0912494166667,100.0
00:07:25.693094,1239807.0,472632,3733232.0,1423160,434968.0,165816,703248.0,268088,3.049711,30.493542833333333,58.26553641666668,73.0912494166667,100.0
00:07:31.753427,1481581.0,1122360,5396730.0,4088248,457131.0,346296,762878.0,577912,6.060333,21.237530833333334,52.85278683333334,69.89588091666666,100.0
00:07:34.802793,1602956.0,611000,5288275.0,2015736,498149.0,189880,837482.0,319224,3.049366,33.181158833333335,60.02706083333331,74.34086666666664,100.0
00:07:37.325915,1393651.0,439544,4674513.0,1474296,478061.0,150776,754646.0,238008,2.523122,33.181158833333335,60.02706083333331,74.34086666666664,100.0
00:07:43.394592,1697635.0,1287800,6114956.0,4638712,480294.0,364344,880787.0,668152,6.068677,22.392701833333323,50.81043183333336,67.46696358333335,100.0
00:07:46.452303,1606451.0,614008,6115926.0,2337592,449570.0,171832,819457.0,313208,3.057711,22.392701833333323,50.81043183333336,67.46696358333335,100.0
00:07:49.517636,1531803.0,586936,6037916.0,2313528,440602.0,168824,738916.0,283128,3.065333,23.125483166666676,51.41242458333328,68.19538366666666,100.0
00:07:55.570369,1467539.0,1110328,6131064.0,4638712,425899.0,322232,712151.0,538808,6.052733,25.121953416666674,53.87369916666667,69.57225091666665,100.0
00:07:58.635358,1531975.0,586936,6329090.0,2424824,448502.0,171832,754701.0,289144,3.064989,25.121953416666674,53.87369916666667,69.57225091666665,100.0
00:08:01.684758,1484567.0,565880,6211509.0,2367672,427121.0,162808,719102.0,274104,3.0494,24.26726966666667,53.11007508333334,69.39433583333334,100.0
00:08:07.744780,1545193.0,1170488,6187225.0,4686840,425387.0,322232,747033.0,565880,6.060022,21.359349083333353,48.561284833333325,65.96672133333337,100.0
00:08:10.793835,1595227.0,607992,6196427.0,2361656,419277.0,159800,750753.0,286136,3.049055,21.359349083333353,48.561284833333325,65.96672133333337,100.0
00:08:13.850512,1646357.0,629048,6511625.0,2487992,433977.0,165816,835479.0,319224,3.056677,20.720337916666672,49.589761916666674,66.62387633333331,100.0
00:08:19.917812,1650426.0,1251704,6207566.0,4707896,420910.0,319224,821494.0,623032,6.0673,20.409807250000004,48.57841491666665,65.656799,100.0
00:08:22.974145,1607175.0,614008,6118684.0,2337592,426152.0,162808,835573.0,319224,3.056333,20.409807250000004,48.57841491666665,65.656799,100.0
00:08:26.472111,1651922.0,722296,5855251.0,2560184,454902.0,198904,847029.0,370360,3.497966,25.855606249999997,55.462430083333324,71.05477625000003,100.0
00:08:32.539522,1448124.0,1098296,5204027.0,3946872,460564.0,349304,750089.0,568888,6.067411,31.179894201680664,61.03697588235295,75.89720159663865,100.0
00:08:35.595966,1197710.0,457592,3402207.0,1299832,457629.0,174840,709572.0,271096,3.056444,35.328662500000014,65.16011416666666,76.89461933333332,100.0
00:08:39.494199,908210.0,442552,2698395.0,1314872,402020.0,195896,618076.0,301176,3.898233,80.66473500000001,87.22470000000001,89.655135,100.0
