delta_t_s,1280x720_bitrate,1280x720_size_byte,1920x1080_bitrate,1920x1080_size_byte,426x240_bitrate,426x240_size_byte,854x480_bitrate,854x480_size_byte,seg_len_s,426x240_vmaf_score,854x480_vmaf_score,1280x720_vmaf_score,1920x1080_vmaf_score
00:00:03.068867,369522.0,141752,463618.0,177848,291109.0,111672,330316.0,126712,3.068867,34.95231173553718,69.98251123966945,81.83071140495865,100.0
00:00:09.123434,1149133.0,869688,2707145.0,2048824,485388.0,367352,731808.0,553848,6.054567,26.054799583333345,61.93101008333337,75.6016343333333,100.0
00:00:12.189378,1037023.0,397432,2363471.0,905784,456211.0,174840,683827.0,262072,3.065944,26.054799583333345,61.93101008333337,75.6016343333333,100.0
00:00:15.238879,1018941.0,388408,2265739.0,863672,458671.0,174840,687514.0,262072,3.049501,24.943867583333336,61.41436549999996,75.72365908333332,100.0
00:00:21.297290,1013356.0,767416,2224815.0,1684856,449332.0,340280,683680.0,517752,6.058411,30.102799416666677,65.28495841666667,77.44861058333339,100.0
00:00:24.343879,988321.0,376376,2133628.0,812536,459110.0,174840,696070.0,265080,3.046589,30.102799416666677,65.28495841666667,77.44861058333339,100.0
00:00:27.397223,1025540.0,391416,2199838.0,839608,481738.0,183864,694530.0,265080,3.053344,29.531127083333338,64.06796066666665,77.06191808333334,100.0
00:00:33.459490,949200.0,719288,2068591.0,1567544,433168.0,328248,659428.0,499704,6.062267,29.19567591666665,64.88890641666666,76.71153175000002,100.0
00:00:36.509924,955520.0,364344,2075717.0,791480,426976.0,162808,679415.0,259064,3.050434,29.19567591666665,64.88890641666666,76.71153175000002,100.0
00:00:39.567135,1008500.0,385400,2189184.0,836600,457515.0,174840,693651.0,265080,3.057211,29.326988083333337,64.70688891666664,77.29318674999999,100.0
00:00:45.633247,821655.0,623032,1789593.0,1356984,401158.0,304184,611407.0,463608,6.066112,29.073193999999997,63.550560000000004,76.55877033333336,100.0
00:00:48.687536,1025223.0,391416,2340975.0,893752,489467.0,186872,678557.0,259064,3.054289,29.073193999999997,63.550560000000004,76.55877033333336,100.0
00:00:51.748592,1030818.0,394424,2327939.0,890744,488385.0,186872,669196.0,256056,3.061056,27.92205525000001,60.910725583333296,76.09565758333336,100.0
00:00:56.818002,1025924.0,650104,2193662.0,1390072,470536.0,298168,707881.0,448568,5.06941,31.064859083333324,65.20084533333332,77.39893483333336,100.0
00:00:59.874047,985262.0,376376,2064032.0,788472,504934.0,192888,709664.0,271096,3.056045,28.709585166666663,63.51416924999999,76.34378533333334,100.0
00:01:05.938992,877361.0,665144,1853420.0,1405112,440912.0,334264,667072.0,505720,6.064945,33.73781875,68.13622491666666,77.96400083333329,100.0
00:01:08.992115,804925.0,307192,1711328.0,653112,418718.0,159800,615762.0,235000,3.053123,33.73781875,68.13622491666666,77.96400083333329,100.0
00:01:12.052004,755959.0,289144,1644629.0,629048,409928.0,156792,575079.0,219960,3.059889,32.09570725,66.53746074999997,77.50217974999997,100.0
00:01:18.120793,876806.0,665144,1891899.0,1435192,428737.0,325240,654754.0,496696,6.068789,32.09355950000001,67.76874575000002,78.41185308333333,100.0
00:01:21.177760,764553.0,292152,1685560.0,644088,402448.0,153784,591373.0,225976,3.056967,32.09355950000001,67.76874575000002,78.41185308333333,100.0
00:01:24.241505,888533.0,340280,1933173.0,740344,448684.0,171832,629336.0,241016,3.063745,30.809381157024802,65.4840517355372,77.33131495867768,100.0
00:01:30.290938,975081.0,737336,2120714.0,1603640,446021.0,337272,676739.0,511736,6.049433,28.425624166666676,63.409405333333325,76.33036525000001,100.0
00:01:33.351760,1007311.0,385400,2163016.0,827576,464837.0,177848,684971.0,262072,3.060822,28.425624166666676,63.409405333333325,76.33036525000001,100.0
00:01:38.988505,1140391.0,803512,2587626.0,1823224,534174.0,376376,743362.0,523768,5.636745,38.47002824999999,65.12260199999999,77.073449,100.0
00:01:42.054606,1107606.0,424504,2575257.0,987000,526824.0,201912,715185.0,274104,3.066101,40.41221766666664,65.55427008333335,77.93706708333333,100.0
00:01:45.104262,1105687.0,421496,2589144.0,987000,545446.0,207928,711151.0,271096,3.049656,40.41221766666664,65.55427008333335,77.93706708333333,100.0
00:01:51.162817,1132489.0,857656,2641812.0,2000696,536703.0,406456,711467.0,538808,6.058555,40.90121949999998,65.36141316666665,77.90037349999999,100.0
00:01:54.209551,1114646.0,424504,2583729.0,983992,538071.0,204920,719732.0,274104,3.046734,39.876787666666665,65.07244574999999,77.86931558333335,100.0
00:01:57.263052,1112176.0,424504,2585884.0,987000,521117.0,198904,710256.0,271096,3.053501,39.876787666666665,65.07244574999999,77.86931558333335,100.0
00:02:03.325463,1191309.0,902776,2767152.0,2096952,548270.0,415480,746739.0,565880,6.062411,38.720555,64.37682333333333,77.53412649999997,100.0
00:02:06.376041,1263120.0,481656,2951225.0,1125368,576834.0,219960,781931.0,298168,3.050578,37.5166994214876,64.18726793388429,77.78434198347107,100.0
00:02:09.433397,1244578.0,475640,2905328.0,1110328,544072.0,207928,772327.0,295160,3.057356,37.5166994214876,64.18726793388429,77.78434198347107,100.0
00:02:15.499664,1210386.0,917816,2816962.0,2136056,536021.0,406456,758165.0,574904,6.066267,38.61565200000002,64.89398324999998,77.4777149166667,100.0
00:02:18.220531,1124323.0,382392,2583623.0,878712,549448.0,186872,726333.0,247032,2.720867,36.571280249999994,64.01651649999998,77.21087383333332,100.0
00:02:21.273820,1183185.0,451576,2696402.0,1029112,529034.0,201912,741830.0,283128,3.053289,36.571280249999994,64.01651649999998,77.21087383333332,100.0
00:02:27.336032,1231043.0,932856,2890298.0,2190200,544318.0,412472,762641.0,577912,6.062212,36.784409,63.58895916666665,77.31251724999997,100.0
00:02:30.386409,1247426.0,475640,2975086.0,1134392,553206.0,210936,766205.0,292152,3.050377,37.88497683333335,63.677574250000006,77.32857599999996,100.0
00:02:33.443553,1213179.0,463608,2818944.0,1077240,559853.0,213944,756638.0,289144,3.057144,37.88497683333335,63.677574250000006,77.32857599999996,100.0
00:02:39.509607,984310.0,746360,2225979.0,1687864,476535.0,361336,666950.0,505720,6.066055,36.284680000000016,67.12601499999997,78.55497325000002,100.0
00:02:42.563842,1009483.0,385400,2270107.0,866680,457960.0,174840,662812.0,253048,3.054234,38.02029583333332,68.23533516666667,77.68266633333333,100.0
00:02:45.624831,794995.0,304184,1832714.0,701240,394058.0,150776,590596.0,225976,3.060989,38.02029583333332,68.23533516666667,77.68266633333333,100.0
00:02:51.694742,840963.0,638072,1954980.0,1483320,404871.0,307192,591202.0,448568,6.069911,36.71192183333333,66.39301641666667,77.62668916666665,100.0
00:02:54.752832,890176.0,340280,2117734.0,809528,425907.0,162808,622631.0,238008,3.05809,37.08252366666667,63.181539333333355,76.2155433333333,100.0
00:02:57.817688,1005985.0,385400,2419271.0,926840,479928.0,183864,644812.0,247032,3.064856,37.08252366666667,63.181539333333355,76.2155433333333,100.0
00:03:03.868222,982858.0,743352,2374867.0,1796152,453894.0,343288,632867.0,478648,6.050534,37.66841741666668,64.31941483333331,76.493822,100.0
00:03:06.930155,928354.0,355320,2209386.0,845624,456809.0,174840,613991.0,235000,3.061933,37.37404025000001,67.03007391666665,77.21000491666669,100.0
00:03:11.900578,843015.0,523768,2000119.0,1242680,402444.0,250040,600943.0,373368,4.970423,37.630652333333344,65.53879366666663,76.39752283333333,100.0
00:03:14.950523,995123.0,379384,2328529.0,887736,482274.0,183864,671634.0,256056,3.049945,37.630652333333344,65.53879366666663,76.39752283333333,100.0
00:03:18.007235,1000793.0,382392,2346992.0,896760,481207.0,183864,646529.0,247032,3.056712,37.325377666666675,63.641179,76.65589025,100.0
00:03:24.072846,1071662.0,812536,2527655.0,1916472,496406.0,376376,686836.0,520760,6.065611,36.98086200000001,62.50011466666668,75.33425050000004,100.0
00:03:27.126635,1072671.0,409464,2562000.0,977976,489547.0,186872,686549.0,262072,3.053789,36.98086200000001,62.50011466666668,75.33425050000004,100.0
00:03:30.187202,1030982.0,394424,2414799.0,923832,496326.0,189880,669303.0,256056,3.060567,38.79939274999999,64.22450649999998,76.53317683333334,100.0
00:03:36.256668,805342.0,611000,1856004.0,1408120,396971.0,301176,599174.0,454584,6.069467,38.427297916666696,68.5040265,77.70210333333333,100.0
00:03:39.314314,803734.0,307192,1889809.0,722296,402359.0,153784,599112.0,228984,3.057645,38.427297916666696,68.5040265,77.70210333333333,100.0
00:03:42.378725,1006131.0,385400,2231157.0,854648,464292.0,177848,684169.0,262072,3.064411,29.817883916666673,63.82205966666668,77.1234070833333,100.0
00:03:48.428836,1118159.0,845624,2506289.0,1895416,529497.0,400440,716437.0,541816,6.050111,32.38217208333332,61.14551741666664,76.01475366666665,100.0
00:03:51.123403,1126367.0,379384,2510604.0,845624,563741.0,189880,724491.0,244024,2.694567,32.38217208333332,61.14551741666664,76.01475366666665,100.0
00:03:57.176114,1173340.0,887736,2612557.0,1976632,549148.0,415480,743960.0,562872,6.052711,29.246690833333325,59.81365183333332,75.26968449999998,100.0
00:04:00.240226,1186860.0,454584,2639757.0,1011064,535019.0,204920,754917.0,289144,3.064112,31.01171583333333,59.964757500000026,75.2261859166667,100.0
00:04:03.287881,1256436.0,478648,2859305.0,1089272,593180.0,225976,798473.0,304184,3.047655,31.01171583333333,59.964757500000026,75.2261859166667,100.0
00:04:09.344448,1240137.0,938872,2809554.0,2127032,576611.0,436536,771298.0,583928,6.056567,31.589575250000006,60.40974816666665,75.44308833333335,100.0
00:04:12.412415,1240274.0,475640,2769782.0,1062200,589252.0,225976,785343.0,301176,3.067967,31.639862727272725,60.31841793388427,75.89052628099172,100.0
00:04:15.463926,1278506.0,487672,2879349.0,1098296,600316.0,228984,813236.0,310200,3.051511,31.639862727272725,60.31841793388427,75.89052628099172,100.0
00:04:21.524338,1195673.0,905784,2660856.0,2015736,564333.0,427512,750956.0,568888,6.060412,30.983835416666675,61.523802249999996,76.31566066666666,100.0
00:04:24.572927,1161329.0,442552,2661092.0,1014072,553530.0,210936,735081.0,280120,3.048589,34.08325066666667,61.42027383333338,75.74436599999999,100.0
00:04:27.628294,1150877.0,439544,2592180.0,990008,568054.0,216952,741326.0,283128,3.055367,34.08325066666667,61.42027383333338,75.74436599999999,100.0
00:04:33.692561,1183008.0,896760,2718687.0,2060856,552070.0,418488,746510.0,565880,6.064267,32.2352975,61.72751500000001,76.37143374999998,100.0
00:04:36.745005,1128328.0,430520,2515827.0,959928,521297.0,198904,726269.0,277112,3.052444,33.609381000000006,62.15040091666672,76.59920633333336,100.0
00:04:39.804216,1078636.0,412472,2400137.0,917816,520144.0,198904,701064.0,268088,3.059211,33.609381000000006,62.15040091666672,76.59920633333336,100.0
00:04:44.871927,1121238.0,710264,2503050.0,1585592,522928.0,331256,727113.0,460600,5.067711,30.91041991666666,61.31974416666665,75.91956316666668,100.0
00:04:47.926272,1127626.0,430520,2561533.0,977976,528851.0,201912,717938.0,274104,3.054345,30.91041991666666,61.31974416666665,75.91956316666668,100.0
00:04:53.989517,1250678.0,947896,2921556.0,2214264,579945.0,439544,790293.0,598968,6.063245,31.744647583333332,60.56576591666668,74.91949766666671,100.0
00:04:57.040940,1270657.0,484664,2974066.0,1134392,584561.0,222968,797487.0,304184,3.051423,33.01919842975204,60.2433881818182,75.05627322314045,100.0
00:05:00.099129,1252108.0,478648,2920274.0,1116344,567530.0,216952,787854.0,301176,3.058189,33.01919842975204,60.2433881818182,75.05627322314045,100.0
00:05:06.166229,1257816.0,953912,2923666.0,2217272,563711.0,427512,789791.0,598968,6.0671,30.808093833333313,59.68019958333335,74.8253875,100.0
00:05:09.221496,1143038.0,436536,2655275.0,1014072,505063.0,192888,709845.0,271096,3.055267,29.703126333333326,61.37173749999999,75.79617633333332,100.0
00:05:12.283541,1093355.0,418488,2437210.0,932856,496086.0,189880,708274.0,271096,3.062045,29.703126333333326,61.37173749999999,75.79617633333332,100.0
00:05:18.354496,444440.0,337272,931986.0,707256,226431.0,171832,305707.0,231992,6.070955,97.41489683333342,97.42205358333341,97.42525241666675,100.0
00:05:20.913263,76411.0,24440,76411.0,24440,67007.0,21432,67007.0,21432,2.558767,97.41489683333342,97.42205358333341,97.42525241666675,100.0
